3 0.65390625 0.53046875 0.11484375 0.17109375
3 0.61171875 0.646875 0.1 0.15234375
3 0.6125 0.7484375 0.10625 0.1609375
3 0.51328125 0.68046875 0.13046875 0.1859375
3 0.54921875 0.76796875 0.12421875 0.1828125
3 0.5078125 0.41328125 0.125 0.1890625
3 0.5109375 0.56484375 0.11484375 0.17265625
3 0.3828125 0.375 0.12265625 0.18046875
3 0.459375 0.15234375 0.134375 0.2140625
3 0.35546875 0.11640625 0.125 0.184375
5 0.62578125 0.31015625 0.10703125 0.14609375
5 0.5734375 0.36875 0.1015625 0.15625
5 0.44375 0.48203125 0.11171875 0.17265625
4 0.44296875 0.2859375 0.13828125 0.21015625
4 0.41015625 0.08828125 0.1296875 0.1765625