3 0.6953125 0.85390625 0.08828125 0.128125
3 0.5859375 0.87890625 0.0828125 0.12421875
3 0.67109375 0.65625 0.09453125 0.13671875
3 0.615625 0.5734375 0.08125 0.10625
3 0.5953125 0.4609375 0.10703125 0.1421875
3 0.35859375 0.503125 0.09296875 0.1328125
3 0.4125 0.3359375 0.0984375 0.1125
3 0.42421875 0.23125 0.1171875 0.13671875
3 0.540625 0.2390625 0.11484375 0.12890625
3 0.58125 0.125 0.121875 0.1515625
4 0.7609375 0.7875 0.08515625 0.08984375
4 0.578125 0.70703125 0.0625 0.08828125
4 0.7046875 0.50625 0.07578125 0.10703125
4 0.50078125 0.496875 0.0625 0.09453125
4 0.49453125 0.35234375 0.0703125 0.11171875
5 0.51640625 0.1375 0.07265625 0.103125
5 0.4359375 0.48359375 0.0640625 0.09765625
5 0.66640625 0.40546875 0.059375 0.07734375