3 0.37734375 0.87578125 0.0953125 0.140625
3 0.47890625 0.86484375 0.08984375 0.13515625
3 0.371875 0.69140625 0.10234375 0.14921875
3 0.41015625 0.60078125 0.0859375 0.11875
3 0.41328125 0.49375 0.1140625 0.1578125
3 0.63046875 0.459375 0.1 0.1453125
3 0.559375 0.32578125 0.1015625 0.1296875
3 0.53515625 0.23671875 0.121875 0.15625
3 0.43203125 0.27890625 0.11875 0.1484375
3 0.38046875 0.18828125 0.128125 0.1703125
4 0.309375 0.8359375 0.08671875 0.10546875
4 0.4625 0.70859375 0.0671875 0.096875
4 0.321875 0.56796875 0.08203125 0.1171875
4 0.503125 0.496875 0.06796875 0.103125
4 0.48828125 0.365625 0.07734375 0.11953125
5 0.440625 0.18046875 0.078125 0.1125
5 0.55859375 0.465625 0.06953125 0.10546875
5 0.3421875 0.46640625 0.0625 0.0859375