3 0.784375 0.55 0.1578125 0.23359375
3 0.68359375 0.53359375 0.11484375 0.17109375
3 0.6875 0.6453125 0.159375 0.234375
3 0.79375 0.83671875 0.15078125 0.21640625
3 0.57890625 0.23515625 0.13046875 0.19296875
3 0.525 0.3234375 0.1234375 0.17578125
3 0.559375 0.46171875 0.1171875 0.178125
3 0.44609375 0.5703125 0.13359375 0.1984375
3 0.453125 0.459375 0.125 0.17421875
4 0.51875 0.7109375 0.11171875 0.16328125
4 0.5375 0.61875 0.10234375 0.14765625
4 0.89609375 0.55234375 0.121875 0.1765625
4 0.83203125 0.6578125 0.0984375 0.146875