3 0.29765625 0.1796875 0.16484375 0.2453125
3 0.37109375 0.29609375 0.11953125 0.1796875
3 0.30625 0.36171875 0.16640625 0.2453125
3 0.1328125 0.34921875 0.15859375 0.22734375
3 0.60234375 0.2375 0.13671875 0.20234375
3 0.5875 0.36171875 0.1296875 0.184375
3 0.4890625 0.40546875 0.12265625 0.1859375
3 0.50078125 0.61640625 0.13984375 0.2078125
3 0.5578125 0.53671875 0.13046875 0.1828125
4 0.3765625 0.6140625 0.11640625 0.17109375
4 0.41640625 0.5328125 0.1078125 0.1546875
4 0.22578125 0.0671875 0.12734375 0.134375
4 0.2078125 0.1890625 0.103125 0.15390625