3 0.228125 0.71796875 0.17890625 0.26875
3 0.36953125 0.7234375 0.20390625 0.29453125
3 0.42734375 0.61796875 0.1875 0.2703125
3 0.4046875 0.45 0.13671875 0.221875
3 0.4171875 0.27578125 0.18359375 0.26953125
3 0.51640625 0.32578125 0.196875 0.275
3 0.59140625 0.178125 0.15546875 0.228125
3 0.64296875 0.5453125 0.18125 0.2640625
3 0.60234375 0.70390625 0.17578125 0.253125
3 0.7671875 0.5515625 0.16953125 0.24453125
3 0.87109375 0.46328125 0.1640625 0.2453125
4 0.50546875 0.1375 0.1234375 0.18828125