3 0.19296875 0.6515625 0.19375 0.290625
3 0.29453125 0.4890625 0.21953125 0.3203125
3 0.38984375 0.50234375 0.20234375 0.29296875
3 0.45625 0.6515625 0.14921875 0.23828125
3 0.55234375 0.76640625 0.19765625 0.29140625
3 0.60078125 0.61875 0.21171875 0.3
3 0.73046875 0.64375 0.1671875 0.24765625
3 0.58515625 0.31484375 0.1953125 0.28671875
3 0.4765625 0.24296875 0.1890625 0.275
3 0.67421875 0.171875 0.1828125 0.265625
3 0.79453125 0.1265625 0.17734375 0.253125
4 0.6859375 0.7703125 0.13359375 0.203125