3 0.75078125 0.2578125 0.1796875 0.26953125
3 0.615625 0.27265625 0.20390625 0.296875
3 0.56640625 0.3828125 0.1875 0.27265625
3 0.59921875 0.53984375 0.1390625 0.22109375
3 0.5984375 0.709375 0.18359375 0.27109375
3 0.5 0.67578125 0.1953125 0.27890625
3 0.4375 0.82890625 0.15546875 0.2296875
3 0.36484375 0.48359375 0.18125 0.26640625
3 0.39296875 0.32578125 0.175 0.25546875
3 0.2453125 0.49609375 0.16953125 0.246875
3 0.15078125 0.59609375 0.16484375 0.24609375
4 0.5234375 0.8546875 0.12421875 0.18828125