3 0.23359375 0.4390625 0.11328125 0.175
3 0.309375 0.43671875 0.11796875 0.15390625
3 0.30390625 0.30703125 0.13515625 0.1890625
3 0.3828125 0.34921875 0.11796875 0.1765625
3 0.47109375 0.3375 0.11953125 0.19609375
3 0.45546875 0.17890625 0.13671875 0.1859375
3 0.60546875 0.425 0.11953125 0.1765625
3 0.678125 0.3546875 0.1375 0.2078125
3 0.725 0.1953125 0.0953125 0.184375
5 0.7953125 0.40703125 0.10234375 0.13671875
5 0.79453125 0.31484375 0.096875 0.1359375
5 0.77109375 0.18984375 0.090625 0.16171875
5 0.75625 0.06875 0.0890625 0.134375
5 0.83828125 0.09140625 0.0828125 0.13984375