3 0.7609375 0.6640625 0.09609375 0.15078125
3 0.68515625 0.63984375 0.1046875 0.125
3 0.66953125 0.77109375 0.11796875 0.1578125
3 0.59765625 0.70078125 0.10078125 0.15078125
3 0.50703125 0.68046875 0.09921875 0.171875
3 0.496875 0.84453125 0.1203125 0.153125
3 0.3859375 0.54453125 0.103125 0.14921875
3 0.30234375 0.5890625 0.1171875 0.178125
3 0.23046875 0.73203125 0.07421875 0.16875
5 0.19296875 0.49453125 0.090625 0.1125
5 0.1796875 0.5875 0.084375 0.11328125
5 0.1828125 0.72109375 0.07265625 0.1453125
5 0.17890625 0.84765625 0.07578125 0.115625
5 0.1 0.7953125 0.06796875 0.1234375