3 0.35234375 0.7671875 0.146875 0.2265625
3 0.43359375 0.70234375 0.1546875 0.2171875
3 0.48671875 0.82890625 0.18359375 0.26328125
3 0.54375 0.6984375 0.15546875 0.22890625
3 0.62109375 0.609375 0.1703125 0.2609375
3 0.6890625 0.7578125 0.18828125 0.2578125
3 0.69296875 0.37890625 0.1515625 0.22890625
3 0.78671875 0.35625 0.1671875 0.25234375
3 0.91015625 0.44296875 0.12421875 0.21484375
5 0.86171875 0.190625 0.115625 0.18515625
5 0.90234375 0.27578125 0.09609375 0.1625
5 0.94609375 0.39453125 0.1 0.178125
5 0.97578125 0.53125 0.04765625 0.15078125