3 0.484375 0.0828125 0.1046875 0.14453125
3 0.5453125 0.1578125 0.125 0.1796875
3 0.6078125 0.26328125 0.11953125 0.17890625
3 0.678125 0.3109375 0.103125 0.153125
3 0.76171875 0.35390625 0.1125 0.1609375
3 0.69921875 0.4203125 0.1046875 0.1484375
3 0.41953125 0.48984375 0.1109375 0.16875
3 0.4703125 0.48515625 0.115625 0.17109375
3 0.46796875 0.58046875 0.08671875 0.125
3 0.54921875 0.54453125 0.1203125 0.171875
3 0.675 0.61484375 0.1078125 0.159375
3 0.68671875 0.6859375 0.1046875 0.1546875
4 0.5390625 0.32109375 0.11171875 0.16640625
5 0.60390625 0.61875 0.08125 0.1265625
5 0.6015625 0.50625 0.0953125 0.13828125