3 0.7171875 0.49453125 0.13125 0.20546875
3 0.63828125 0.54453125 0.140625 0.19375
3 0.66953125 0.6765625 0.1671875 0.23515625
3 0.57265625 0.66328125 0.14140625 0.20546875
3 0.48359375 0.6953125 0.153125 0.2359375
3 0.51640625 0.85546875 0.17265625 0.228125
3 0.33046875 0.63828125 0.13671875 0.20703125
3 0.26484375 0.728125 0.15078125 0.228125
3 0.234375 0.90625 0.10859375 0.1859375
5 0.140625 0.71171875 0.103125 0.16875
5 0.1578125 0.80625 0.084375 0.14921875
5 0.18984375 0.92109375 0.0875 0.1578125
5 0.2265625 0.99453125 0.078125 0.01015625