3 0.725 0.5203125 0.13046875 0.20625
3 0.640625 0.5625 0.1421875 0.19140625
3 0.665625 0.70234375 0.16796875 0.23359375
3 0.56640625 0.6765625 0.14140625 0.2046875
3 0.47265625 0.69921875 0.153125 0.23671875
3 0.49765625 0.86875 0.175 0.225
3 0.31796875 0.62265625 0.13671875 0.20703125
3 0.24453125 0.70625 0.15078125 0.228125
3 0.20390625 0.89375 0.10625 0.203125
5 0.11796875 0.675 0.10234375 0.17109375
5 0.13046875 0.775 0.0828125 0.1515625
5 0.15703125 0.90078125 0.08515625 0.16875
5 0.1875 0.98671875 0.0765625 0.0265625