3 0.72421875 0.54296875 0.115625 0.165625
3 0.6609375 0.6375 0.125 0.18828125
3 0.61171875 0.43828125 0.11328125 0.18515625
3 0.5484375 0.46640625 0.09140625 0.140625
3 0.5078125 0.5390625 0.09921875 0.146875
3 0.47734375 0.3734375 0.1078125 0.15390625
3 0.4734375 0.43046875 0.1046875 0.13984375
3 0.39765625 0.340625 0.11796875 0.18125
3 0.50234375 0.29296875 0.11171875 0.1546875
3 0.4328125 0.6140625 0.090625 0.13125
3 0.4359375 0.728125 0.103125 0.159375
3 0.37890625 0.68359375 0.11953125 0.16640625
3 0.371875 0.5578125 0.09453125 0.1390625
3 0.37890625 0.47578125 0.090625 0.10546875
3 0.32578125 0.56015625 0.09765625 0.159375
3 0.2578125 0.5546875 0.10703125 0.1609375
3 0.14375 0.45078125 0.11953125 0.18125
3 0.21171875 0.71796875 0.0984375 0.13828125
5 0.67890625 0.47421875 0.078125 0.11328125
4 0.221875 0.453125 0.09453125 0.13671875
4 0.26015625 0.70390625 0.08515625 0.1265625
4 0.69375 0.284375 0.084375 0.11875