3 0.06875 0.51875 0.12421875 0.19609375
3 0.1 0.37265625 0.1296875 0.2078125
3 0.1484375 0.52109375 0.14140625 0.2140625
3 0.1125 0.6390625 0.12734375 0.16484375
3 0.2328125 0.484375 0.13359375 0.20078125
3 0.3 0.26171875 0.13125 0.2
3 0.40390625 0.58203125 0.1609375 0.2328125
3 0.40625 0.15390625 0.1234375 0.17421875
3 0.5296875 0.1921875 0.12421875 0.18203125
3 0.478125 0.08125 0.14453125 0.1625
3 0.565625 0.096875 0.07734375 0.1125
4 0.28046875 0.60546875 0.1203125 0.1640625
4 0.221875 0.29921875 0.1140625 0.165625
4 0.50234375 0.6546875 0.12734375 0.18515625
4 0.63828125 0.121875 0.09609375 0.1078125
5 0.6546875 0.24765625 0.109375 0.16171875
5 0.14453125 0.73984375 0.08828125 0.1140625
5 0.41171875 0.428125 0.109375 0.1578125
5 0.39375 0.3375 0.11328125 0.1484375
5 0.43515625 0.71484375 0.08125 0.11796875