3 0.7015625 0.87734375 0.10546875 0.1328125
3 0.6125 0.8671875 0.1234375 0.16953125
3 0.5078125 0.8296875 0.115625 0.171875
3 0.42265625 0.85390625 0.1 0.14765625
3 0.32578125 0.8953125 0.11171875 0.1515625
3 0.3546875 0.77265625 0.1046875 0.13828125
3 0.584375 0.43515625 0.10703125 0.16328125
3 0.53984375 0.4890625 0.11328125 0.16328125
3 0.50078125 0.3984375 0.0859375 0.11796875
3 0.44140625 0.5109375 0.1203125 0.1609375
3 0.29296875 0.56875 0.1046875 0.15234375
3 0.25078125 0.5140625 0.10234375 0.1484375
4 0.546875 0.709375 0.1078125 0.16015625
5 0.35703125 0.4953125 0.07734375 0.125
5 0.40859375 0.59765625 0.09453125 0.13046875