3 0.54609375 0.87890625 0.16171875 0.21484375
3 0.51953125 0.58125 0.1546875 0.240625
3 0.3703125 0.303125 0.18046875 0.2515625
3 0.4984375 0.3828125 0.140625 0.221875
3 0.50390625 0.2484375 0.178125 0.23046875
3 0.62421875 0.30859375 0.20390625 0.28828125
3 0.690625 0.5078125 0.1796875 0.24921875
5 0.346875 0.50625 0.13828125 0.2171875
5 0.440625 0.4640625 0.1140625 0.1828125
5 0.4265625 0.63046875 0.09921875 0.17734375
5 0.52421875 0.68984375 0.1015625 0.109375
5 0.62265625 0.56015625 0.090625 0.1390625
5 0.68125 0.61640625 0.1171875 0.17109375