3 0.38984375 0.8265625 0.16171875 0.22109375
3 0.4859375 0.578125 0.1578125 0.24296875
3 0.4796875 0.2359375 0.18125 0.2578125
3 0.54609375 0.4078125 0.14296875 0.2234375
3 0.60234375 0.3109375 0.17734375 0.23828125
3 0.67109375 0.4625 0.20546875 0.29453125
3 0.64375 0.67109375 0.18046875 0.25546875
5 0.3828125 0.36953125 0.140625 0.21953125
5 0.4703125 0.41953125 0.11640625 0.18359375
5 0.3953125 0.53359375 0.10234375 0.17578125
5 0.44609375 0.66484375 0.09921875 0.115625
5 0.57109375 0.6515625 0.0921875 0.140625
5 0.59453125 0.7453125 0.11875 0.17421875