3 0.56953125 0.13046875 0.15625 0.2
3 0.5078125 0.4203125 0.14609375 0.2296875
3 0.56640625 0.77265625 0.1734375 0.23671875
3 0.47109375 0.6171875 0.13203125 0.2125
3 0.428125 0.73671875 0.171875 0.21484375
3 0.334375 0.60390625 0.1953125 0.271875
3 0.33046875 0.378125 0.17265625 0.234375
5 0.64609375 0.60078125 0.13046875 0.2078125
5 0.54765625 0.57890625 0.1078125 0.175
5 0.6078125 0.43515625 0.09140625 0.171875
5 0.5359375 0.31796875 0.1 0.0984375
5 0.4078125 0.3734375 0.0859375 0.13203125
5 0.36953125 0.284375 0.11171875 0.16171875