3 0.5265625 0.8390625 0.1390625 0.18046875
3 0.51484375 0.5734375 0.13125 0.20546875
3 0.39296875 0.315625 0.1546875 0.21328125
3 0.503125 0.39609375 0.11875 0.18984375
3 0.51328125 0.278125 0.153125 0.19453125
3 0.61796875 0.34140625 0.175 0.24453125
3 0.66875 0.5234375 0.15390625 0.2109375
5 0.36484375 0.49296875 0.1171875 0.1859375
5 0.44921875 0.46328125 0.096875 0.15625
5 0.43046875 0.609375 0.0828125 0.153125
5 0.51484375 0.6703125 0.08828125 0.090625
5 0.60625 0.5640625 0.07734375 0.11875
5 0.65625 0.61875 0.1 0.14609375