3 0.6296875 0.76875 0.15859375 0.2359375
3 0.55703125 0.6640625 0.11171875 0.1984375
3 0.48984375 0.6328125 0.159375 0.2328125
3 0.32890625 0.5390625 0.15234375 0.22265625
3 0.52890625 0.4859375 0.16484375 0.23671875
3 0.5984375 0.36875 0.13046875 0.20390625
3 0.60546875 0.175 0.14453125 0.2296875
3 0.521875 0.1109375 0.1375 0.221875
5 0.62265625 0.9203125 0.1171875 0.15859375
5 0.32734375 0.70546875 0.140625 0.20390625
5 0.54765625 0.33828125 0.115625 0.17421875
5 0.6453125 0.63046875 0.134375 0.18671875