3 0.21953125 0.9734375 0.040625 0.05234375
3 0.24921875 0.9359375 0.0125 0.01796875
3 0.26015625 0.93671875 0.01640625 0.02265625
3 0.296875 0.98828125 0.025 0.02265625
3 0.3671875 0.959375 0.01875 0.028125
3 0.390625 0.9234375 0.01796875 0.0265625
3 0.421875 0.9515625 0.02421875 0.034375
3 0.45703125 0.8671875 0.01484375 0.021875
3 0.440625 0.7953125 0.02109375 0.02890625
3 0.17265625 0.909375 0.021875 0.03203125
3 0.16875 0.85546875 0.01640625 0.0234375
3 0.17109375 0.828125 0.01875 0.02578125
3 0.1828125 0.82109375 0.01640625 0.02421875
3 0.2046875 0.815625 0.01640625 0.02265625
3 0.2015625 0.790625 0.01484375 0.02109375
3 0.203125 0.75859375 0.01640625 0.02265625
3 0.1078125 0.72734375 0.01328125 0.01796875
3 0.115625 0.72265625 0.01171875 0.01640625
3 0.1125 0.73828125 0.0125 0.0171875
3 0.1078125 0.68671875 0.01484375 0.021875
3 0.2265625 0.684375 0.02265625 0.034375
3 0.234375 0.66328125 0.0203125 0.03046875
3 0.24765625 0.67890625 0.0234375 0.03515625
3 0.2484375 0.61953125 0.02421875 0.0359375
3 0.27890625 0.6859375 0.0140625 0.02109375
3 0.29921875 0.66875 0.0140625 0.02421875
3 0.28125 0.66875 0.0109375 0.01796875
3 0.3046875 0.3828125 0.025 0.03828125
3 0.3203125 0.36640625 0.025 0.0375
3 0.3296875 0.42109375 0.028125 0.03984375
3 0.3328125 0.36953125 0.021875 0.0328125
3 0.36171875 0.30234375 0.02578125 0.03828125
3 0.41796875 0.29453125 0.0125 0.01953125
3 0.4296875 0.2859375 0.01171875 0.015625
3 0.4265625 0.29921875 0.01171875 0.01640625
3 0.42578125 0.3296875 0.01484375 0.021875
3 0.43984375 0.30703125 0.01171875 0.01640625
3 0.44765625 0.3203125 0.0109375 0.015625
3 0.54921875 0.1859375 0.0234375 0.03203125
3 0.60625 0.00625 0.021875 0.0125
3 0.59375 0.0078125 0.01953125 0.015625
3 0.6078125 0.21171875 0.0171875 0.0265625
3 0.5984375 0.2046875 0.0171875 0.02421875
3 0.62578125 0.19453125 0.0171875 0.025
3 0.61796875 0.26484375 0.01953125 0.028125
3 0.596875 0.30078125 0.01796875 0.025
3 0.59140625 0.31796875 0.01796875 0.0265625
3 0.70625 0.25390625 0.01875 0.0265625
3 0.7828125 0.14765625 0.0171875 0.0265625
3 0.74765625 0.2171875 0.01171875 0.01875
3 0.7234375 0.2875 0.01953125 0.028125
3 0.7359375 0.2765625 0.015625 0.0234375
3 0.73046875 0.3 0.0171875 0.02421875
3 0.753125 0.2875 0.01796875 0.0265625
3 0.76171875 0.2765625 0.015625 0.021875
3 0.753125 0.2609375 0.015625 0.021875
3 0.68828125 0.3875 0.01796875 0.02578125
3 0.6984375 0.3875 0.01328125 0.01796875
3 0.703125 0.390625 0.0125 0.01796875
3 0.71171875 0.37734375 0.0140625 0.0203125
3 0.7125 0.39453125 0.0140625 0.01953125
3 0.7640625 0.384375 0.01015625 0.015625
3 0.765625 0.36953125 0.0109375 0.015625
3 0.75703125 0.36640625 0.01171875 0.0171875
3 0.76953125 0.42421875 0.0125 0.01875
3 0.775 0.409375 0.01171875 0.01796875
3 0.80390625 0.27578125 0.01484375 0.02109375
3 0.80390625 0.2890625 0.0140625 0.0203125
3 0.83984375 0.33359375 0.01171875 0.0171875
3 0.85390625 0.303125 0.0140625 0.021875
3 0.80546875 0.21328125 0.0125 0.01953125
3 0.80703125 0.24765625 0.0125 0.01796875
3 0.69375 0.49453125 0.01328125 0.0203125
3 0.709375 0.503125 0.015625 0.02265625
3 0.69296875 0.47265625 0.0125 0.01875
3 0.7359375 0.503125 0.01328125 0.01953125
3 0.740625 0.48671875 0.0140625 0.0203125
3 0.71953125 0.52421875 0.0125 0.0171875
3 0.71484375 0.534375 0.0125 0.0171875
3 0.8515625 0.4546875 0.01328125 0.0203125
3 0.83203125 0.4484375 0.0109375 0.0171875
3 0.88125 0.3796875 0.01171875 0.01796875
3 0.721875 0.63125 0.01640625 0.02421875
3 0.728125 0.6125 0.0125 0.01796875
3 0.52890625 0.30859375 0.0203125 0.0296875
3 0.55078125 0.33046875 0.02265625 0.03359375
3 0.56875 0.3125 0.0234375 0.034375
3 0.553125 0.39375 0.0203125 0.03046875
3 0.5875 0.39765625 0.01640625 0.02421875
3 0.59140625 0.415625 0.01796875 0.028125
3 0.59140625 0.3859375 0.015625 0.021875
3 0.5796875 0.36328125 0.01796875 0.02578125
3 0.565625 0.365625 0.01796875 0.025
3 0.60546875 0.40859375 0.01875 0.02734375
3 0.60625 0.39375 0.015625 0.02265625
3 0.53671875 0.47421875 0.01953125 0.028125
3 0.54609375 0.47109375 0.01875 0.028125
3 0.53984375 0.44375 0.015625 0.02265625
3 0.5328125 0.40390625 0.015625 0.02265625
3 0.5375 0.42109375 0.01796875 0.025
3 0.496875 0.44609375 0.0125 0.0171875
3 0.49453125 0.40625 0.01953125 0.0296875
3 0.46171875 0.3546875 0.0140625 0.0203125
3 0.4171875 0.3796875 0.0140625 0.01875
3 0.40546875 0.38125 0.01328125 0.0203125
3 0.428125 0.4140625 0.015625 0.02265625
3 0.39140625 0.4703125 0.015625 0.02265625
3 0.396875 0.48125 0.01640625 0.0234375
3 0.38359375 0.4828125 0.01484375 0.02109375
3 0.37109375 0.49375 0.0140625 0.0203125
3 0.3703125 0.534375 0.01484375 0.02265625
3 0.4 0.53984375 0.01875 0.028125
3 0.32890625 0.55546875 0.015625 0.02265625
3 0.45234375 0.5703125 0.01640625 0.02421875
3 0.4609375 0.56171875 0.015625 0.02265625
3 0.46484375 0.55 0.01796875 0.02734375
3 0.5109375 0.5640625 0.01640625 0.02265625
3 0.53984375 0.66484375 0.01484375 0.021875
3 0.540625 0.65 0.01484375 0.02109375
3 0.575 0.59609375 0.01953125 0.028125
3 0.5109375 0.6625 0.0171875 0.02421875
3 0.490625 0.6890625 0.01875 0.02578125
3 0.4578125 0.70546875 0.01484375 0.01953125
3 0.428125 0.58828125 0.0203125 0.028125
3 0.36796875 0.7234375 0.0140625 0.0203125
3 0.38671875 0.6765625 0.0140625 0.02109375
3 0.37265625 0.73671875 0.01484375 0.0203125
3 0.38125 0.75546875 0.0125 0.01796875
3 0.39609375 0.775 0.01953125 0.0296875
3 0.39765625 0.815625 0.0140625 0.0203125
3 0.415625 0.8140625 0.01484375 0.0203125
3 0.60546875 0.59609375 0.0125 0.01953125
3 0.6125 0.6078125 0.01484375 0.021875
3 0.615625 0.5921875 0.0125 0.01875
3 0.60390625 0.60703125 0.01171875 0.01640625
3 0.6125 0.675 0.01796875 0.0265625
3 0.60078125 0.74296875 0.0109375 0.01640625
3 0.53359375 0.7671875 0.01171875 0.01640625
5 0.3453125 0.7984375 0.01484375 0.02265625
5 0.353125 0.80234375 0.01484375 0.02265625
5 0.38203125 0.81875 0.0140625 0.0203125
5 0.3890625 0.828125 0.0125 0.0171875
5 0.40625 0.7484375 0.01015625 0.015625
5 0.41015625 0.73984375 0.01015625 0.01484375
5 0.41640625 0.74609375 0.009375 0.01328125
5 0.4234375 0.746875 0.01015625 0.015625
5 0.42265625 0.76015625 0.009375 0.0140625
5 0.43515625 0.77109375 0.0109375 0.0171875
5 0.415625 0.73203125 0.00859375 0.01328125
5 0.42109375 0.72421875 0.01015625 0.0140625
5 0.4234375 0.7359375 0.0078125 0.01171875
5 0.4484375 0.8296875 0.01328125 0.0203125
5 0.4734375 0.8484375 0.01171875 0.01640625
5 0.42890625 0.89375 0.01015625 0.0140625
5 0.3890625 0.9109375 0.0109375 0.01640625
5 0.36796875 0.9078125 0.01015625 0.015625
5 0.1828125 0.8015625 0.01171875 0.015625
5 0.1890625 0.81171875 0.0125 0.01796875
5 0.18203125 0.77265625 0.0125 0.01796875
5 0.21171875 0.6453125 0.01484375 0.02109375