3 0.6296875 0.36171875 0.02734375 0.03828125
3 0.64609375 0.44375 0.02265625 0.0359375
3 0.59609375 0.38984375 0.02890625 0.03359375
3 0.55078125 0.39921875 0.02109375 0.028125
3 0.56015625 0.4171875 0.0203125 0.03125
3 0.5421875 0.41484375 0.02265625 0.03671875
3 0.53515625 0.4640625 0.02109375 0.03203125
3 0.51796875 0.4796875 0.0171875 0.025
3 0.51640625 0.5 0.0140625 0.01953125
3 0.51484375 0.51953125 0.01484375 0.021875
3 0.59765625 0.475 0.0203125 0.02578125
3 0.61015625 0.47265625 0.0203125 0.028125
3 0.47421875 0.40703125 0.02578125 0.040625
3 0.596875 0.14765625 0.0296875 0.04453125
3 0.58125 0.1703125 0.02890625 0.0453125
3 0.571875 0.18515625 0.03046875 0.0484375
3 0.27421875 0.628125 0.0234375 0.034375
3 0.25234375 0.63515625 0.02421875 0.0359375
3 0.26953125 0.653125 0.02265625 0.03203125
3 0.22578125 0.675 0.021875 0.0296875
3 0.27734375 0.56015625 0.0265625 0.03515625
3 0.35625 0.68515625 0.0203125 0.02890625
3 0.3125 0.6859375 0.01953125 0.028125
5 0.6515625 0.10234375 0.02421875 0.0359375
5 0.63515625 0.1171875 0.021875 0.03203125
5 0.61328125 0.103125 0.021875 0.03203125
5 0.6140625 0.1578125 0.0203125 0.028125
5 0.6125 0.20234375 0.0203125 0.03125
5 0.5921875 0.20078125 0.021875 0.03203125
5 0.603125 0.175 0.01953125 0.028125