3 0.6625 0.39140625 0.0265625 0.0359375
3 0.66796875 0.48671875 0.02109375 0.03515625
3 0.621875 0.4109375 0.0296875 0.0296875
3 0.57109375 0.40625 0.02109375 0.0265625
3 0.578125 0.42890625 0.01875 0.03046875
3 0.55859375 0.4203125 0.02109375 0.0359375
3 0.54375 0.471875 0.0203125 0.03046875
3 0.52265625 0.4828125 0.0171875 0.0234375
3 0.51796875 0.50390625 0.01328125 0.01875
3 0.5140625 0.52578125 0.01484375 0.02109375
3 0.61015625 0.5046875 0.0203125 0.0234375
3 0.62421875 0.50625 0.01953125 0.02578125
3 0.4859375 0.38828125 0.02421875 0.03984375
3 0.65859375 0.14765625 0.028125 0.04296875
3 0.63828125 0.1671875 0.02734375 0.04453125
3 0.62578125 0.18046875 0.02890625 0.046875
3 0.234375 0.5625 0.02265625 0.0328125
3 0.21015625 0.5625 0.02421875 0.034375
3 0.2265625 0.58828125 0.02265625 0.03046875
3 0.175 0.596875 0.021875 0.02734375
3 0.2484375 0.48984375 0.0265625 0.03359375
3 0.315625 0.65234375 0.0203125 0.028125
3 0.26875 0.63828125 0.01875 0.0265625
5 0.725 0.11640625 0.02421875 0.034375
5 0.7046875 0.12734375 0.021875 0.03046875
5 0.68359375 0.1046875 0.02109375 0.03046875
5 0.67578125 0.1640625 0.01953125 0.0265625
5 0.66796875 0.2125 0.01953125 0.03046875
5 0.6453125 0.20390625 0.02109375 0.03046875
5 0.6609375 0.1796875 0.01875 0.02734375