3 0.1078125 0.2203125 0.03828125 0.0546875
3 0.11796875 0.17421875 0.03203125 0.04921875
3 0.15703125 0.23125 0.03671875 0.05703125
3 0.33046875 0.96015625 0.0265625 0.0375
3 0.30625 0.9625 0.028125 0.0375
3 0.33828125 0.72109375 0.0265625 0.04375
3 0.36328125 0.73984375 0.0265625 0.04453125
5 0.17109375 0.16953125 0.03125 0.03984375
5 0.31796875 0.64140625 0.021875 0.028125
5 0.32578125 0.6625 0.01953125 0.02734375
5 0.34296875 0.65625 0.01953125 0.02734375
5 0.35078125 0.68046875 0.02421875 0.0375