3 0.89453125 0.6453125 0.07421875 0.1125
3 0.85390625 0.57578125 0.071875 0.0953125
3 0.77421875 0.54609375 0.0625 0.08828125
3 0.57890625 0.5765625 0.07890625 0.11875
3 0.5421875 0.521875 0.07734375 0.11484375
3 0.45078125 0.6265625 0.05078125 0.078125
3 0.41171875 0.62578125 0.04921875 0.08203125
3 0.4 0.72109375 0.04609375 0.0671875
5 0.85078125 0.71875 0.06015625 0.08671875
5 0.87109375 0.7640625 0.05 0.07421875
5 0.76328125 0.4984375 0.04921875 0.07109375
5 0.73046875 0.53359375 0.04453125 0.06953125
5 0.5515625 0.70390625 0.05078125 0.07109375