3 0.91171875 0.78984375 0.1078125 0.153125
3 0.846875 0.7 0.08359375 0.1015625
3 0.815625 0.78515625 0.096875 0.125
3 0.68203125 0.790625 0.08828125 0.1125
3 0.3890625 0.55234375 0.10390625 0.1484375
3 0.3 0.58984375 0.09375 0.153125
3 0.17734375 0.246875 0.07890625 0.1265625
3 0.1125 0.2359375 0.0875 0.1359375
5 0.91484375 0.5453125 0.07421875 0.11015625
5 0.8796875 0.64375 0.07578125 0.10078125
5 0.85546875 0.53203125 0.06328125 0.09765625
5 0.64375 0.55 0.059375 0.08359375
5 0.60859375 0.7796875 0.065625 0.09296875
5 0.64765625 0.865625 0.07265625 0.096875
5 0.3984375 0.32265625 0.0734375 0.11484375
5 0.31875 0.39765625 0.05234375 0.075
5 0.203125 0.32578125 0.05859375 0.08828125