3 0.94453125 0.4359375 0.109375 0.1921875
3 0.87421875 0.49296875 0.09765625 0.13359375
3 0.8609375 0.3953125 0.115625 0.16015625
3 0.7328125 0.3296875 0.1046875 0.14453125
3 0.4 0.42578125 0.12578125 0.18515625
3 0.321875 0.3484375 0.11953125 0.18515625
3 0.1328125 0.625 0.1 0.1546875
3 0.06796875 0.6046875 0.109375 0.165625
5 0.9078125 0.675 0.09140625 0.1359375
5 0.89375 0.5625 0.09140625 0.12734375
5 0.84765625 0.66015625 0.078125 0.1203125
5 0.64609375 0.54453125 0.07265625 0.10390625
5 0.65859375 0.30703125 0.07890625 0.11640625
5 0.71484375 0.240625 0.0875 0.1234375
5 0.3625 0.653125 0.090625 0.13984375
5 0.30078125 0.54296875 0.0640625 0.09296875
5 0.17421875 0.56015625 0.07265625 0.1078125