3 0.14296875 0.41171875 0.0703125 0.1015625
3 0.2140625 0.3890625 0.06484375 0.08828125
3 0.209375 0.45234375 0.05703125 0.08203125
3 0.271875 0.3453125 0.0609375 0.08046875
3 0.4546875 0.38828125 0.06484375 0.1015625
3 0.5 0.33828125 0.06953125 0.0953125
3 0.6671875 0.58125 0.05234375 0.0875
3 0.61875 0.490625 0.053125 0.08125
3 0.6515625 0.48125 0.05546875 0.090625
5 0.48046875 0.51015625 0.05546875 0.08203125
5 0.13125 0.5359375 0.0421875 0.06640625
5 0.16015625 0.55703125 0.0375 0.059375
5 0.184375 0.540625 0.04609375 0.0671875
5 0.17890625 0.47578125 0.05078125 0.0796875
5 0.31015625 0.32890625 0.03828125 0.06015625
5 0.28046875 0.29375 0.0515625 0.06796875
5 0.321875 0.46328125 0.03828125 0.05625
5 0.52421875 0.44765625 0.03125 0.0453125
5 0.50546875 0.47734375 0.02734375 0.0421875
5 0.59765625 0.45703125 0.03828125 0.05703125