3 0.8953125 0.571875 0.078125 0.11328125
3 0.81953125 0.60234375 0.07109375 0.0984375
3 0.821875 0.53359375 0.06328125 0.09140625
3 0.75859375 0.6546875 0.0671875 0.08984375
3 0.55859375 0.6234375 0.07265625 0.1125
3 0.5109375 0.6828125 0.07734375 0.10703125
3 0.3203125 0.4328125 0.05859375 0.096875
3 0.37578125 0.52734375 0.059375 0.08984375
3 0.340625 0.540625 0.06171875 0.1
5 0.52578125 0.49453125 0.06171875 0.09140625
5 0.90390625 0.4359375 0.046875 0.0734375
5 0.871875 0.41484375 0.0421875 0.065625
5 0.84609375 0.43515625 0.0515625 0.075
5 0.8546875 0.50546875 0.05625 0.08828125
5 0.71796875 0.67578125 0.04296875 0.06640625
5 0.7515625 0.7109375 0.05703125 0.0765625
5 0.7 0.53125 0.0421875 0.0625
5 0.48046875 0.565625 0.034375 0.05
5 0.5 0.53203125 0.03046875 0.046875
5 0.40078125 0.5625 0.0421875 0.06328125