3 0.64921875 0.45 0.07578125 0.1
3 0.659375 0.59921875 0.0671875 0.0953125
3 0.565625 0.55390625 0.0703125 0.0984375
3 0.47109375 0.4640625 0.0609375 0.090625
3 0.409375 0.5546875 0.07265625 0.11015625
3 0.36640625 0.584375 0.06171875 0.090625
4 0.60859375 0.609375 0.05703125 0.08671875
4 0.54140625 0.51015625 0.04921875 0.0640625
4 0.615625 0.41640625 0.0515625 0.0703125
5 0.665625 0.48203125 0.05234375 0.07578125
5 0.6359375 0.5171875 0.0515625 0.078125
5 0.596875 0.50390625 0.0390625 0.05703125
5 0.6296875 0.5734375 0.0484375 0.06796875
5 0.52421875 0.57109375 0.05 0.078125
5 0.46171875 0.5203125 0.03828125 0.0578125
5 0.3625 0.48125 0.04765625 0.071875