3 0.334375 0.58828125 0.090625 0.12265625
3 0.31171875 0.41484375 0.08125 0.11640625
3 0.425 0.45390625 0.08515625 0.1203125
3 0.540625 0.5453125 0.07421875 0.11015625
3 0.60703125 0.42890625 0.08828125 0.134375
3 0.65546875 0.3875 0.07421875 0.11015625
4 0.37109375 0.39609375 0.06953125 0.1046875
4 0.45546875 0.5015625 0.05859375 0.0796875
4 0.375 0.62265625 0.0625 0.0859375
5 0.3125 0.553125 0.0625 0.0921875
5 0.3453125 0.50703125 0.06328125 0.09453125
5 0.39140625 0.51796875 0.04765625 0.06875
5 0.3484375 0.44140625 0.0578125 0.08359375
5 0.471875 0.42734375 0.0609375 0.09453125
5 0.5484375 0.47734375 0.04609375 0.0703125
5 0.66796875 0.5078125 0.0578125 0.0875