3 0.628125 0.45625 0.090625 0.12734375
3 0.64453125 0.62734375 0.0859375 0.12265625
3 0.5390625 0.58359375 0.0828125 0.1234375
3 0.42890625 0.4890625 0.0640625 0.09921875
3 0.3578125 0.59375 0.084375 0.125
3 0.3125 0.6375 0.07890625 0.11796875
5 0.64921875 0.4890625 0.0671875 0.0953125
5 0.5921875 0.42265625 0.065625 0.0984375
5 0.61484375 0.5359375 0.05859375 0.08828125
5 0.571875 0.525 0.05 0.07578125
5 0.61171875 0.60078125 0.053125 0.078125
5 0.48984375 0.60625 0.06171875 0.09453125
5 0.41875 0.5484375 0.0421875 0.06171875
5 0.29921875 0.5171875 0.05390625 0.0796875
4 0.58984375 0.646875 0.059375 0.0984375
4 0.51015625 0.534375 0.059375 0.08046875