3 0.6578125 0.53984375 0.1046875 0.1921875
3 0.5578125 0.34296875 0.1265625 0.19765625
3 0.49375 0.45703125 0.11953125 0.21171875
5 0.61328125 0.85 0.0953125 0.16640625
5 0.56328125 0.690625 0.09453125 0.17109375
5 0.5484375 0.53828125 0.090625 0.13359375
5 0.58515625 0.43984375 0.07734375 0.11328125
5 0.53984375 0.76640625 0.07578125 0.13984375
5 0.3921875 0.92734375 0.0734375 0.13359375
5 0.4046875 0.77109375 0.07265625 0.13359375
5 0.31328125 0.81484375 0.07890625 0.13984375
5 0.2828125 0.5890625 0.08125 0.15078125
5 0.21171875 0.55703125 0.07578125 0.125
5 0.13671875 0.5734375 0.0921875 0.1640625
5 0.17265625 0.4046875 0.05390625 0.096875