3 0.79921875 0.9515625 0.078125 0.09453125
3 0.81953125 0.78359375 0.071875 0.10390625
3 0.84375 0.6625 0.08671875 0.1265625
3 0.81640625 0.4875 0.09140625 0.13359375
3 0.846875 0.4046875 0.084375 0.10390625
3 0.88046875 0.390625 0.07890625 0.103125
3 0.58359375 0.4984375 0.078125 0.1078125
3 0.25 0.528125 0.071875 0.1203125
3 0.27109375 0.5875 0.0578125 0.0671875
3 0.27109375 0.34921875 0.07265625 0.11015625
3 0.17578125 0.35390625 0.07421875 0.11015625
5 0.7546875 0.97890625 0.05 0.0390625
5 0.7609375 0.93203125 0.0453125 0.07734375
5 0.68828125 0.7765625 0.04921875 0.08203125
5 0.70703125 0.8203125 0.04375 0.0671875
5 0.753125 0.60703125 0.05625 0.08671875
5 0.70625 0.62109375 0.05234375 0.08984375
5 0.81171875 0.56953125 0.0453125 0.0671875
5 0.7890625 0.56484375 0.03984375 0.078125
5 0.76640625 0.484375 0.0453125 0.06484375
5 0.78203125 0.4421875 0.04296875 0.0609375
5 0.75234375 0.340625 0.0515625 0.08125
5 0.38359375 0.603125 0.053125 0.078125
5 0.3484375 0.62578125 0.053125 0.084375
5 0.38515625 0.52109375 0.04609375 0.06953125
5 0.3453125 0.5234375 0.04140625 0.0640625
5 0.2953125 0.52734375 0.05078125 0.0859375
5 0.17734375 0.43515625 0.04140625 0.0640625
5 0.103125 0.4 0.04921875 0.075
4 0.321875 0.57265625 0.065625 0.0953125
4 0.71328125 0.33671875 0.0328125 0.0734375
4 0.7015625 0.265625 0.0671875 0.09296875