3 0.53203125 0.59609375 0.1015625 0.15390625
3 0.47890625 0.64375 0.0671875 0.08828125
3 0.55078125 0.6703125 0.096875 0.10859375
3 0.58671875 0.35078125 0.09296875 0.125
3 0.70234375 0.45625 0.1015625 0.1484375
3 0.15859375 0.21953125 0.06015625 0.1265625
3 0.92578125 0.3109375 0.11875 0.1703125
4 0.4171875 0.57890625 0.09296875 0.1375
5 0.359375 0.61484375 0.07578125 0.10625
5 0.32734375 0.5515625 0.07578125 0.10078125
5 0.35859375 0.45390625 0.07421875 0.1046875
5 0.4140625 0.4859375 0.06328125 0.084375
5 0.47578125 0.5515625 0.0796875 0.12265625
5 0.65703125 0.553125 0.06953125 0.1046875
5 0.77109375 0.5828125 0.06875 0.096875
5 0.9234375 0.49375 0.06484375 0.11015625