3 0.55859375 0.24375 0.109375 0.178125
3 0.1765625 0.56640625 0.090625 0.13828125
3 0.30234375 0.50390625 0.08046875 0.1296875
3 0.3546875 0.71640625 0.10546875 0.14453125
3 0.38046875 0.79140625 0.11171875 0.16171875
3 0.47890625 0.81484375 0.11015625 0.1546875
3 0.52109375 0.7296875 0.09765625 0.1484375
3 0.5484375 0.57421875 0.11484375 0.16328125
3 0.49296875 0.4703125 0.10703125 0.16171875
3 0.50546875 0.353125 0.09140625 0.14296875
3 0.5640625 0.35078125 0.11484375 0.159375
3 0.55859375 0.453125 0.09609375 0.1515625
3 0.61640625 0.509375 0.10859375 0.1796875
3 0.67265625 0.209375 0.10703125 0.16953125
3 0.61875 0.1546875 0.115625 0.16953125
3 0.69140625 0.509375 0.08046875 0.1296875
3 0.69375 0.59765625 0.07890625 0.1296875
3 0.628125 0.68125 0.09453125 0.1484375
3 0.6921875 0.70703125 0.08828125 0.14609375
3 0.6484375 0.78359375 0.09140625 0.13984375
3 0.79140625 0.7234375 0.06328125 0.11640625
3 0.73359375 0.896875 0.06640625 0.11015625
3 0.85 0.86015625 0.08671875 0.1328125
3 0.73984375 0.73359375 0.0625 0.11328125
5 0.45234375 0.30234375 0.07265625 0.1046875
5 0.41328125 0.359375 0.06953125 0.10625
5 0.3859375 0.3625 0.06484375 0.09296875
5 0.325 0.48984375 0.059375 0.09453125
5 0.44921875 0.55234375 0.07734375 0.1234375
5 0.46875 0.6421875 0.065625 0.1
5 0.39609375 0.6265625 0.06171875 0.09453125
5 0.43359375 0.709375 0.078125 0.1078125
5 0.6265625 0.38984375 0.06875 0.125