3 0.39375 0.34453125 0.0796875 0.1203125
3 0.3359375 0.66171875 0.06328125 0.090625
3 0.62578125 0.6546875 0.08359375 0.12109375
3 0.61875 0.70390625 0.07578125 0.09453125
3 0.70859375 0.51875 0.05546875 0.075
3 0.7390625 0.56640625 0.05625 0.0796875
3 0.78046875 0.503125 0.0578125 0.0796875
3 0.825 0.4484375 0.07578125 0.1203125
3 0.46171875 0.24296875 0.05625 0.0734375
5 0.17734375 0.27109375 0.05703125 0.08125
5 0.21953125 0.2265625 0.0484375 0.07109375
5 0.2671875 0.19765625 0.05 0.05625
5 0.315625 0.30546875 0.0515625 0.0734375
5 0.35234375 0.265625 0.0453125 0.06484375
5 0.17734375 0.38515625 0.05859375 0.08125
5 0.1453125 0.41640625 0.0640625 0.090625
5 0.2359375 0.4203125 0.05546875 0.078125
5 0.28203125 0.3921875 0.05234375 0.06875
5 0.18046875 0.509375 0.06015625 0.07734375
5 0.175 0.5953125 0.0546875 0.075
5 0.271875 0.51875 0.04375 0.075
5 0.31015625 0.46640625 0.040625 0.0625
5 0.17109375 0.78515625 0.05703125 0.08203125
5 0.20078125 0.8734375 0.05546875 0.0859375
5 0.27890625 0.89140625 0.05390625 0.075
5 0.38984375 0.8625 0.059375 0.08828125
5 0.27109375 0.68359375 0.05 0.07109375
5 0.440625 0.64296875 0.0578125 0.0921875
5 0.47265625 0.75625 0.05078125 0.08359375
5 0.45 0.8171875 0.0578125 0.090625
5 0.503125 0.51875 0.05234375 0.07265625
5 0.5796875 0.4140625 0.05546875 0.0859375
5 0.6109375 0.3375 0.053125 0.084375
5 0.71484375 0.2140625 0.053125 0.07265625
5 0.840625 0.35703125 0.05859375 0.0921875
5 0.8703125 0.2640625 0.05390625 0.10390625
5 0.77421875 0.44140625 0.04921875 0.075
5 0.6828125 0.28828125 0.03984375 0.05859375
4 0.64921875 0.47109375 0.06875 0.10390625
5 0.6484375 0.54296875 0.0640625 0.08828125
5 0.51640625 0.60390625 0.05625 0.06953125
5 0.446875 0.6859375 0.04296875 0.04921875
5 0.46796875 0.6140625 0.03828125 0.0640625
5 0.56015625 0.72109375 0.04921875 0.0671875