3 0.321875 0.7078125 0.09296875 0.13828125
3 0.340625 0.84375 0.09609375 0.12890625
3 0.37109375 0.7828125 0.10546875 0.15
3 0.36875 0.62578125 0.10390625 0.153125
3 0.24765625 0.37265625 0.08984375 0.13046875
3 0.38359375 0.3125 0.10078125 0.1390625
3 0.4265625 0.28203125 0.115625 0.1625
3 0.51953125 0.38984375 0.115625 0.16484375
3 0.5125 0.4921875 0.09609375 0.1390625
3 0.45625 0.62109375 0.11640625 0.17109375
3 0.41484375 0.7125 0.09296875 0.140625
3 0.46953125 0.74140625 0.09296875 0.15390625
3 0.54921875 0.64453125 0.0796875 0.1234375
3 0.71328125 0.72421875 0.06953125 0.09375
3 0.60546875 0.734375 0.071875 0.10859375
3 0.8765625 0.5375 0.09921875 0.14609375
5 0.26796875 0.6859375 0.0765625 0.10625
5 0.3 0.79609375 0.0796875 0.1203125
5 0.246875 0.56484375 0.06328125 0.0890625
5 0.278125 0.42890625 0.0671875 0.10234375
5 0.3734375 0.41171875 0.06640625 0.09765625
5 0.38359375 0.5296875 0.084375 0.121875
5 0.43046875 0.48125 0.07734375 0.10390625
5 0.446875 0.4078125 0.0828125 0.11953125
5 0.6234375 0.1671875 0.07265625 0.1046875