3 0.56796875 0.121875 0.0890625 0.1328125
3 0.5546875 0.21640625 0.0984375 0.12421875
3 0.54609375 0.31171875 0.0796875 0.11171875
3 0.58828125 0.33671875 0.07421875 0.1078125
3 0.553125 0.40703125 0.10546875 0.140625
3 0.484375 0.3578125 0.0921875 0.14140625
3 0.8234375 0.4640625 0.07421875 0.10546875
3 0.69140625 0.5578125 0.08203125 0.1171875
3 0.565625 0.54453125 0.084375 0.11875
3 0.58984375 0.6109375 0.09609375 0.10625
3 0.52109375 0.57265625 0.07421875 0.14140625
3 0.38515625 0.59140625 0.08203125 0.11640625
3 0.32578125 0.6078125 0.071875 0.1125
3 0.3125 0.52890625 0.0671875 0.0953125
3 0.31484375 0.4453125 0.05859375 0.1
3 0.4171875 0.13984375 0.096875 0.1328125
3 0.28046875 0.6265625 0.04921875 0.08359375
3 0.21171875 0.63828125 0.06171875 0.0921875
3 0.15234375 0.7484375 0.06875 0.0921875
5 0.63359375 0.20078125 0.0625 0.09453125
5 0.678125 0.26796875 0.05625 0.0828125
5 0.64296875 0.27109375 0.04765625 0.071875
5 0.621875 0.40546875 0.0671875 0.09609375
5 0.60234375 0.48984375 0.0671875 0.090625
5 0.63046875 0.54140625 0.0703125 0.1015625
5 0.65859375 0.4828125 0.06171875 0.09296875
5 0.73359375 0.36171875 0.05546875 0.08046875
5 0.490625 0.1765625 0.0578125 0.0875
5 0.4921875 0.22421875 0.0515625 0.07890625
5 0.46953125 0.271875 0.06875 0.10625