3 0.15546875 0.971875 0.065625 0.05546875
3 0.23984375 0.79765625 0.0859375 0.1109375
3 0.33046875 0.85859375 0.08515625 0.10546875
3 0.359375 0.95703125 0.07265625 0.084375
3 0.33125 0.77734375 0.08203125 0.11640625
3 0.346875 0.69453125 0.07109375 0.10078125
3 0.40703125 0.696875 0.07265625 0.11015625
3 0.465625 0.69609375 0.06484375 0.109375
3 0.43984375 0.58359375 0.07890625 0.11640625
3 0.3359375 0.41953125 0.0609375 0.09453125
3 0.18125 0.34921875 0.06796875 0.0953125
3 0.18984375 0.28515625 0.078125 0.09609375
3 0.27265625 0.3046875 0.075 0.10234375
3 0.21484375 0.1640625 0.07734375 0.1125
3 0.5140625 0.4984375 0.0453125 0.07734375
3 0.66875 0.30078125 0.07890625 0.12109375
5 0.31171875 0.78984375 0.053125 0.06328125
5 0.28359375 0.74453125 0.04453125 0.071875
5 0.34296875 0.5265625 0.059375 0.07890625
5 0.2984375 0.44765625 0.0578125 0.09375
5 0.315625 0.27734375 0.0484375 0.075