3 0.21796875 0.0359375 0.06171875 0.071875
3 0.2828125 0.21015625 0.08046875 0.10703125
3 0.3671875 0.165625 0.0796875 0.1015625
3 0.3984375 0.08125 0.06796875 0.08203125
3 0.36328125 0.23828125 0.07734375 0.1109375
3 0.3734375 0.31484375 0.0671875 0.09609375
3 0.4265625 0.31953125 0.06875 0.10390625
3 0.4796875 0.3265625 0.0625 0.10234375
3 0.45 0.42421875 0.075 0.11015625
3 0.34921875 0.559375 0.0578125 0.08984375
3 0.2078125 0.60390625 0.06484375 0.090625
3 0.21171875 0.6625 0.07265625 0.09296875
3 0.28671875 0.6546875 0.0703125 0.09765625
3 0.228125 0.7734375 0.0734375 0.10703125
3 0.5125 0.509375 0.04296875 0.071875
3 0.640625 0.70390625 0.075 0.11484375
5 0.346875 0.225 0.04921875 0.06171875
5 0.31875 0.2625 0.0421875 0.06796875
5 0.3609375 0.4640625 0.05546875 0.07578125
5 0.3171875 0.5296875 0.05546875 0.08828125
5 0.32421875 0.68359375 0.04609375 0.07109375