3 0.603125 0.16171875 0.090625 0.1375
3 0.64765625 0.25234375 0.1203125 0.178125
3 0.70546875 0.253125 0.08828125 0.13125
3 0.57109375 0.33984375 0.08984375 0.13828125
3 0.5953125 0.390625 0.11015625 0.16171875
3 0.5734375 0.51171875 0.11640625 0.17109375
3 0.6265625 0.5421875 0.0875 0.15078125
3 0.48828125 0.5765625 0.09296875 0.13203125
3 0.55625 0.628125 0.09609375 0.14296875
3 0.59453125 0.72734375 0.09609375 0.1515625
3 0.53046875 0.7421875 0.1234375 0.184375
3 0.47890625 0.6578125 0.10625 0.1609375
3 0.26328125 0.69921875 0.09453125 0.14453125
3 0.4890625 0.78828125 0.10625 0.14609375
3 0.5 0.88984375 0.115625 0.16171875
5 0.453125 0.4875 0.07578125 0.1140625
5 0.36484375 0.55625 0.07265625 0.1078125
5 0.32265625 0.6234375 0.06875 0.1
5 0.4328125 0.72578125 0.07890625 0.11796875
5 0.371875 0.80625 0.0875 0.1234375
5 0.53515625 0.4203125 0.075 0.1140625
5 0.65234375 0.38359375 0.06796875 0.10390625