3 0.82421875 0.66328125 0.12890625 0.20625
3 0.759375 0.6171875 0.134375 0.2171875
3 0.7546875 0.87109375 0.1375 0.1984375
3 0.43203125 0.16015625 0.14609375 0.2390625
3 0.32734375 0.1421875 0.14609375 0.23046875
3 0.26953125 0.090625 0.17578125 0.18125
3 0.31484375 0.4 0.16328125 0.2265625
3 0.253125 0.26875 0.16484375 0.234375
3 0.38828125 0.4390625 0.06015625 0.090625
3 0.1234375 0.45859375 0.09609375 0.14609375
3 0.2078125 0.46484375 0.1375 0.203125
3 0.065625 0.57109375 0.11796875 0.171875
5 0.4859375 0.21484375 0.17421875 0.2609375