3 0.44609375 0.6015625 0.1109375 0.15078125
3 0.3234375 0.67578125 0.10625 0.13828125
3 0.2875 0.56484375 0.1109375 0.14765625
3 0.6984375 0.478125 0.084375 0.1125
3 0.78828125 0.2734375 0.0875 0.11484375
3 0.70859375 0.315625 0.08828125 0.1171875
5 0.7 0.67578125 0.05390625 0.0875
5 0.64921875 0.6703125 0.07734375 0.11328125
5 0.63671875 0.56953125 0.0625 0.09375
5 0.62421875 0.46640625 0.06484375 0.090625
5 0.66484375 0.43828125 0.07421875 0.096875
5 0.55625 0.721875 0.05859375 0.0828125
5 0.58515625 0.6421875 0.05703125 0.09296875
5 0.3546875 0.47734375 0.0734375 0.1109375
5 0.35703125 0.7984375 0.07109375 0.1