3 0.55625 0.59453125 0.10546875 0.14375
3 0.67265625 0.66171875 0.10078125 0.13203125
3 0.70546875 0.55703125 0.10546875 0.140625
3 0.3171875 0.48359375 0.08046875 0.1078125
3 0.23046875 0.2921875 0.0828125 0.11015625
3 0.30625 0.33046875 0.084375 0.11171875
5 0.3171875 0.6703125 0.0515625 0.0828125
5 0.36484375 0.6640625 0.0734375 0.1078125
5 0.3765625 0.56875 0.059375 0.0890625
5 0.3875 0.4703125 0.06171875 0.08671875
5 0.3484375 0.4453125 0.0703125 0.0921875
5 0.453125 0.7109375 0.05546875 0.07890625
5 0.425 0.6359375 0.05390625 0.0890625
5 0.64140625 0.4765625 0.0703125 0.10625
5 0.64140625 0.778125 0.0671875 0.0953125