3 0.2875 0.41171875 0.10546875 0.1390625
3 0.375 0.22421875 0.10546875 0.153125
3 0.4484375 0.4078125 0.10234375 0.15
3 0.50625 0.64296875 0.0828125 0.11953125
3 0.63203125 0.6265625 0.1015625 0.14765625
3 0.7046875 0.64609375 0.0859375 0.12734375
5 0.30078125 0.49453125 0.07265625 0.1015625
5 0.35234375 0.35859375 0.06484375 0.090625
5 0.2953125 0.3546875 0.07734375 0.115625
5 0.38671875 0.2984375 0.0703125 0.090625
5 0.38515625 0.42421875 0.05234375 0.0859375
5 0.5125 0.44453125 0.06640625 0.10546875
5 0.54921875 0.596875 0.0546875 0.084375
5 0.64609375 0.7875 0.065625 0.09453125
4 0.45 0.49296875 0.07421875 0.09765625
4 0.43515625 0.28125 0.08203125 0.1234375