3 0.3296875 0.64296875 0.0984375 0.13828125
3 0.428125 0.77890625 0.10078125 0.1484375
3 0.46875 0.60078125 0.09765625 0.1453125
3 0.48828125 0.3828125 0.07890625 0.115625
3 0.5984375 0.3609375 0.096875 0.14296875
3 0.65703125 0.3234375 0.08203125 0.12265625
5 0.33125 0.56796875 0.06875 0.09921875
5 0.3921875 0.66953125 0.0609375 0.08828125
5 0.34375 0.6890625 0.07421875 0.11171875
5 0.4296875 0.71171875 0.06484375 0.090625
5 0.41171875 0.6046875 0.0515625 0.08046875
5 0.51875 0.55078125 0.06484375 0.1
5 0.53046875 0.41015625 0.05234375 0.08046875
5 0.58984375 0.21953125 0.0625 0.0921875
4 0.459375 0.52734375 0.06953125 0.096875
4 0.47265625 0.7125 0.07890625 0.11796875