3 0.3203125 0.35546875 0.10390625 0.1453125
3 0.42421875 0.2125 0.10625 0.15703125
3 0.46640625 0.40078125 0.103125 0.153125
3 0.4875 0.63046875 0.0828125 0.12265625
3 0.603125 0.653125 0.10234375 0.15078125
3 0.665625 0.69296875 0.08671875 0.12890625
5 0.321875 0.43515625 0.07265625 0.10390625
5 0.3859375 0.328125 0.06484375 0.09375
5 0.33515625 0.30703125 0.078125 0.11796875
5 0.42578125 0.284375 0.06875 0.0953125
5 0.40703125 0.39609375 0.0546875 0.08515625
5 0.51953125 0.453125 0.06875 0.10546875
5 0.53203125 0.60234375 0.05546875 0.08515625
5 0.59453125 0.803125 0.06640625 0.096875
4 0.45703125 0.478125 0.0734375 0.10234375
4 0.47109375 0.2828125 0.0828125 0.125