3 0.31015625 0.56953125 0.06015625 0.07890625
3 0.403125 0.51875 0.06328125 0.08359375
3 0.3453125 0.4234375 0.0578125 0.084375
3 0.49921875 0.66015625 0.04921875 0.07265625
3 0.55859375 0.615625 0.0625 0.09609375
3 0.6125 0.6046875 0.0515625 0.08125
4 0.43046875 0.56875 0.04921875 0.0578125
4 0.39296875 0.440625 0.0453125 0.071875
5 0.28984375 0.52890625 0.04453125 0.0640625
5 0.32265625 0.51875 0.04140625 0.0546875
5 0.36171875 0.54765625 0.034375 0.05390625
5 0.34453125 0.61875 0.0421875 0.05390625
5 0.35390625 0.4671875 0.0375 0.05859375
5 0.45390625 0.528125 0.04140625 0.0671875
5 0.6125 0.71015625 0.04140625 0.06171875
5 0.6078125 0.6609375 0.0328125 0.05078125