3 0.67734375 0.48984375 0.11796875 0.1671875
3 0.6734375 0.40625 0.13984375 0.1625
3 0.53203125 0.34375 0.14140625 0.20703125
3 0.4640625 0.465625 0.11640625 0.16484375
3 0.55546875 0.64296875 0.11484375 0.1921875
5 0.4328125 0.571875 0.0921875 0.146875
5 0.43046875 0.265625 0.103125 0.1671875
5 0.24765625 0.6640625 0.096875 0.15078125
5 0.3671875 0.48046875 0.08984375 0.1328125
4 0.71953125 0.5765625 0.1359375 0.16953125
4 0.49921875 0.40625 0.11015625 0.16171875
4 0.3453125 0.59375 0.1078125 0.17421875
4 0.36875 0.72578125 0.1078125 0.15
4 0.39453125 0.39296875 0.125 0.17734375