3 0.45703125 0.44765625 0.10859375 0.15234375
3 0.42890625 0.1453125 0.10390625 0.14609375
3 0.6625 0.30703125 0.1140625 0.17734375
3 0.75 0.634375 0.13203125 0.184375
4 0.38671875 0.3875 0.0765625 0.1125
4 0.5921875 0.465625 0.0828125 0.1171875
5 0.36015625 0.178125 0.08046875 0.12265625
5 0.55546875 0.3609375 0.075 0.10390625
5 0.59453125 0.3890625 0.075 0.11796875
5 0.64296875 0.43515625 0.06484375 0.09609375
5 0.69140625 0.490625 0.0546875 0.0828125
5 0.7 0.5890625 0.078125 0.09453125
5 0.76796875 0.51640625 0.09296875 0.128125
5 0.775 0.41171875 0.07109375 0.10546875
5 0.725 0.3828125 0.075 0.11015625
5 0.75625 0.30078125 0.07578125 0.10546875
5 0.85703125 0.32421875 0.0828125 0.12109375