3 0.53125 0.6140625 0.0953125 0.13203125
3 0.4515625 0.86484375 0.0921875 0.1265625
3 0.328125 0.5671875 0.09921875 0.15625
3 0.37109375 0.25390625 0.115625 0.1609375
4 0.56484375 0.71328125 0.0671875 0.096875
4 0.43515625 0.5 0.0734375 0.1015625
5 0.51484375 0.89140625 0.0703125 0.10703125
5 0.42734375 0.60625 0.06640625 0.09140625
5 0.40703125 0.55625 0.065625 0.10390625
5 0.3859375 0.48515625 0.05703125 0.0828125
5 0.36796875 0.40546875 0.046875 0.0734375
5 0.39375 0.325 0.06953125 0.08046875
5 0.31796875 0.3296875 0.0828125 0.11015625
5 0.27890625 0.403125 0.06171875 0.09296875
5 0.30703125 0.46171875 0.065625 0.09609375
5 0.2546875 0.50078125 0.06640625 0.09140625
5 0.1859375 0.4078125 0.071875 0.10546875