3 0.478125 0.60625 0.0828125 0.10859375
3 0.51484375 0.88515625 0.07890625 0.103125
3 0.68671875 0.63671875 0.0828125 0.13203125
3 0.69765625 0.31015625 0.1015625 0.1296875
4 0.42890625 0.6921875 0.0578125 0.08046875
4 0.5921875 0.53046875 0.0625 0.0828125
5 0.44765625 0.8875 0.06015625 0.08984375
5 0.58203125 0.6390625 0.05703125 0.075
5 0.6109375 0.59609375 0.0546875 0.0890625
5 0.64375 0.53359375 0.04765625 0.0703125
5 0.67578125 0.4625 0.0390625 0.06328125
5 0.66328125 0.371875 0.06171875 0.06171875
5 0.7375 0.40546875 0.07109375 0.08984375
5 0.7640625 0.49375 0.0515625 0.07734375
5 0.72578125 0.54140625 0.05625 0.08046875
5 0.7703125 0.6 0.05703125 0.07578125
5 0.8546875 0.53359375 0.06171875 0.0875