3 0.64921875 0.278125 0.06484375 0.08828125
3 0.659375 0.33671875 0.06875 0.08359375
3 0.7484375 0.37578125 0.05703125 0.06953125
3 0.46015625 0.4390625 0.06015625 0.09921875
3 0.3921875 0.47109375 0.071875 0.109375
3 0.2796875 0.44140625 0.08125 0.11640625
3 0.2921875 0.528125 0.08125 0.1078125
3 0.30078125 0.6109375 0.07421875 0.11171875
4 0.68984375 0.2609375 0.04921875 0.08359375
5 0.6328125 0.37890625 0.06015625 0.0796875
5 0.41953125 0.453125 0.053125 0.09453125
5 0.31171875 0.3625 0.0515625 0.07109375
5 0.34921875 0.3859375 0.03671875 0.0640625
5 0.3265625 0.421875 0.046875 0.06953125
5 0.36328125 0.4984375 0.04765625 0.07265625
5 0.26015625 0.625 0.04375 0.0640625
5 0.20703125 0.6015625 0.04375 0.07109375