3 0.62578125 0.79453125 0.071875 0.1015625
3 0.6421875 0.73671875 0.07578125 0.09765625
3 0.7375 0.71875 0.06171875 0.08203125
3 0.45078125 0.58359375 0.06953125 0.11015625
3 0.384375 0.53359375 0.08125 0.12109375
3 0.26640625 0.53515625 0.090625 0.13203125
3 0.28828125 0.45 0.08984375 0.1234375
3 0.30703125 0.36796875 0.08359375 0.125
4 0.665625 0.821875 0.05625 0.0921875
5 0.6203125 0.68671875 0.06796875 0.0921875
5 0.41015625 0.55859375 0.06171875 0.103125
5 0.290625 0.6234375 0.05625 0.08125
5 0.33203125 0.609375 0.0421875 0.07109375
5 0.31171875 0.5671875 0.05234375 0.078125
5 0.35859375 0.49921875 0.05390625 0.08203125
5 0.26640625 0.34375 0.04921875 0.07265625
5 0.21015625 0.3546875 0.05078125 0.0796875