3 0.50390625 0.559375 0.03984375 0.05546875
3 0.4828125 0.5640625 0.03203125 0.0515625
3 0.46484375 0.515625 0.03828125 0.053125
3 0.45625 0.4703125 0.03984375 0.0546875
3 0.4109375 0.8265625 0.02890625 0.028125
3 0.353125 0.740625 0.0296875 0.04765625
3 0.3328125 0.75625 0.03125 0.0515625
3 0.34140625 0.72578125 0.0265625 0.03671875
3 0.26171875 0.77421875 0.03515625 0.04453125
5 0.53046875 0.7796875 0.0265625 0.03671875
5 0.5078125 0.7640625 0.0265625 0.03828125
5 0.4953125 0.76953125 0.01875 0.034375
5 0.490625 0.71640625 0.01953125 0.028125
5 0.46953125 0.67578125 0.02109375 0.0296875
5 0.47734375 0.65390625 0.021875 0.03125
5 0.46640625 0.62734375 0.01875 0.02578125
5 0.4859375 0.625 0.02109375 0.021875
5 0.4890625 0.60234375 0.015625 0.0234375
5 0.47421875 0.58984375 0.025 0.034375
5 0.4453125 0.6046875 0.0171875 0.02734375
5 0.38828125 0.78984375 0.01796875 0.02890625
5 0.39140625 0.76796875 0.0203125 0.0265625
5 0.34140625 0.790625 0.021875 0.02890625
5 0.31875 0.7890625 0.02109375 0.0296875
5 0.30859375 0.76875 0.01484375 0.0203125
5 0.3609375 0.7078125 0.025 0.03359375
5 0.353125 0.67109375 0.01953125 0.0265625
5 0.3234375 0.6953125 0.025 0.034375
5 0.3046875 0.65703125 0.0234375 0.03203125
5 0.32265625 0.64375 0.021875 0.0328125
5 0.31015625 0.5984375 0.01953125 0.025
5 0.35 0.62734375 0.02265625 0.0296875
5 0.32421875 0.565625 0.02265625 0.03359375
5 0.24296875 0.4796875 0.0234375 0.034375
5 0.26640625 0.4765625 0.0203125 0.0296875
5 0.25234375 0.4375 0.02578125 0.03671875
4 0.4046875 0.75 0.03203125 0.0390625
5 0.66875 0.35859375 0.02578125 0.03828125
5 0.6390625 0.31328125 0.02109375 0.03125
5 0.61484375 0.2921875 0.02265625 0.03359375
5 0.5921875 0.22421875 0.02421875 0.0375
5 0.29140625 0.5765625 0.021875 0.034375