3 0.50390625 0.559375 0.040625 0.0578125
3 0.52421875 0.5609375 0.03359375 0.053125
3 0.53984375 0.5109375 0.03984375 0.05625
3 0.54609375 0.46484375 0.04140625 0.0578125
3 0.61015625 0.81015625 0.0296875 0.03125
3 0.6625 0.71796875 0.03125 0.05
3 0.68359375 0.73046875 0.0328125 0.053125
3 0.6734375 0.7015625 0.028125 0.03828125
3 0.7546875 0.7390625 0.03671875 0.046875
5 0.48984375 0.77890625 0.02734375 0.0390625
5 0.51171875 0.7609375 0.028125 0.040625
5 0.52421875 0.76484375 0.0203125 0.03515625
5 0.52578125 0.71171875 0.0203125 0.0296875
5 0.54453125 0.66875 0.021875 0.03125
5 0.53515625 0.6484375 0.02265625 0.03203125
5 0.54453125 0.62109375 0.01953125 0.02734375
5 0.52578125 0.62109375 0.021875 0.0234375
5 0.5203125 0.59921875 0.01640625 0.025
5 0.53515625 0.58515625 0.02578125 0.0359375
5 0.5640625 0.5953125 0.01796875 0.028125
5 0.63046875 0.77109375 0.01875 0.03046875
5 0.6265625 0.74921875 0.02109375 0.028125
5 0.67734375 0.765625 0.02265625 0.03046875
5 0.69921875 0.7609375 0.021875 0.03125
5 0.70859375 0.73984375 0.015625 0.021875
5 0.653125 0.68671875 0.02578125 0.03515625
5 0.659375 0.64921875 0.0203125 0.028125
5 0.6890625 0.66953125 0.02578125 0.03671875
5 0.70625 0.6296875 0.02421875 0.03359375
5 0.68671875 0.61796875 0.02265625 0.034375
5 0.696875 0.571875 0.01953125 0.0265625
5 0.659375 0.60625 0.0234375 0.03203125
5 0.68125 0.5421875 0.02421875 0.034375
5 0.75625 0.44609375 0.02421875 0.0359375
5 0.7328125 0.446875 0.02109375 0.03125
5 0.74453125 0.40625 0.02734375 0.03828125
4 0.6125 0.734375 0.0328125 0.04140625
5 0.33046875 0.3828125 0.02734375 0.03984375
5 0.35625 0.33359375 0.021875 0.0328125
5 0.37890625 0.31015625 0.0234375 0.03515625
5 0.39765625 0.23984375 0.025 0.0390625
5 0.71484375 0.5484375 0.02265625 0.03515625