3 0.21640625 0.87578125 0.04453125 0.06171875
3 0.28515625 0.6625 0.046875 0.06796875
3 0.25 0.68671875 0.0328125 0.046875
3 0.284375 0.74765625 0.05234375 0.07578125
3 0.34296875 0.753125 0.0484375 0.07109375
3 0.446875 0.8625 0.04765625 0.06796875
3 0.446875 0.79140625 0.040625 0.0625
3 0.42578125 0.72265625 0.04375 0.06640625
3 0.403125 0.7375 0.04296875 0.0625
3 0.4234375 0.66875 0.04453125 0.06640625
3 0.4453125 0.63203125 0.040625 0.0640625
3 0.465625 0.62265625 0.04140625 0.065625
3 0.48046875 0.6140625 0.04453125 0.071875
3 0.49375 0.590625 0.0390625 0.06171875
3 0.4734375 0.696875 0.0375 0.05859375
3 0.396875 0.58359375 0.0421875 0.059375
3 0.37421875 0.4953125 0.05390625 0.0796875
3 0.4265625 0.48515625 0.0546875 0.08046875
3 0.41640625 0.52109375 0.04453125 0.06015625
3 0.44375 0.534375 0.03515625 0.05078125
3 0.45 0.58125 0.03828125 0.05546875
3 0.47890625 0.4734375 0.04140625 0.059375
3 0.271875 0.51796875 0.0375 0.0546875
3 0.2828125 0.5625 0.05390625 0.078125
3 0.31875 0.471875 0.05078125 0.071875
3 0.3359375 0.503125 0.03828125 0.0546875
3 0.0671875 0.55625 0.0625 0.09609375
3 0.25859375 0.38984375 0.06484375 0.0890625
3 0.6953125 0.23671875 0.0546875 0.084375
3 0.6609375 0.16640625 0.0390625 0.0578125
3 0.7078125 0.146875 0.03125 0.04765625
3 0.72421875 0.21015625 0.03515625 0.0515625
3 0.740625 0.1953125 0.0234375 0.04375
4 0.41015625 0.8296875 0.0328125 0.046875
5 0.39453125 0.68359375 0.0359375 0.05546875
5 0.378125 0.6328125 0.02578125 0.03828125
5 0.3671875 0.47578125 0.03515625 0.0515625
5 0.36015625 0.43984375 0.0328125 0.0484375
5 0.496875 0.38125 0.028125 0.0421875
5 0.51484375 0.51484375 0.03203125 0.0484375
5 0.5703125 0.184375 0.0265625 0.040625
5 0.6234375 0.11484375 0.0296875 0.04453125
5 0.64921875 0.1078125 0.02890625 0.04453125
5 0.66484375 0.0890625 0.02890625 0.04453125
5 0.68203125 0.05 0.03125 0.046875
5 0.7 0.0515625 0.03671875 0.053125
5 0.63359375 0.04609375 0.034375 0.05078125
5 0.634375 0.2 0.034375 0.05390625
5 0.65703125 0.20859375 0.03125 0.046875
5 0.67421875 0.23125 0.034375 0.0484375
5 0.6890625 0.178125 0.03046875 0.04453125
5 0.67109375 0.13203125 0.03203125 0.046875
5 0.646875 0.14140625 0.02890625 0.04296875
5 0.6765625 0.175 0.02890625 0.04453125
5 0.91171875 0.37734375 0.03359375 0.05
5 0.9046875 0.49375 0.03671875 0.05390625
5 0.8828125 0.546875 0.03671875 0.05625
5 0.90703125 0.54296875 0.03046875 0.04765625
5 0.95703125 0.53984375 0.03203125 0.04765625
3 0.9578125 0.49609375 0.0484375 0.075
3 0.9359375 0.6 0.040625 0.05