3 0.13203125 0.653125 0.03828125 0.04375
3 0.2578125 0.50390625 0.03828125 0.05234375
3 0.21796875 0.50234375 0.02734375 0.034375
3 0.23125 0.58125 0.04296875 0.0578125
3 0.2828125 0.625 0.03984375 0.05390625
3 0.3453125 0.79375 0.0390625 0.0515625
3 0.36640625 0.72890625 0.03203125 0.05
3 0.36796875 0.653125 0.034375 0.053125
3 0.3421875 0.65078125 0.03515625 0.04765625
3 0.38203125 0.6015625 0.03515625 0.0515625
3 0.4125 0.5828125 0.03046875 0.053125
3 0.43359375 0.5875 0.03125 0.05390625
3 0.45 0.58984375 0.03203125 0.0609375
3 0.46875 0.57734375 0.028125 0.05234375
3 0.41875 0.6609375 0.02890625 0.04765625
3 0.3828125 0.50703125 0.0359375 0.04375
3 0.38828125 0.4109375 0.04375 0.06171875
3 0.43828125 0.4359375 0.04453125 0.06171875
3 0.41875 0.4625 0.0390625 0.0421875
3 0.4390625 0.49296875 0.02890625 0.03828125
3 0.43125 0.53984375 0.03046875 0.0421875
3 0.48984375 0.4609375 0.034375 0.0453125
3 0.28828125 0.36328125 0.03046875 0.04140625
3 0.28515625 0.41171875 0.04453125 0.059375
3 0.34375 0.35234375 0.0421875 0.05390625
3 0.35078125 0.39296875 0.03125 0.04140625
3 0.08984375 0.2625 0.0484375 0.07734375
3 0.31328125 0.2375 0.05546875 0.06328125
3 0.75703125 0.38828125 0.0421875 0.06796875
3 0.746875 0.3015625 0.03125 0.04453125
3 0.7953125 0.31484375 0.02421875 0.0390625
3 0.79140625 0.3828125 0.02734375 0.040625
3 0.81015625 0.38046875 0.0140625 0.04140625
4 0.321875 0.73984375 0.02734375 0.03515625
5 0.35078125 0.59609375 0.02734375 0.0453125
5 0.35078125 0.53828125 0.02109375 0.0296875
5 0.38671875 0.38828125 0.028125 0.0390625
5 0.39140625 0.35078125 0.0265625 0.03671875
5 0.5328125 0.38828125 0.02265625 0.03359375
5 0.51015625 0.521875 0.025 0.03828125
5 0.65859375 0.2578125 0.0203125 0.03203125
5 0.72734375 0.2296875 0.0234375 0.03515625
5 0.753125 0.240625 0.02265625 0.03515625
5 0.77265625 0.23359375 0.02265625 0.0359375
5 0.8 0.21015625 0.02421875 0.0375
5 0.81640625 0.22265625 0.0296875 0.040625
5 0.75703125 0.1734375 0.028125 0.03984375
5 0.7125 0.31484375 0.02578125 0.04375
5 0.73046875 0.3375 0.02421875 0.03671875
5 0.73984375 0.36953125 0.028125 0.03671875
5 0.76875 0.33125 0.02421875 0.034375
5 0.765625 0.27734375 0.025 0.0359375
5 0.740625 0.26953125 0.0234375 0.03359375
5 0.7578125 0.31953125 0.021875 0.0359375
5 0.9125 0.66015625 0.0265625 0.0390625
5 0.871875 0.7625 0.02890625 0.0421875
5 0.8359375 0.79609375 0.02734375 0.04609375
5 0.86015625 0.80859375 0.0234375 0.0390625
5 0.90625 0.8390625 0.02578125 0.0375
3 0.91953125 0.8 0.03671875 0.0609375
3 0.86953125 0.88046875 0.03828125 0.03046875