3 0.79375 0.77734375 0.10234375 0.14375
3 0.6328125 0.51875 0.0890625 0.134375
3 0.596875 0.4859375 0.04921875 0.096875
3 0.6875 0.4203125 0.0984375 0.13984375
3 0.5546875 0.51484375 0.0890625 0.14375
3 0.5078125 0.4828125 0.090625 0.14921875
3 0.43203125 0.38828125 0.10078125 0.1484375
3 0.51796875 0.26796875 0.08515625 0.1078125
3 0.65390625 0.13671875 0.08125 0.1125
3 0.5359375 0.64765625 0.1 0.14296875
3 0.4703125 0.6734375 0.0765625 0.11484375
3 0.39453125 0.60078125 0.0859375 0.11875
3 0.43125 0.515625 0.09140625 0.125
3 0.5296875 0.915625 0.11640625 0.1546875
3 0.4953125 0.7984375 0.10625 0.15390625
3 0.44921875 0.83515625 0.103125 0.1546875
3 0.19296875 0.6203125 0.090625 0.1296875
3 0.11875 0.58828125 0.07734375 0.10625
3 0.1109375 0.484375 0.0734375 0.10234375
5 0.6578125 0.67734375 0.053125 0.07890625
5 0.69609375 0.56015625 0.08046875 0.11796875
5 0.25625 0.62109375 0.06796875 0.1109375
5 0.2109375 0.58671875 0.0546875 0.0859375