3 0.2015625 0.48984375 0.10078125 0.1453125
3 0.3453125 0.51171875 0.15546875 0.21796875
3 0.52421875 0.51484375 0.1453125 0.2125
3 0.546875 0.62265625 0.1140625 0.13203125
3 0.778125 0.65 0.11171875 0.15078125
3 0.834375 0.73984375 0.11953125 0.16171875
3 0.65078125 0.74921875 0.10625 0.1453125
5 0.35390625 0.79296875 0.103125 0.15078125
5 0.59296875 0.634375 0.06953125 0.11015625
5 0.6328125 0.59921875 0.0796875 0.109375
5 0.76171875 0.80390625 0.08984375 0.11953125
5 0.66953125 0.4671875 0.07265625 0.11171875
5 0.7625 0.3421875 0.078125 0.11015625
5 0.371875 0.18046875 0.090625 0.134375
5 0.06640625 0.33125 0.08671875 0.12890625
5 0.1234375 0.28125 0.06953125 0.10703125