3 0.16640625 0.32421875 0.05703125 0.07890625
3 0.20390625 0.3703125 0.0546875 0.08203125
3 0.19921875 0.4140625 0.05703125 0.065625
3 0.2203125 0.215625 0.05859375 0.07734375
3 0.35625 0.571875 0.059375 0.08125
3 0.38515625 0.6453125 0.05859375 0.08359375
3 0.415625 0.55546875 0.05234375 0.0734375
3 0.4640625 0.61953125 0.0515625 0.07109375
3 0.44296875 0.69453125 0.05078125 0.07890625
3 0.5078125 0.70625 0.04375 0.05546875
3 0.53046875 0.6796875 0.046875 0.06015625
3 0.56015625 0.85 0.0671875 0.09140625
3 0.7578125 0.3859375 0.078125 0.1015625
3 0.690625 0.28515625 0.0765625 0.08828125
3 0.6265625 0.140625 0.06640625 0.0859375
5 0.40078125 0.71171875 0.0375 0.0609375
5 0.4296875 0.65078125 0.0390625 0.06484375
4 0.15 0.24765625 0.0453125 0.06484375