3 0.85078125 0.6203125 0.053125 0.071875
3 0.809375 0.58125 0.05 0.075
3 0.8109375 0.53671875 0.05390625 0.05703125
3 0.80546875 0.7375 0.0546875 0.06953125
3 0.6421875 0.40859375 0.05546875 0.07265625
3 0.60703125 0.34140625 0.05390625 0.07578125
3 0.584375 0.4359375 0.0484375 0.06640625
3 0.53046875 0.38046875 0.04765625 0.0640625
3 0.54609375 0.30234375 0.04609375 0.07265625
3 0.48046875 0.303125 0.040625 0.05
3 0.459375 0.3328125 0.04375 0.05390625
3 0.41640625 0.16953125 0.0625 0.08203125
3 0.25703125 0.6671875 0.0734375 0.090625
3 0.33203125 0.7546875 0.07265625 0.07734375
3 0.40859375 0.8875 0.06171875 0.0765625
5 0.58671875 0.278125 0.034375 0.05625
5 0.5625 0.34375 0.03515625 0.059375
4 0.8734375 0.69375 0.0421875 0.05859375