3 0.85390625 0.77109375 0.0671875 0.0953125
3 0.81640625 0.71328125 0.06484375 0.09765625
3 0.8265625 0.665625 0.06640625 0.08046875
3 0.784375 0.878125 0.06875 0.09375
3 0.66875 0.459375 0.0703125 0.09765625
3 0.64375 0.37265625 0.06953125 0.1
3 0.60234375 0.46484375 0.06171875 0.08828125
3 0.5546875 0.38359375 0.06015625 0.08515625
3 0.5859375 0.30625 0.06015625 0.09375
3 0.51484375 0.2796875 0.05078125 0.06796875
3 0.4875 0.30390625 0.0546875 0.0734375
3 0.471875 0.1109375 0.07890625 0.11015625
3 0.2109375 0.578125 0.0921875 0.1234375
3 0.275 0.70234375 0.08828125 0.109375
3 0.33203125 0.875 0.07734375 0.10390625
5 0.63359375 0.296875 0.0453125 0.071875
5 0.5953125 0.3578125 0.04765625 0.07578125
4 0.8640625 0.85859375 0.05390625 0.07734375