3 0.8578125 0.4953125 0.0609375 0.08828125
3 0.84921875 0.56015625 0.0625 0.08671875
3 0.77890625 0.5125 0.05234375 0.08125
3 0.615625 0.5765625 0.07421875 0.10703125
3 0.55859375 0.6359375 0.05234375 0.078125
3 0.5609375 0.49609375 0.05546875 0.08125
3 0.4953125 0.4375 0.06875 0.103125
3 0.4625 0.3765625 0.06640625 0.09765625
3 0.41640625 0.37421875 0.05859375 0.0859375
3 0.40390625 0.521875 0.040625 0.0625
3 0.3328125 0.8171875 0.05078125 0.07734375
3 0.159375 0.93125 0.053125 0.078125
3 0.13203125 0.940625 0.0453125 0.0703125
3 0.13671875 0.55078125 0.05625 0.08125
4 0.61875 0.434375 0.053125 0.0796875
4 0.76484375 0.46640625 0.04140625 0.0609375
4 0.7171875 0.48125 0.034375 0.053125
4 0.71015625 0.53671875 0.04453125 0.06796875
4 0.7546875 0.52890625 0.0375 0.05546875
4 0.7421875 0.5546875 0.046875 0.071875
4 0.48359375 0.65859375 0.04140625 0.0625
4 0.4921875 0.69765625 0.03984375 0.059375
4 0.45390625 0.6828125 0.034375 0.053125
4 0.41796875 0.73671875 0.04296875 0.0640625
4 0.45390625 0.5453125 0.04296875 0.05859375
4 0.52578125 0.5046875 0.04296875 0.06484375
4 0.32734375 0.89375 0.03984375 0.06015625
4 0.37890625 0.82890625 0.0328125 0.0484375
4 0.3625 0.903125 0.03828125 0.05625
4 0.4171875 0.9109375 0.03671875 0.05390625
4 0.21796875 0.94296875 0.0421875 0.06171875
4 0.1953125 0.9265625 0.04140625 0.0609375
4 0.21328125 0.89609375 0.0359375 0.05390625
4 0.171875 0.8484375 0.03203125 0.05
4 0.12109375 0.8625 0.034375 0.05
4 0.15546875 0.78828125 0.04453125 0.0640625
4 0.1359375 0.73125 0.0375 0.05390625
4 0.1125 0.68671875 0.04296875 0.0640625
4 0.2234375 0.64296875 0.03828125 0.05703125
4 0.2109375 0.725 0.0375 0.05390625
4 0.1828125 0.7375 0.0390625 0.05859375
4 0.215625 0.77890625 0.03515625 0.0546875
4 0.275 0.67265625 0.04140625 0.0625
4 0.30234375 0.69921875 0.0421875 0.06171875
4 0.28203125 0.7375 0.03828125 0.05859375
4 0.065625 0.40546875 0.04140625 0.065625
4 0.04609375 0.43125 0.034375 0.05390625
4 0.0765625 0.45078125 0.03828125 0.05859375
4 0.06640625 0.50703125 0.03828125 0.0578125
4 0.04140625 0.54296875 0.04609375 0.0625
4 0.11640625 0.503125 0.040625 0.06171875
4 0.16015625 0.4859375 0.04140625 0.0625
4 0.21171875 0.48984375 0.03359375 0.05234375
4 0.171875 0.53515625 0.03671875 0.053125
4 0.125 0.4328125 0.040625 0.06171875
4 0.0328125 0.48046875 0.03828125 0.059375
5 0.578125 0.81328125 0.034375 0.053125
5 0.5859375 0.85 0.034375 0.046875
5 0.6234375 0.9015625 0.0328125 0.053125