3 0.82578125 0.48359375 0.05390625 0.078125
3 0.81640625 0.425 0.05625 0.0765625
3 0.75390625 0.4734375 0.04609375 0.07265625
3 0.603125 0.428125 0.065625 0.09453125
3 0.54921875 0.37890625 0.046875 0.06953125
3 0.55625 0.50546875 0.05 0.071875
3 0.4984375 0.56328125 0.06171875 0.09140625
3 0.4703125 0.621875 0.059375 0.08671875
3 0.428125 0.62734375 0.05234375 0.0765625
3 0.4125 0.49453125 0.0359375 0.05546875
3 0.3375 0.23125 0.0453125 0.06875
3 0.17578125 0.13984375 0.04765625 0.06875
3 0.15 0.134375 0.040625 0.0625
3 0.16796875 0.48828125 0.05078125 0.071875
4 0.61015625 0.55703125 0.04765625 0.07109375
4 0.7421875 0.5171875 0.03671875 0.05390625
4 0.6984375 0.50703125 0.03046875 0.046875
4 0.690625 0.45703125 0.03984375 0.06015625
4 0.73125 0.4609375 0.0328125 0.04921875
4 0.71875 0.43828125 0.04140625 0.06328125
4 0.4796875 0.3640625 0.03671875 0.05546875
4 0.48671875 0.32734375 0.03515625 0.05234375
4 0.45234375 0.34375 0.03046875 0.04765625
4 0.41796875 0.29765625 0.0375 0.05703125
4 0.45703125 0.46875 0.03828125 0.0515625
4 0.52421875 0.5 0.03828125 0.0578125
4 0.33046875 0.16171875 0.03515625 0.053125
4 0.37890625 0.21640625 0.0296875 0.04296875
4 0.36171875 0.15078125 0.034375 0.05
4 0.4109375 0.1390625 0.0328125 0.04765625
4 0.22890625 0.125 0.03828125 0.0546875
4 0.20859375 0.14140625 0.03671875 0.05390625
4 0.2265625 0.16796875 0.03203125 0.04765625
4 0.190625 0.21484375 0.028125 0.04453125
4 0.14296875 0.20625 0.03046875 0.04453125
4 0.17734375 0.2703125 0.03984375 0.05625
4 0.1609375 0.32421875 0.0328125 0.04765625
4 0.14140625 0.365625 0.03828125 0.05625
4 0.24375 0.39765625 0.034375 0.0515625
4 0.2296875 0.32421875 0.03359375 0.0484375
4 0.203125 0.31484375 0.03515625 0.0515625
4 0.23203125 0.27421875 0.03125 0.04921875
4 0.28984375 0.36640625 0.03671875 0.05625
4 0.3140625 0.340625 0.0375 0.05546875
4 0.29375 0.30703125 0.034375 0.0515625
4 0.1078125 0.62578125 0.03671875 0.05859375
4 0.08984375 0.60390625 0.03046875 0.0484375
4 0.11640625 0.58359375 0.034375 0.0515625
4 0.10546875 0.53359375 0.034375 0.0515625
4 0.08125 0.50234375 0.04140625 0.0546875
4 0.15078125 0.5328125 0.0359375 0.0546875
4 0.19140625 0.5453125 0.03671875 0.05546875
4 0.23828125 0.53828125 0.03046875 0.04609375
4 0.20078125 0.49921875 0.0328125 0.046875
4 0.16171875 0.59609375 0.0359375 0.0546875
4 0.07578125 0.56015625 0.03359375 0.05234375
5 0.5609375 0.215625 0.03046875 0.046875
5 0.5671875 0.18203125 0.03046875 0.0421875
5 0.59921875 0.13203125 0.02890625 0.04765625