3 0.5765625 0.8296875 0.09375 0.13828125
3 0.49921875 0.84453125 0.08359375 0.1203125
3 0.59921875 0.63046875 0.09140625 0.12421875
3 0.60703125 0.73125 0.05859375 0.08203125
3 0.546875 0.55859375 0.115625 0.15
3 0.44921875 0.27734375 0.09921875 0.14609375
3 0.45 0.19453125 0.08671875 0.1125
3 0.19765625 0.26484375 0.096875 0.13828125
3 0.121875 0.29765625 0.0875 0.1390625
4 0.50703125 0.26796875 0.075 0.1171875
5 0.41171875 0.33046875 0.08828125 0.1265625
5 0.396875 0.17734375 0.0765625 0.10859375
5 0.2609375 0.3609375 0.06640625 0.1046875
5 0.11015625 0.3265625 0.059375 0.10078125
5 0.06171875 0.3234375 0.08671875 0.140625