3 0.4828125 0.81640625 0.07109375 0.103125
3 0.41484375 0.78515625 0.0640625 0.0890625
3 0.55078125 0.6640625 0.071875 0.08984375
3 0.53203125 0.7515625 0.04609375 0.059375
3 0.525 0.57421875 0.0921875 0.1046875
3 0.51484375 0.2859375 0.07578125 0.109375
3 0.5359375 0.2171875 0.06953125 0.07890625
3 0.30859375 0.13359375 0.07421875 0.1015625
3 0.2375 0.11796875 0.0640625 0.10703125
4 0.565625 0.3109375 0.05546875 0.090625
5 0.4703125 0.30859375 0.06796875 0.09296875
5 0.49609375 0.1734375 0.059375 0.07890625
5 0.3375 0.24921875 0.04921875 0.08046875
5 0.2203125 0.13515625 0.0421875 0.0796875
5 0.18046875 0.10546875 0.06328125 0.109375