3 0.38515625 0.78984375 0.09609375 0.14296875
3 0.33046875 0.71171875 0.08515625 0.12578125
3 0.49921875 0.69140625 0.0921875 0.13125
3 0.453125 0.7625 0.059375 0.08515625
3 0.50234375 0.5875 0.115625 0.159375
3 0.5828125 0.30390625 0.10234375 0.1515625
3 0.62421875 0.253125 0.08671875 0.11953125
3 0.43203125 0.0421875 0.0984375 0.084375
3 0.36953125 0.009375 0.09140625 0.01875
4 0.62265625 0.36328125 0.078125 0.1203125
5 0.5328125 0.29453125 0.090625 0.13203125
5 0.6 0.18359375 0.078125 0.11328125
5 0.42421875 0.14375 0.06953125 0.10703125
5 0.34765625 0.0015625 0.06328125 0.003125