3 0.28984375 0.63828125 0.115625 0.17421875
3 0.21328125 0.61796875 0.0953125 0.17109375
3 0.26328125 0.5046875 0.0953125 0.1265625
3 0.54921875 0.44375 0.11796875 0.19296875
3 0.62421875 0.31953125 0.0921875 0.14453125
3 0.715625 0.34453125 0.09296875 0.14765625
3 0.80546875 0.39453125 0.109375 0.175
3 0.815625 0.54375 0.09296875 0.14921875
3 0.609375 0.534375 0.09453125 0.16953125
5 0.33671875 0.7015625 0.08203125 0.115625
5 0.20078125 0.73046875 0.09375 0.1390625
5 0.7328125 0.4078125 0.05546875 0.0984375
5 0.490625 0.09375 0.075 0.11484375
5 0.55546875 0.11015625 0.08125 0.10859375
5 0.92890625 0.36484375 0.075 0.11171875