3 0.284375 0.6296875 0.1203125 0.18046875
3 0.2078125 0.60625 0.1 0.1765625
3 0.2609375 0.49375 0.0984375 0.13203125
3 0.55078125 0.44609375 0.12265625 0.2
3 0.6296875 0.32265625 0.0953125 0.15
3 0.72109375 0.353125 0.096875 0.153125
3 0.81171875 0.4078125 0.11328125 0.18046875
3 0.81796875 0.559375 0.096875 0.1546875
3 0.609375 0.53984375 0.0984375 0.175
5 0.33046875 0.69609375 0.084375 0.1203125
5 0.19296875 0.71875 0.096875 0.14453125
5 0.73671875 0.41796875 0.0578125 0.1015625
5 0.49921875 0.0890625 0.078125 0.11875
5 0.5640625 0.10859375 0.08359375 0.1125
5 0.93671875 0.38359375 0.07734375 0.115625