3 0.6765625 0.32734375 0.103125 0.1546875
3 0.74765625 0.32578125 0.08515625 0.153125
3 0.715625 0.440625 0.084375 0.1125
3 0.4671875 0.56875 0.1046875 0.17265625
3 0.4140625 0.7 0.08203125 0.12890625
3 0.3296875 0.70078125 0.0828125 0.13203125
3 0.24296875 0.67890625 0.096875 0.15625
3 0.2171875 0.5484375 0.0828125 0.13359375
3 0.403125 0.503125 0.08359375 0.1515625
5 0.628125 0.2828125 0.07265625 0.103125
5 0.74609375 0.22265625 0.0828125 0.12421875
5 0.30703125 0.6484375 0.04921875 0.08828125
5 0.559375 0.8671875 0.0671875 0.10234375
5 0.5 0.86875 0.07265625 0.09609375
5 0.13671875 0.7375 0.06640625 0.1