3 0.15390625 0.6546875 0.11015625 0.15078125
3 0.1734375 0.5359375 0.103125 0.140625
3 0.30703125 0.32109375 0.11875 0.1671875
3 0.453125 0.42890625 0.1078125 0.15234375
3 0.54453125 0.421875 0.09375 0.1328125
3 0.5515625 0.3296875 0.10625 0.121875
3 0.68203125 0.4359375 0.090625 0.12734375
3 0.75625 0.40703125 0.10625 0.159375
5 0.2359375 0.553125 0.0734375 0.10625
5 0.16953125 0.5625 0.06171875 0.08203125
5 0.22109375 0.46953125 0.06171875 0.09921875
4 0.2828125 0.4390625 0.0875 0.125
4 0.36953125 0.38984375 0.08828125 0.13515625
4 0.1890625 0.74375 0.07109375 0.09453125
5 0.690625 0.6125 0.06640625 0.09765625
5 0.64296875 0.35078125 0.065625 0.103125
5 0.58828125 0.35625 0.0765625 0.11953125
5 0.34453125 0.540625 0.07265625 0.1
5 0.36015625 0.50546875 0.0625 0.096875