3 0.49375 0.40234375 0.06640625 0.1046875
3 0.40546875 0.525 0.07734375 0.11171875
3 0.37421875 0.6046875 0.09453125 0.11328125
3 0.30625 0.49453125 0.08984375 0.1203125
3 0.3828125 0.8609375 0.07734375 0.08203125
3 0.2484375 0.85859375 0.08828125 0.06796875
3 0.4390625 0.85234375 0.07421875 0.06796875
3 0.325 0.85 0.065625 0.09453125
3 0.26484375 0.80625 0.071875 0.071875
3 0.4703125 0.88359375 0.06328125 0.0484375
4 0.45 0.76953125 0.078125 0.10703125
4 0.32734375 0.71015625 0.0953125 0.134375