3 0.253125 0.47734375 0.0875 0.1265625
3 0.403125 0.47578125 0.06953125 0.10390625
3 0.46171875 0.625 0.071875 0.1109375
3 0.51171875 0.5828125 0.06015625 0.07734375
4 0.36484375 0.50625 0.0578125 0.0953125
4 0.3828125 0.378125 0.06640625 0.1
5 0.31640625 0.484375 0.06484375 0.10078125
5 0.27578125 0.54375 0.06484375 0.0875
5 0.509375 0.459375 0.04921875 0.0703125
5 0.58828125 0.30390625 0.059375 0.08515625
5 0.64140625 0.36953125 0.05390625 0.08203125
5 0.8015625 0.55546875 0.0515625 0.06953125
5 0.79375 0.61484375 0.0546875 0.084375
5 0.85859375 0.615625 0.05625 0.08671875
5 0.91015625 0.47265625 0.04296875 0.0625