3 0.21953125 0.5078125 0.09375 0.13515625
3 0.38828125 0.4859375 0.07421875 0.11171875
3 0.46328125 0.64609375 0.07734375 0.1203125
3 0.5171875 0.5921875 0.065625 0.08125
4 0.34765625 0.52578125 0.06171875 0.103125
4 0.36015625 0.378125 0.07109375 0.10703125
5 0.29140625 0.50703125 0.06953125 0.10859375
5 0.24921875 0.5796875 0.0703125 0.09296875
5 0.5078125 0.45234375 0.05234375 0.07578125
5 0.5875 0.26640625 0.0640625 0.09140625
5 0.6515625 0.33359375 0.0578125 0.0875
5 0.84375 0.521875 0.05625 0.0734375
5 0.83828125 0.58984375 0.05859375 0.08984375
5 0.91171875 0.58203125 0.06015625 0.09296875
5 0.9609375 0.4140625 0.04609375 0.0671875