3 0.7734375 0.60078125 0.10546875 0.1546875
3 0.60859375 0.5609375 0.084375 0.1265625
3 0.56171875 0.38125 0.08828125 0.13515625
3 0.50234375 0.41328125 0.071875 0.096875
4 0.65390625 0.5375 0.071875 0.1140625
4 0.61796875 0.67421875 0.08046875 0.121875
5 0.7046875 0.57578125 0.0796875 0.121875
5 0.75703125 0.52109375 0.07734375 0.10859375
5 0.48828125 0.55 0.059375 0.08671875
5 0.3828125 0.7 0.071875 0.10546875
5 0.33203125 0.6125 0.065625 0.09921875
5 0.178125 0.36328125 0.06171875 0.0859375
5 0.19453125 0.3 0.06640625 0.1015625
5 0.12265625 0.28125 0.06875 0.1046875
5 0.04921875 0.42421875 0.0515625 0.0765625