3 0.534375 0.59609375 0.08203125 0.1265625
3 0.5890625 0.43203125 0.09375 0.13671875
3 0.60078125 0.3390625 0.1109375 0.14609375
3 0.6921875 0.40859375 0.10703125 0.15078125
3 0.53203125 0.0984375 0.08828125 0.10859375
3 0.6609375 0.03984375 0.096875 0.0796875
3 0.48046875 0.13671875 0.0828125 0.09453125
3 0.590625 0.078125 0.0796875 0.11640625
3 0.65859375 0.08828125 0.08125 0.096875
3 0.44296875 0.1234375 0.06875 0.07109375
4 0.48984375 0.22109375 0.09296875 0.13359375
4 0.62109375 0.2140625 0.1140625 0.165625