3 0.2609375 0.30546875 0.096875 0.140625
3 0.446875 0.56171875 0.090625 0.13046875
3 0.4453125 0.37890625 0.08125 0.11875
3 0.57265625 0.7625 0.11171875 0.16328125
4 0.2953125 0.45546875 0.08515625 0.128125
5 0.32109375 0.20390625 0.05390625 0.07890625
5 0.359375 0.27109375 0.04296875 0.0640625
5 0.503125 0.31171875 0.06171875 0.09453125
5 0.38203125 0.44453125 0.059375 0.090625
5 0.6234375 0.64765625 0.0796875 0.11640625
5 0.61953125 0.7203125 0.06171875 0.090625
5 0.678125 0.7 0.071875 0.11015625