3 0.60234375 0.5171875 0.03828125 0.0609375
3 0.60703125 0.47890625 0.0375 0.053125
3 0.596875 0.4625 0.03984375 0.06015625
3 0.609375 0.4109375 0.03828125 0.05703125
3 0.5953125 0.35078125 0.03828125 0.0578125
3 0.55703125 0.3921875 0.0421875 0.053125
3 0.56484375 0.44140625 0.0359375 0.05625
3 0.5671875 0.50234375 0.03984375 0.05703125
3 0.5203125 0.50078125 0.04296875 0.0640625
3 0.5421875 0.58125 0.040625 0.0578125
5 0.503125 0.65 0.03359375 0.046875
5 0.6296875 0.36640625 0.025 0.04375
5 0.6109375 0.36015625 0.025 0.03828125
5 0.62109375 0.39375 0.025 0.0375
5 0.5921875 0.421875 0.0234375 0.03359375