3 0.5890625 0.4609375 0.040625 0.06328125
3 0.584375 0.4265625 0.0390625 0.05625
3 0.571875 0.41796875 0.04140625 0.06328125
3 0.56953125 0.36796875 0.03984375 0.059375
3 0.54375 0.325 0.03984375 0.06015625
3 0.52109375 0.38125 0.04296875 0.05703125
3 0.53984375 0.4171875 0.0375 0.05859375
3 0.55703125 0.46796875 0.04140625 0.06015625
3 0.51640625 0.49140625 0.0453125 0.06640625
3 0.55390625 0.54765625 0.0421875 0.0609375
5 0.53828125 0.6265625 0.034375 0.05
5 0.57578125 0.3203125 0.02734375 0.04453125
5 0.55859375 0.325 0.0265625 0.03984375
5 0.57578125 0.346875 0.02578125 0.0390625
5 0.5578125 0.38671875 0.02421875 0.03515625