3 0.5859375 0.559375 0.04296875 0.06640625
3 0.59765625 0.528125 0.040625 0.059375
3 0.5921875 0.509375 0.04375 0.06640625
3 0.61328125 0.4703125 0.0421875 0.06328125
3 0.6125 0.4125 0.0421875 0.06328125
3 0.57109375 0.43125 0.04453125 0.06171875
3 0.56875 0.47734375 0.03984375 0.0609375
3 0.55859375 0.53125 0.04375 0.0640625
3 0.51796875 0.509375 0.04765625 0.0703125
3 0.52109375 0.58828125 0.04453125 0.065625
5 0.47421875 0.63046875 0.0359375 0.053125
5 0.6390625 0.44140625 0.02890625 0.046875
5 0.62421875 0.42734375 0.028125 0.0421875
5 0.6265625 0.4609375 0.02734375 0.04140625
5 0.5953125 0.47265625 0.025 0.0375