3 0.59296875 0.45859375 0.0421875 0.065625
3 0.5875 0.42265625 0.040625 0.05859375
3 0.57421875 0.4140625 0.04296875 0.065625
3 0.57265625 0.36171875 0.04140625 0.06171875
3 0.5453125 0.3171875 0.0421875 0.06328125
3 0.521875 0.37578125 0.04453125 0.059375
3 0.54140625 0.41328125 0.0390625 0.0609375
3 0.55859375 0.465625 0.04296875 0.06328125
3 0.5171875 0.490625 0.046875 0.06953125
3 0.55625 0.54921875 0.04453125 0.0640625
5 0.53984375 0.63125 0.0359375 0.05234375
5 0.57890625 0.3125 0.028125 0.046875
5 0.5609375 0.3171875 0.02734375 0.04140625
5 0.578125 0.340625 0.02734375 0.040625
5 0.56015625 0.38125 0.025 0.03671875