3 0.6453125 0.37890625 0.01953125 0.0265625
3 0.65703125 0.38046875 0.015625 0.02265625
3 0.659375 0.33125 0.0203125 0.028125
3 0.68125 0.40390625 0.0234375 0.0265625
3 0.684375 0.37734375 0.0296875 0.03671875
3 0.703125 0.3828125 0.0171875 0.0265625
3 0.7078125 0.3578125 0.02109375 0.0296875
3 0.69296875 0.428125 0.01953125 0.03046875
3 0.696875 0.47890625 0.02109375 0.028125
3 0.725 0.40546875 0.02265625 0.03125
3 0.74140625 0.38828125 0.025 0.0390625
3 0.72890625 0.45 0.021875 0.034375
3 0.746875 0.43671875 0.02421875 0.034375
3 0.70625 0.5265625 0.01953125 0.02734375
3 0.5546875 0.4609375 0.015625 0.02578125