3 0.40546875 0.6828125 0.01953125 0.0265625
3 0.39453125 0.6875 0.015625 0.02265625
3 0.40390625 0.73125 0.0203125 0.028125
3 0.36875 0.67890625 0.02265625 0.02734375
3 0.371875 0.70390625 0.02890625 0.0375
3 0.3546875 0.70859375 0.0171875 0.02578125
3 0.35625 0.7328125 0.02109375 0.03046875
3 0.35390625 0.66328125 0.01953125 0.03046875
3 0.33828125 0.621875 0.0203125 0.028125
3 0.33046875 0.69921875 0.021875 0.03125
3 0.3203125 0.72265625 0.025 0.03828125
3 0.3171875 0.6625 0.021875 0.034375
3 0.3046875 0.68359375 0.0234375 0.034375
3 0.31953125 0.58515625 0.01953125 0.028125
3 0.46640625 0.56640625 0.015625 0.025