3 0.51484375 0.8125 0.1328125 0.19765625
3 0.54296875 0.75078125 0.09296875 0.15
3 0.59140625 0.69453125 0.11796875 0.16640625
3 0.51875 0.63125 0.11171875 0.15859375
3 0.5453125 0.496875 0.10546875 0.15
3 0.4796875 0.48203125 0.115625 0.16796875
3 0.4109375 0.48359375 0.08828125 0.1359375
3 0.4453125 0.4015625 0.103125 0.1375
3 0.52734375 0.378125 0.1015625 0.1484375
3 0.58125 0.29609375 0.10625 0.153125
3 0.5078125 0.2578125 0.12109375 0.17734375
3 0.41640625 0.3234375 0.11484375 0.153125
3 0.32890625 0.91328125 0.1265625 0.1734375
3 0.240625 0.84765625 0.10390625 0.1625
3 0.18828125 0.8734375 0.09609375 0.15703125
3 0.103125 0.6828125 0.10078125 0.1609375
3 0.03515625 0.50625 0.06953125 0.1265625
4 0.45 0.58984375 0.109375 0.159375
5 0.06640625 0.4359375 0.09296875 0.134375
5 0.6640625 0.759375 0.07421875 0.1109375
5 0.57734375 0.8609375 0.07734375 0.11328125
5 0.63828125 0.65625 0.07578125 0.115625
5 0.86015625 0.50234375 0.10859375 0.165625
5 0.94140625 0.47578125 0.08984375 0.1390625
5 0.9765625 0.56171875 0.046875 0.1328125
5 0.65078125 0.35 0.0640625 0.096875
5 0.87734375 0.69609375 0.07421875 0.08828125