3 0.546875 0.228125 0.1046875 0.153125
3 0.51171875 0.27109375 0.06953125 0.121875
3 0.459375 0.30078125 0.0953125 0.125
3 0.51171875 0.38515625 0.08984375 0.11953125
3 0.46328125 0.49140625 0.08515625 0.11328125
3 0.51796875 0.53125 0.09140625 0.12890625
3 0.578125 0.5578125 0.06796875 0.10703125
3 0.53359375 0.615625 0.08515625 0.09921875
3 0.4578125 0.60234375 0.08046875 0.1140625
3 0.39609375 0.6515625 0.084375 0.1171875
3 0.45234375 0.715625 0.09609375 0.13515625
3 0.54453125 0.6953125 0.09453125 0.11171875
3 0.728125 0.21328125 0.1015625 0.13828125
3 0.79296875 0.31015625 0.07890625 0.1296875
3 0.84375 0.30859375 0.07109375 0.128125
3 0.88359375 0.509375 0.07578125 0.13046875
3 0.9125 0.69296875 0.05390625 0.10546875
4 0.56328125 0.44921875 0.08671875 0.121875
5 0.8703125 0.73984375 0.0734375 0.103125
5 0.40703125 0.2140625 0.0578125 0.08671875
5 0.5015625 0.1609375 0.06171875 0.08671875
5 0.4109375 0.31484375 0.05859375 0.090625
5 0.18984375 0.35859375 0.084375 0.13046875
5 0.1140625 0.3484375 0.06875 0.11015625
5 0.08671875 0.253125 0.05234375 0.1125
5 0.3453125 0.5765625 0.04921875 0.0765625
5 0.21015625 0.18203125 0.06484375 0.05859375