3 0.221875 0.378125 0.12734375 0.18125
3 0.30078125 0.32578125 0.09921875 0.14609375
3 0.4203125 0.46484375 0.12890625 0.1875
3 0.4234375 0.12421875 0.10703125 0.16015625
3 0.3359375 0.7234375 0.11640625 0.1609375
3 0.63125 0.5015625 0.1078125 0.153125
3 0.6140625 0.58984375 0.10625 0.1359375
3 0.70703125 0.5609375 0.09921875 0.15234375
5 0.28203125 0.146875 0.06953125 0.0609375
5 0.2859375 0.2078125 0.078125 0.10390625
5 0.35390625 0.23203125 0.09140625 0.1375
5 0.49453125 0.23359375 0.07578125 0.1125
5 0.6140625 0.3328125 0.08515625 0.12109375
5 0.5734375 0.37734375 0.0875 0.1296875
5 0.3984375 0.41796875 0.0828125 0.11953125
5 0.3390625 0.39921875 0.08359375 0.13359375
5 0.75078125 0.4171875 0.08203125 0.10703125
5 0.73671875 0.4765625 0.0828125 0.11171875
5 0.8109375 0.5 0.05859375 0.10234375
5 0.96328125 0.35625 0.0671875 0.13125
4 0.79921875 0.58125 0.09609375 0.12890625