3 0.11171875 0.6625 0.11015625 0.1546875
3 0.2546875 0.48984375 0.11171875 0.14765625
3 0.20390625 0.33984375 0.10703125 0.15546875
3 0.54140625 0.5078125 0.109375 0.15
3 0.5765625 0.41875 0.1078125 0.13984375
3 0.68515625 0.5453125 0.11015625 0.1453125
5 0.2640625 0.7640625 0.0671875 0.11015625
5 0.31953125 0.659375 0.06875 0.10234375
5 0.3265625 0.525 0.078125 0.1171875
5 0.475 0.46875 0.08046875 0.11796875
5 0.61015625 0.55625 0.065625 0.12421875
5 0.67421875 0.434375 0.08671875 0.1390625
5 0.72734375 0.49296875 0.06796875 0.103125
5 0.62265625 0.9078125 0.07421875 0.1109375