3 0.3046875 0.4625 0.05390625 0.0828125
3 0.34375 0.5875 0.0578125 0.0765625
3 0.30078125 0.6296875 0.059375 0.08125
3 0.24296875 0.1515625 0.04765625 0.059375
3 0.45546875 0.15546875 0.05234375 0.0703125
3 0.4890625 0.3390625 0.06015625 0.08515625
3 0.53125 0.3171875 0.05546875 0.0796875
3 0.5609375 0.28046875 0.04453125 0.0625
3 0.496875 0.41796875 0.05390625 0.07578125
3 0.47578125 0.67578125 0.05859375 0.08515625
3 0.4796875 0.7296875 0.05625 0.065625
3 0.54921875 0.703125 0.05 0.071875
3 0.796875 0.6265625 0.06328125 0.0875
4 0.48359375 0.12109375 0.0515625 0.07109375
5 0.36015625 0.23359375 0.03671875 0.0578125
5 0.1875 0.06953125 0.04765625 0.0703125
5 0.30625 0.3265625 0.034375 0.05390625
5 0.3421875 0.3234375 0.040625 0.059375
5 0.35625 0.296875 0.03046875 0.04453125
5 0.36640625 0.37421875 0.03828125 0.059375
5 0.30390625 0.3734375 0.0390625 0.05703125
5 0.28203125 0.37578125 0.03515625 0.05390625
5 0.325 0.41484375 0.03125 0.04609375
5 0.38828125 0.46484375 0.034375 0.0515625
5 0.36015625 0.49921875 0.034375 0.05
5 0.33046875 0.509375 0.03515625 0.04921875
5 0.39453125 0.53359375 0.0375 0.05625
5 0.3828125 0.596875 0.040625 0.06015625
5 0.4390625 0.67265625 0.040625 0.0640625
5 0.52734375 0.7578125 0.04765625 0.06875
5 0.559375 0.74375 0.0375 0.0609375
5 0.5703125 0.51875 0.04296875 0.06484375
5 0.540625 0.50859375 0.0328125 0.05
5 0.528125 0.459375 0.0375 0.05703125
5 0.553125 0.4625 0.03359375 0.05625
5 0.53984375 0.39453125 0.0375 0.0609375
5 0.58359375 0.3453125 0.03203125 0.05234375
5 0.58203125 0.271875 0.04296875 0.0625
5 0.72265625 0.36015625 0.04140625 0.06015625
5 0.734375 0.38828125 0.0421875 0.0671875
5 0.7109375 0.39296875 0.03359375 0.05234375