3 0.71328125 0.47421875 0.0484375 0.075
3 0.65234375 0.359375 0.05390625 0.06640625
3 0.68984375 0.30078125 0.05546875 0.07109375
3 0.8265625 0.77265625 0.0453125 0.05
3 0.60625 0.8453125 0.0484375 0.0609375
3 0.5421875 0.66796875 0.05546875 0.07578125
3 0.50234375 0.70625 0.05078125 0.0703125
3 0.478125 0.7546875 0.040625 0.05546875
3 0.521875 0.5890625 0.05 0.06640625
3 0.5015625 0.31640625 0.05390625 0.0765625
3 0.48984375 0.26171875 0.0546875 0.05390625
3 0.421875 0.3140625 0.04609375 0.0640625
3 0.178125 0.4828125 0.05859375 0.0765625
4 0.5828125 0.89140625 0.04765625 0.0625
5 0.6921875 0.73046875 0.03203125 0.05234375
5 0.896875 0.8375 0.04375 0.0625
5 0.73359375 0.61484375 0.03046875 0.05
5 0.696875 0.63125 0.03671875 0.053125
5 0.6859375 0.6640625 0.02734375 0.03984375
5 0.66328125 0.5875 0.034375 0.05390625
5 0.728125 0.565625 0.0359375 0.05078125
5 0.75 0.55546875 0.03125 0.04921875
5 0.69921875 0.53046875 0.028125 0.040625
5 0.6265625 0.50234375 0.03046875 0.04609375
5 0.64921875 0.45625 0.03125 0.04453125
5 0.67890625 0.43515625 0.03203125 0.04375
5 0.60859375 0.43359375 0.03359375 0.05
5 0.6109375 0.36328125 0.03671875 0.05390625
5 0.540625 0.30546875 0.0359375 0.05859375
5 0.4359375 0.25 0.04375 0.0609375
5 0.4046875 0.27578125 0.0328125 0.05625
5 0.4296875 0.5125 0.0390625 0.05859375
5 0.46171875 0.51171875 0.0296875 0.0453125
5 0.4828125 0.5578125 0.03359375 0.0515625
5 0.45625 0.5640625 0.02890625 0.05234375
5 0.48046875 0.62890625 0.0328125 0.05625
5 0.44375 0.69609375 0.028125 0.0484375
5 0.45703125 0.77109375 0.03828125 0.05546875
5 0.29765625 0.73125 0.0375 0.05390625
5 0.28046875 0.70546875 0.0375 0.06171875
5 0.3046875 0.6921875 0.0296875 0.04765625