3 0.69140625 0.4296875 0.05546875 0.08515625
3 0.66328125 0.5578125 0.05859375 0.08046875
3 0.7078125 0.59140625 0.0609375 0.08515625
3 0.728125 0.1171875 0.0484375 0.06328125
3 0.52109375 0.15703125 0.053125 0.0734375
3 0.503125 0.34140625 0.06171875 0.0890625
3 0.46015625 0.32734375 0.05703125 0.0828125
3 0.42890625 0.29609375 0.0453125 0.06484375
3 0.50078125 0.41953125 0.05546875 0.07890625
3 0.540625 0.66640625 0.0609375 0.0890625
3 0.54140625 0.71953125 0.05703125 0.0703125
3 0.471875 0.70625 0.0515625 0.075
3 0.22421875 0.6734375 0.06484375 0.09140625
4 0.49140625 0.128125 0.053125 0.07421875
5 0.61953125 0.21640625 0.03828125 0.059375
5 0.77578125 0.03203125 0.04921875 0.0640625
5 0.6796875 0.29765625 0.0359375 0.05546875
5 0.64453125 0.30078125 0.04140625 0.0609375
5 0.62890625 0.27734375 0.03125 0.04609375
5 0.625 0.3546875 0.03984375 0.0609375
5 0.68515625 0.34296875 0.040625 0.059375
5 0.70703125 0.34140625 0.03671875 0.05546875
5 0.66796875 0.38671875 0.03203125 0.04765625
5 0.61015625 0.44609375 0.03515625 0.053125
5 0.63984375 0.475 0.03515625 0.05234375
5 0.6703125 0.4796875 0.0359375 0.05234375
5 0.609375 0.51484375 0.0390625 0.0578125
5 0.62578125 0.57421875 0.0421875 0.0625
5 0.5765625 0.65703125 0.0421875 0.065625
5 0.496875 0.75546875 0.04921875 0.07109375
5 0.46484375 0.746875 0.0390625 0.0625
5 0.4375 0.5296875 0.04453125 0.0671875
5 0.465625 0.51484375 0.034375 0.05234375
5 0.47421875 0.465625 0.03828125 0.05859375
5 0.45 0.471875 0.03515625 0.05703125
5 0.45703125 0.40390625 0.0390625 0.0625
5 0.4109375 0.36328125 0.03359375 0.05390625
5 0.40703125 0.29140625 0.04375 0.06484375
5 0.2765625 0.4015625 0.04296875 0.0625
5 0.2671875 0.43125 0.04453125 0.06875
5 0.29140625 0.43125 0.03515625 0.05390625