3 0.196875 0.46015625 0.1125 0.17265625
3 0.359375 0.603125 0.11953125 0.159375
3 0.32421875 0.75078125 0.1109375 0.16015625
3 0.6453125 0.51484375 0.11484375 0.16640625
3 0.6921875 0.5921875 0.115625 0.1578125
3 0.78828125 0.4390625 0.11484375 0.159375
3 0.571875 0.1921875 0.090625 0.125
5 0.12890625 0.3171875 0.0765625 0.10546875
5 0.090625 0.3578125 0.07265625 0.1125
5 0.33515625 0.3171875 0.07734375 0.103125
5 0.3203125 0.4265625 0.078125 0.1125
5 0.27578125 0.49765625 0.08515625 0.11796875
5 0.40234375 0.415625 0.0734375 0.10546875
5 0.42578125 0.5484375 0.07890625 0.11875
5 0.57890625 0.575 0.0875 0.13828125
5 0.71015625 0.44765625 0.07578125 0.1265625
5 0.790625 0.5625 0.1015625 0.146875
5 0.83828125 0.48203125 0.07890625 0.1265625
5 0.67734375 0.09140625 0.07109375 0.11640625