3 0.66015625 0.34140625 0.0546875 0.08046875
3 0.73359375 0.30546875 0.04375 0.071875
3 0.621875 0.16875 0.05703125 0.07890625
3 0.534375 0.259375 0.0578125 0.0796875
3 0.52421875 0.58515625 0.05625 0.0859375
3 0.521875 0.50703125 0.04921875 0.06875
3 0.4859375 0.42734375 0.0421875 0.06328125
3 0.578125 0.74921875 0.05078125 0.0703125
3 0.59453125 0.759375 0.040625 0.059375
3 0.5140625 0.63046875 0.05390625 0.07734375
3 0.35625 0.2828125 0.0546875 0.0765625
3 0.34921875 0.2296875 0.0578125 0.06953125
3 0.28359375 0.3078125 0.053125 0.0734375
3 0.134375 0.53359375 0.05625 0.07578125
3 0.11640625 0.6625 0.03984375 0.06171875
4 0.53125 0.80859375 0.0546875 0.07421875
5 0.528125 0.86796875 0.0453125 0.06328125
5 0.57109375 0.8046875 0.040625 0.06171875
5 0.8890625 0.64296875 0.04375 0.065625
5 0.646875 0.60625 0.03515625 0.05390625
5 0.628125 0.55 0.0328125 0.04375
5 0.62578125 0.51328125 0.04140625 0.05625
5 0.6515625 0.51640625 0.02421875 0.03046875
5 0.6578125 0.48515625 0.03828125 0.04921875
5 0.6828125 0.4625 0.0328125 0.0546875
5 0.68828125 0.415625 0.03984375 0.053125
5 0.646875 0.4390625 0.03984375 0.06015625
5 0.57109375 0.48359375 0.0328125 0.053125
5 0.52890625 0.41015625 0.03203125 0.0546875
5 0.50078125 0.3515625 0.034375 0.0515625
5 0.49453125 0.28046875 0.0375 0.06015625
5 0.41484375 0.72578125 0.03828125 0.06484375
5 0.39140625 0.65625 0.03203125 0.053125
5 0.446875 0.57890625 0.03984375 0.05625
5 0.4328125 0.51171875 0.0328125 0.05
5 0.4 0.51328125 0.03359375 0.05390625
5 0.41328125 0.4640625 0.03203125 0.04765625
5 0.43671875 0.4359375 0.03203125 0.0484375
5 0.31015625 0.49609375 0.0328125 0.05390625
5 0.2859375 0.73125 0.034375 0.053125
5 0.2546875 0.71328125 0.034375 0.06015625
5 0.28046875 0.69140625 0.03203125 0.05625
5 0.39609375 0.26015625 0.0453125 0.0609375
5 0.26953125 0.24453125 0.053125 0.071875
5 0.2453125 0.28046875 0.0390625 0.0453125
5 0.59375 0.90703125 0.04296875 0.03671875
5 0.5515625 0.9125 0.0390625 0.04140625