3 0.30859375 0.48515625 0.0671875 0.1
3 0.234375 0.44609375 0.05546875 0.08515625
3 0.2671875 0.66015625 0.06796875 0.1
3 0.37578125 0.66875 0.06953125 0.10078125
3 0.51796875 0.4171875 0.06953125 0.1046875
3 0.48828125 0.48203125 0.05859375 0.0859375
3 0.48359375 0.57890625 0.05234375 0.07734375
3 0.54375 0.23515625 0.0609375 0.08828125
3 0.534375 0.21171875 0.04921875 0.0734375
3 0.54609375 0.390625 0.065625 0.096875
3 0.528125 0.81640625 0.065625 0.09609375
3 0.5109375 0.865625 0.06640625 0.0921875
3 0.59609375 0.86484375 0.0640625 0.09296875
3 0.809375 0.82265625 0.0671875 0.096875
3 0.87734375 0.73671875 0.05 0.075
4 0.60546875 0.23125 0.065625 0.09453125
5 0.6328125 0.18671875 0.0546875 0.0796875
5 0.571875 0.19765625 0.05 0.07578125
5 0.24921875 0.03515625 0.0546875 0.0703125
5 0.42890625 0.2859375 0.04296875 0.065625
5 0.4203125 0.3484375 0.03828125 0.05546875
5 0.4078125 0.3796875 0.04921875 0.071875
5 0.3875 0.353125 0.028125 0.03984375
5 0.36953125 0.37265625 0.04453125 0.0640625
5 0.340625 0.36796875 0.0421875 0.065625
5 0.31640625 0.40078125 0.04765625 0.06875
5 0.36015625 0.41953125 0.04921875 0.0734375
5 0.43828125 0.4546875 0.04140625 0.0640625
5 0.4421875 0.55390625 0.04140625 0.06484375
5 0.440625 0.6265625 0.0421875 0.0640625
5 0.41640625 0.68984375 0.046875 0.07265625
5 0.6640625 0.40703125 0.04921875 0.07734375
5 0.6546875 0.484375 0.040625 0.06328125
5 0.578125 0.49453125 0.0484375 0.07109375
5 0.56171875 0.56171875 0.040625 0.06171875
5 0.58828125 0.590625 0.0421875 0.06484375
5 0.55703125 0.61796875 0.0390625 0.05859375
5 0.52734375 0.61875 0.03984375 0.059375
5 0.653125 0.6890625 0.0421875 0.06484375
5 0.7703125 0.52265625 0.0421875 0.06484375
5 0.78828125 0.56640625 0.04453125 0.07109375
5 0.7578125 0.56015625 0.040625 0.065625
5 0.4859375 0.79765625 0.05390625 0.078125
5 0.58125 0.928125 0.06328125 0.09140625
5 0.615625 0.921875 0.04453125 0.0609375
5 0.59609375 0.09453125 0.0453125 0.05625
5 0.6328125 0.12890625 0.04375 0.0578125