3 0.18203125 0.18203125 0.10703125 0.15078125
3 0.153125 0.134375 0.08671875 0.12890625
3 0.2015625 0.54375 0.1171875 0.1828125
3 0.17109375 0.7015625 0.09375 0.14375
3 0.24375 0.4625 0.1109375 0.1578125
4 0.29609375 0.10703125 0.10390625 0.153125
5 0.22109375 0.07734375 0.08828125 0.12265625
5 0.484375 0.39609375 0.09453125 0.13984375
5 0.496875 0.55546875 0.06640625 0.10390625
5 0.0703125 0.7 0.078125 0.1140625
5 0.353125 0.640625 0.0828125 0.1015625
5 0.35 0.78828125 0.06953125 0.10078125
5 0.4125 0.81875 0.08125 0.1203125
5 0.36796875 0.890625 0.07265625 0.0859375
5 0.58125 0.94140625 0.07421875 0.1140625
5 0.73671875 0.51484375 0.084375 0.1125
5 0.79140625 0.58671875 0.078125 0.12265625
5 0.73203125 0.60234375 0.0640625 0.08984375