3 0.2046875 0.2375 0.14375 0.2046875
3 0.221875 0.63359375 0.1046875 0.1546875
3 0.5609375 0.4734375 0.1359375 0.19453125
3 0.60234375 0.3734375 0.1375 0.18515625
3 0.7046875 0.58671875 0.14453125 0.21328125
5 0.14609375 0.5515625 0.08515625 0.13203125
5 0.03984375 0.6375 0.0796875 0.11484375
5 0.2328125 0.4625 0.08203125 0.1265625
5 0.553125 0.94375 0.09375 0.11015625
5 0.28203125 0.3265625 0.103125 0.15546875
5 0.4875 0.378125 0.11328125 0.16796875
5 0.7515625 0.48359375 0.125 0.175
5 0.7796875 0.58125 0.09453125 0.1421875