3 0.2390625 0.32578125 0.08671875 0.1171875
3 0.35546875 0.47421875 0.10234375 0.14296875
3 0.484375 0.51640625 0.11015625 0.153125
3 0.403125 0.7921875 0.10625 0.14296875
5 0.25625 0.07265625 0.0546875 0.084375
5 0.4234375 0.1140625 0.075 0.10859375
5 0.28828125 0.196875 0.0578125 0.08046875
5 0.290625 0.32109375 0.0640625 0.09765625
5 0.30625 0.471875 0.0421875 0.11484375
5 0.43828125 0.4390625 0.0609375 0.07734375
5 0.4671875 0.40546875 0.065625 0.071875
5 0.403125 0.640625 0.0859375 0.11484375
5 0.46953125 0.6078125 0.07265625 0.090625
5 0.47421875 0.66015625 0.071875 0.05546875