3 0.3109375 0.18515625 0.1078125 0.1546875
3 0.37734375 0.3890625 0.128125 0.1875
3 0.48203125 0.5046875 0.1375 0.20078125
3 0.3359375 0.70546875 0.13203125 0.18984375
5 0.39375 0.01015625 0.0703125 0.01953125
5 0.534375 0.103125 0.09453125 0.140625
5 0.38984375 0.0984375 0.071875 0.10546875
5 0.359375 0.21171875 0.0828125 0.125
5 0.3328125 0.35703125 0.06796875 0.12578125
5 0.46171875 0.40703125 0.07421875 0.1046875
5 0.496875 0.39375 0.0765625 0.10234375
5 0.37578125 0.56875 0.10625 0.15234375
5 0.4453125 0.57890625 0.08828125 0.1234375
5 0.43515625 0.62890625 0.078125 0.0921875