3 0.7265625 0.13125 0.06484375 0.0921875
3 0.6734375 0.1046875 0.06328125 0.09296875
3 0.62421875 0.17421875 0.06484375 0.096875
3 0.5875 0.14609375 0.06015625 0.0890625
3 0.55703125 0.22421875 0.071875 0.0953125
3 0.75546875 0.234375 0.0609375 0.0875
3 0.65390625 0.2984375 0.04765625 0.075
3 0.82265625 0.3453125 0.04609375 0.06875
3 0.83046875 0.49140625 0.0515625 0.07578125
3 0.825 0.58828125 0.0578125 0.08359375
3 0.809375 0.6125 0.03125 0.05390625
3 0.68359375 0.51015625 0.0671875 0.096875
3 0.6375 0.5875 0.0609375 0.08984375
3 0.6328125 0.64921875 0.05234375 0.08046875
3 0.6125 0.475 0.05078125 0.07734375
3 0.56953125 0.490625 0.0484375 0.07265625
3 0.54765625 0.428125 0.04140625 0.06171875
3 0.35390625 0.58046875 0.06484375 0.09375
3 0.13125 0.59609375 0.0796875 0.11640625
3 0.24453125 0.4765625 0.0578125 0.08046875
4 0.85078125 0.6234375 0.05546875 0.08046875
4 0.19765625 0.77109375 0.04140625 0.0625
5 0.85234375 0.43515625 0.04140625 0.059375
5 0.83046875 0.384375 0.0359375 0.053125
5 0.83828125 0.3421875 0.04140625 0.06328125
5 0.85859375 0.3046875 0.0390625 0.05859375
5 0.84375 0.2703125 0.0453125 0.0625
5 0.8125 0.31640625 0.0421875 0.0609375
5 0.7890625 0.3015625 0.040625 0.059375
5 0.79296875 0.26796875 0.03515625 0.05234375
5 0.759375 0.303125 0.03203125 0.04765625
5 0.753125 0.2703125 0.0375 0.05859375
5 0.7 0.33359375 0.040625 0.065625
5 0.65546875 0.4171875 0.03828125 0.0578125
5 0.6375 0.3875 0.0390625 0.05859375
5 0.634375 0.440625 0.03515625 0.05625
5 0.6375 0.515625 0.03984375 0.06015625
5 0.6078125 0.51953125 0.03671875 0.05625
5 0.696875 0.621875 0.046875 0.071875
5 0.6734375 0.5984375 0.0328125 0.0484375
5 0.57890625 0.421875 0.03984375 0.06015625
5 0.559375 0.41484375 0.0375 0.05703125
5 0.6796875 0.27421875 0.040625 0.06171875
5 0.71796875 0.228125 0.03515625 0.0515625
5 0.69609375 0.23984375 0.04140625 0.06328125
5 0.69921875 0.16328125 0.0453125 0.06484375
5 0.5171875 0.703125 0.04296875 0.06640625
5 0.5640625 0.1515625 0.046875 0.06796875
5 0.53984375 0.1921875 0.04453125 0.0640625