3 0.23828125 0.88515625 0.06953125 0.0984375
3 0.2953125 0.9203125 0.06796875 0.09921875
3 0.35234375 0.84921875 0.0703125 0.103125
3 0.390625 0.884375 0.0640625 0.0953125
3 0.42890625 0.803125 0.07734375 0.10078125
3 0.21171875 0.76953125 0.065625 0.09296875
3 0.32578125 0.7109375 0.05078125 0.08046875
3 0.14375 0.63984375 0.04921875 0.0734375
3 0.1421875 0.4796875 0.0546875 0.08125
3 0.153125 0.375 0.0625 0.0890625
3 0.171875 0.35 0.0328125 0.05859375
3 0.30390625 0.47578125 0.07265625 0.103125
3 0.3578125 0.39609375 0.065625 0.096875
3 0.36640625 0.3296875 0.05546875 0.08671875
3 0.38046875 0.521875 0.0546875 0.0828125
3 0.428125 0.509375 0.0515625 0.078125
3 0.44921875 0.58125 0.04453125 0.06640625
3 0.66796875 0.4359375 0.06953125 0.10078125
3 0.9125 0.44375 0.08515625 0.125
3 0.7828125 0.56171875 0.0625 0.08515625
4 0.1265625 0.33359375 0.059375 0.0859375
4 0.84921875 0.24453125 0.04453125 0.06640625
5 0.11640625 0.5390625 0.04453125 0.0640625
5 0.13671875 0.596875 0.03828125 0.05703125
5 0.1265625 0.6421875 0.04453125 0.0671875
5 0.10234375 0.68046875 0.04140625 0.0625
5 0.1171875 0.7203125 0.0484375 0.06640625
5 0.153125 0.6734375 0.0453125 0.065625
5 0.17890625 0.6921875 0.04296875 0.06328125
5 0.17265625 0.728125 0.03828125 0.05546875
5 0.2109375 0.69375 0.034375 0.05078125
5 0.215625 0.7296875 0.03984375 0.0625
5 0.278125 0.6671875 0.04296875 0.07109375
5 0.33046875 0.58046875 0.040625 0.06171875
5 0.3484375 0.61484375 0.04140625 0.06328125
5 0.3546875 0.55703125 0.0375 0.06015625
5 0.3546875 0.475 0.04296875 0.06484375
5 0.3875 0.47421875 0.0390625 0.06015625
5 0.2953125 0.35234375 0.05 0.078125
5 0.31953125 0.38046875 0.03515625 0.05234375
5 0.41484375 0.58359375 0.04296875 0.06484375
5 0.43515625 0.59375 0.03984375 0.0609375
5 0.296875 0.734375 0.04296875 0.06640625
5 0.253125 0.7796875 0.0375 0.0546875
5 0.2765625 0.7703125 0.04453125 0.06796875
5 0.2703125 0.85390625 0.0484375 0.06953125
5 0.49609375 0.28359375 0.0453125 0.071875
5 0.4171875 0.88125 0.05 0.071875
5 0.4453125 0.8390625 0.04765625 0.06796875