3 0.28515625 0.46328125 0.084375 0.103125
3 0.24296875 0.24921875 0.071875 0.10625
3 0.49921875 0.55546875 0.07734375 0.1125
3 0.53125 0.63359375 0.07421875 0.07734375
3 0.63203125 0.56875 0.0828125 0.1078125
4 0.31640625 0.2359375 0.04921875 0.075
4 0.34765625 0.3421875 0.04921875 0.05
4 0.34765625 0.453125 0.05546875 0.08125
4 0.44140625 0.5625 0.05234375 0.0875
4 0.60390625 0.68203125 0.078125 0.09765625
4 0.659375 0.63984375 0.059375 0.0796875
4 0.60703125 0.2375 0.059375 0.08984375
4 0.546875 0.1484375 0.05546875 0.07265625