3 0.44375 0.9453125 0.078125 0.109375
3 0.46796875 0.8 0.1109375 0.159375
3 0.5171875 0.821875 0.06875 0.11171875
3 0.5859375 0.7546875 0.12265625 0.17890625
3 0.48515625 0.7015625 0.12265625 0.17265625
3 0.26640625 0.46640625 0.1125 0.171875
3 0.359375 0.4578125 0.11796875 0.17734375
3 0.43046875 0.4328125 0.09765625 0.15234375
3 0.50078125 0.3578125 0.115625 0.165625
3 0.52890625 0.41640625 0.09765625 0.125
3 0.4390625 0.32734375 0.11328125 0.15859375
3 0.52265625 0.27109375 0.121875 0.178125
4 0.31640625 0.62265625 0.11015625 0.165625
4 0.4734375 0.590625 0.1046875 0.1625