3 0.9296875 0.390625 0.09296875 0.13125
3 0.88828125 0.53515625 0.0953125 0.14375
3 0.75703125 0.6171875 0.11796875 0.1703125
3 0.7234375 0.72578125 0.10703125 0.1421875
3 0.61640625 0.89375 0.13515625 0.1921875
3 0.60078125 0.534375 0.11875 0.14453125
3 0.45078125 0.53671875 0.06171875 0.078125
3 0.24375 0.05625 0.125 0.1125
5 0.83203125 0.68046875 0.09921875 0.14375
5 0.590625 0.66875 0.103125 0.14921875
5 0.5390625 0.58515625 0.0859375 0.1265625
5 0.253125 0.4265625 0.065625 0.11484375
5 0.4921875 0.2375 0.0703125 0.10078125
5 0.55078125 0.23125 0.0671875 0.0921875
5 0.528125 0.14375 0.07734375 0.11171875