3 0.8578125 0.52265625 0.10546875 0.16171875
3 0.8609375 0.4046875 0.11328125 0.16953125
3 0.8453125 0.64375 0.11015625 0.16328125
3 0.703125 0.74453125 0.1 0.1515625
3 0.64140625 0.68359375 0.10078125 0.15
3 0.60390625 0.7609375 0.0859375 0.134375
3 0.73984375 0.4 0.11875 0.17265625
3 0.696875 0.3046875 0.1078125 0.13984375
3 0.67265625 0.5125 0.1125 0.1796875
3 0.58125 0.496875 0.078125 0.1375
3 0.53515625 0.5203125 0.1046875 0.1515625
3 0.53984375 0.61875 0.07421875 0.1203125
3 0.51796875 0.4484375 0.0921875 0.12734375
3 0.47578125 0.45234375 0.08671875 0.15703125
3 0.4140625 0.48046875 0.109375 0.1609375
3 0.3734375 0.409375 0.09296875 0.11328125
3 0.328125 0.36640625 0.08046875 0.12890625
3 0.284375 0.371875 0.1203125 0.18984375
3 0.2515625 0.43203125 0.10546875 0.15078125
3 0.24609375 0.56484375 0.1203125 0.1921875
3 0.18046875 0.41875 0.1140625 0.1796875
3 0.10625 0.46015625 0.12578125 0.18359375
4 0.734375 0.51875 0.09921875 0.1421875
4 0.5484375 0.68984375 0.07734375 0.1125
4 0.4859375 0.57421875 0.06796875 0.10390625
5 0.3234375 0.496875 0.0953125 0.1375
5 0.11953125 0.634375 0.08359375 0.13359375
5 0.415625 0.75859375 0.06796875 0.10078125