3 0.8984375 0.459375 0.115625 0.17734375
3 0.90546875 0.590625 0.12421875 0.1859375
3 0.88125 0.325 0.12109375 0.17890625
3 0.71953125 0.221875 0.109375 0.165625
3 0.65234375 0.29375 0.1109375 0.1640625
3 0.60859375 0.21015625 0.09375 0.146875
3 0.7703125 0.60390625 0.13046875 0.1890625
3 0.725 0.7125 0.11953125 0.15234375
3 0.69140625 0.48203125 0.1234375 0.19765625
3 0.590625 0.50546875 0.084375 0.15234375
3 0.53828125 0.4828125 0.115625 0.165625
3 0.540625 0.37265625 0.08125 0.13203125
3 0.52109375 0.5640625 0.1015625 0.1390625
3 0.4734375 0.56171875 0.09375 0.1734375
3 0.4046875 0.534375 0.1203125 0.1765625
3 0.3609375 0.61640625 0.103125 0.121875
3 0.31171875 0.6671875 0.0875 0.14140625
3 0.2625 0.6640625 0.13203125 0.20859375
3 0.22421875 0.5984375 0.11640625 0.16484375
3 0.21484375 0.45078125 0.13125 0.21171875
3 0.1453125 0.61796875 0.125 0.19765625
3 0.065625 0.5765625 0.13125 0.20078125
4 0.7609375 0.471875 0.109375 0.15546875
4 0.5484375 0.29296875 0.084375 0.1234375
4 0.48203125 0.425 0.07421875 0.11484375
5 0.303125 0.521875 0.1046875 0.15078125
5 0.071875 0.38125 0.09140625 0.146875
5 0.3984375 0.22421875 0.075 0.11015625