3 0.7921875 0.23515625 0.08828125 0.1375
3 0.83203125 0.33125 0.0953125 0.14296875
3 0.74375 0.14375 0.09375 0.13671875
3 0.59375 0.16015625 0.08359375 0.128125
3 0.56171875 0.2546875 0.08515625 0.12578125
3 0.50625 0.2171875 0.07109375 0.11484375
3 0.7328125 0.42109375 0.10078125 0.14375
3 0.7265625 0.53046875 0.0953125 0.11171875
3 0.640625 0.375 0.09296875 0.15390625
3 0.56953125 0.453125 0.06171875 0.121875
3 0.52421875 0.46640625 0.08984375 0.12578125
3 0.496875 0.38125 0.06171875 0.103125
3 0.5328125 0.53828125 0.0796875 0.10390625
3 0.49609375 0.56484375 0.06796875 0.13984375
3 0.4359375 0.584375 0.09296875 0.13515625
3 0.42421875 0.67265625 0.0828125 0.0875
3 0.40078125 0.740625 0.065625 0.1109375
3 0.3625 0.7671875 0.1 0.1625
3 0.315625 0.740625 0.090625 0.12421875
3 0.26953125 0.6328125 0.09921875 0.165625
3 0.2609375 0.8015625 0.09453125 0.15390625
3 0.18671875 0.81953125 0.10703125 0.153125
4 0.690625 0.32578125 0.08515625 0.11796875
4 0.48203125 0.315625 0.06484375 0.09453125
4 0.46640625 0.45546875 0.05625 0.08828125
5 0.35546875 0.63515625 0.08125 0.1140625
5 0.14296875 0.665625 0.06875 0.11484375
5 0.35 0.35234375 0.0578125 0.084375