3 0.8296875 0.253125 0.084375 0.15234375
3 0.75625 0.26796875 0.10234375 0.15
3 0.6921875 0.7671875 0.084375 0.10703125
3 0.6296875 0.740625 0.08671875 0.13671875
3 0.6953125 0.45 0.0859375 0.12109375
3 0.3765625 0.4140625 0.06953125 0.10234375
3 0.30390625 0.4078125 0.075 0.11640625
3 0.290625 0.50390625 0.07109375 0.09375
5 0.84296875 0.43515625 0.0703125 0.10546875
5 0.73359375 0.546875 0.0671875 0.09140625
5 0.73671875 0.6734375 0.06015625 0.08515625
5 0.69609375 0.63125 0.0484375 0.0625
5 0.24765625 0.5859375 0.05546875 0.08515625
5 0.115625 0.31328125 0.0625 0.08515625
5 0.12578125 0.2296875 0.06328125 0.06796875