3 0.71328125 0.81171875 0.07265625 0.11015625
3 0.6390625 0.71171875 0.103125 0.14765625
3 0.60703125 0.7703125 0.06328125 0.1046875
3 0.528125 0.7734375 0.11484375 0.165625
3 0.5890625 0.64765625 0.11484375 0.159375
3 0.67734375 0.278125 0.1046875 0.16015625
3 0.6 0.3484375 0.11015625 0.16484375
3 0.53359375 0.38671875 0.090625 0.1421875
3 0.45 0.3859375 0.1078125 0.15390625
3 0.44921875 0.45625 0.0921875 0.1140625
3 0.48828125 0.31015625 0.10625 0.146875
3 0.4 0.334375 0.11328125 0.165625
4 0.69453125 0.4453125 0.10234375 0.15390625
4 0.5578125 0.54921875 0.096875 0.1515625