3 0.421875 0.103125 0.06796875 0.09765625
3 0.45390625 0.1375 0.07421875 0.11328125
3 0.465625 0.246875 0.06015625 0.08671875
3 0.4296875 0.41484375 0.05625 0.08359375
3 0.4671875 0.4171875 0.06171875 0.09609375
3 0.609375 0.53984375 0.0546875 0.0734375
3 0.6546875 0.31015625 0.0484375 0.078125
3 0.69765625 0.3203125 0.06875 0.10234375
3 0.68984375 0.38203125 0.05546875 0.07265625
5 0.18046875 0.51640625 0.05 0.08046875
5 0.3265625 0.5703125 0.05078125 0.0734375
5 0.38671875 0.20546875 0.04296875 0.065625
5 0.40390625 0.1828125 0.05 0.06796875
5 0.43203125 0.2875 0.04765625 0.06953125
5 0.415625 0.359375 0.04296875 0.06015625
5 0.4453125 0.34140625 0.03515625 0.05546875
5 0.47109375 0.3515625 0.03046875 0.0453125
5 0.83828125 0.30859375 0.04921875 0.0734375
5 0.7703125 0.371875 0.04453125 0.0703125
5 0.71640625 0.43125 0.0421875 0.06640625