3 0.628125 0.821875 0.05390625 0.075
3 0.59609375 0.80234375 0.0578125 0.0890625
3 0.5703125 0.71171875 0.04765625 0.06640625
3 0.57734375 0.55625 0.04375 0.06484375
3 0.54453125 0.56640625 0.04765625 0.0765625
3 0.40546875 0.50625 0.04453125 0.0546875
3 0.3984375 0.71796875 0.03671875 0.06328125
3 0.3609375 0.72265625 0.05390625 0.0796875
3 0.35859375 0.6671875 0.04609375 0.053125
5 0.7765625 0.3890625 0.03828125 0.06484375
5 0.64375 0.38984375 0.040625 0.05625
5 0.64375 0.72265625 0.03359375 0.0515625
5 0.63203125 0.746875 0.040625 0.0515625
5 0.59296875 0.66640625 0.0375 0.05390625
5 0.596875 0.59921875 0.03515625 0.0453125
5 0.57421875 0.62421875 0.0265625 0.04375
5 0.55 0.62421875 0.0234375 0.03515625
5 0.24140625 0.778125 0.03828125 0.0578125
5 0.290625 0.70234375 0.034375 0.05625
5 0.328125 0.63359375 0.0328125 0.05234375