3 0.51328125 0.75859375 0.059375 0.08984375
3 0.48828125 0.71015625 0.06953125 0.10703125
3 0.590625 0.59453125 0.07265625 0.1109375
3 0.6609375 0.53359375 0.08515625 0.128125
3 0.7046875 0.565625 0.071875 0.11171875
3 0.428125 0.39375 0.05859375 0.08984375
3 0.39140625 0.35234375 0.0703125 0.10546875
3 0.36171875 0.39453125 0.06328125 0.090625
5 0.5578125 0.73515625 0.046875 0.06796875
5 0.546875 0.76015625 0.0359375 0.04296875
5 0.55078125 0.6875 0.04453125 0.0671875
5 0.52265625 0.665625 0.040625 0.06484375
5 0.5875 0.6671875 0.0546875 0.08125
5 0.665625 0.66796875 0.05078125 0.0765625
5 0.665625 0.63515625 0.05546875 0.07890625
5 0.63203125 0.58515625 0.0484375 0.06875
5 0.8265625 0.3546875 0.06171875 0.0859375
5 0.51328125 0.02890625 0.0453125 0.0578125
5 0.49453125 0.04765625 0.04375 0.06484375
5 0.546875 0.0265625 0.0421875 0.053125
5 0.31875 0.2921875 0.05 0.075
5 0.30703125 0.1703125 0.05 0.07578125
5 0.31328125 0.40390625 0.04453125 0.06484375
5 0.2859375 0.4859375 0.04140625 0.0609375