3 0.83359375 0.3015625 0.06328125 0.090625
3 0.796875 0.28828125 0.06015625 0.08359375
3 0.7546875 0.1921875 0.05078125 0.0703125
3 0.56171875 0.23828125 0.0375 0.07109375
3 0.51953125 0.25234375 0.053125 0.07734375
3 0.50859375 0.1953125 0.04921875 0.05390625
3 0.88203125 0.82890625 0.0546875 0.07421875
3 0.540625 0.596875 0.04921875 0.06640625
3 0.48203125 0.5453125 0.0421875 0.0625
3 0.4609375 0.56328125 0.04453125 0.06953125
3 0.3875 0.8265625 0.0640625 0.08359375
5 0.84375 0.1828125 0.040625 0.0546875
5 0.778125 0.13046875 0.03515625 0.05078125
5 0.8765625 0.54375 0.03984375 0.053125
5 0.81015625 0.7265625 0.03359375 0.053125
5 0.78515625 0.79375 0.04375 0.0640625
5 0.4140625 0.715625 0.03671875 0.04921875
5 0.41328125 0.79453125 0.0375 0.04921875
5 0.36484375 0.775 0.04296875 0.05859375