3 0.153125 0.74296875 0.0703125 0.10078125
3 0.19296875 0.7546875 0.0671875 0.09296875
3 0.240625 0.8546875 0.05625 0.078125
3 0.44609375 0.79140625 0.0421875 0.07890625
3 0.49140625 0.77421875 0.059375 0.0859375
3 0.5046875 0.83515625 0.05390625 0.06171875
3 0.084375 0.17890625 0.0609375 0.08359375
3 0.4578125 0.40546875 0.0546875 0.075
3 0.52265625 0.45703125 0.04765625 0.0703125
3 0.54453125 0.43671875 0.05 0.078125
3 0.615625 0.1484375 0.07109375 0.09375
5 0.1453125 0.8703125 0.0453125 0.0609375
5 0.2171875 0.92265625 0.0390625 0.05703125
5 0.09921875 0.4859375 0.04453125 0.059375
5 0.16484375 0.284375 0.0375 0.059375
5 0.18984375 0.21015625 0.04921875 0.071875
5 0.590625 0.26875 0.040625 0.05546875
5 0.5890625 0.184375 0.04140625 0.0546875
5 0.64140625 0.20234375 0.04765625 0.06484375