3 0.12890625 0.51484375 0.08046875 0.11875
3 0.16171875 0.5484375 0.0765625 0.11015625
3 0.17890625 0.665625 0.0640625 0.0921875
3 0.378125 0.728125 0.0515625 0.0875
3 0.4234375 0.73828125 0.06796875 0.10078125
3 0.41953125 0.8 0.059375 0.0765625
3 0.2125 0.01171875 0.06953125 0.02265625
3 0.48828125 0.390625 0.06171875 0.08828125
3 0.53203125 0.47421875 0.0546875 0.08203125
3 0.55703125 0.46796875 0.05859375 0.08984375
3 0.69453125 0.25234375 0.08046875 0.1125
5 0.08984375 0.625 0.0515625 0.07265625
5 0.140625 0.7125 0.0453125 0.06640625
5 0.14765625 0.2546875 0.05078125 0.07109375
5 0.25703125 0.11328125 0.04375 0.06796875
5 0.29921875 0.06171875 0.05703125 0.084375
5 0.64140625 0.3453125 0.04609375 0.065625
5 0.66171875 0.26953125 0.046875 0.065625
5 0.70390625 0.315625 0.05390625 0.07734375