3 0.296875 0.6265625 0.10546875 0.1671875
3 0.3453125 0.56796875 0.1171875 0.1703125
3 0.40234375 0.46484375 0.09765625 0.13515625
3 0.403125 0.359375 0.1125 0.17265625
3 0.47421875 0.31328125 0.09921875 0.14765625
3 0.41171875 0.21640625 0.115625 0.17109375
3 0.61328125 0.63203125 0.103125 0.159375
3 0.59453125 0.5078125 0.1171875 0.190625
3 0.69765625 0.45625 0.10703125 0.16015625
3 0.7578125 0.56484375 0.0890625 0.1375
4 0.37734375 0.72890625 0.1 0.14921875
4 0.475 0.58515625 0.10703125 0.14765625
4 0.4625 0.4390625 0.10625 0.1453125
4 0.52265625 0.35078125 0.1 0.1515625