3 0.8859375 0.20078125 0.14296875 0.31640625
3 0.76328125 0.26953125 0.225 0.3234375
3 0.7765625 0.4703125 0.15625 0.215625
3 0.721875 0.62578125 0.1671875 0.30546875
3 0.63671875 0.70078125 0.2515625 0.3875
3 0.52109375 0.66015625 0.18046875 0.29375
3 0.4015625 0.4328125 0.24296875 0.38984375
3 0.40078125 0.81171875 0.22265625 0.36640625
3 0.2296875 0.85 0.221875 0.29765625
5 0.1171875 0.54375 0.17109375 0.26875
5 0.59609375 0.40234375 0.2109375 0.29765625
4 0.8296875 0.0484375 0.16328125 0.096875