3 0.1015625 0.671875 0.103125 0.28671875
3 0.22890625 0.65390625 0.1890625 0.265625
3 0.2515625 0.4578125 0.13125 0.175
3 0.3296875 0.33203125 0.1296875 0.2671875
3 0.42421875 0.29375 0.2078125 0.32265625
3 0.52578125 0.3765625 0.146875 0.25
3 0.60078125 0.6390625 0.19765625 0.3296875
3 0.66640625 0.27890625 0.18046875 0.3125
3 0.83828125 0.29140625 0.184375 0.27734375
5 0.8890625 0.64296875 0.1390625 0.2265625
5 0.41015625 0.5921875 0.17890625 0.24296875
4 0.11953125 0.88515625 0.14296875 0.153125