3 0.15390625 0.15234375 0.16015625 0.30390625
3 0.2734375 0.22890625 0.2390625 0.34765625
3 0.24609375 0.43046875 0.16484375 0.2328125
3 0.290625 0.5953125 0.1828125 0.31953125
3 0.37265625 0.68359375 0.26953125 0.41171875
3 0.49140625 0.66015625 0.1953125 0.3125
3 0.62734375 0.44765625 0.2625 0.41328125
3 0.60234375 0.81796875 0.240625 0.36171875
3 0.771875 0.8671875 0.2375 0.26328125
5 0.90625 0.603125 0.18359375 0.284375
5 0.4328125 0.38828125 0.225 0.32109375
4 0.22421875 0.02734375 0.171875 0.05390625