3 0.10234375 0.31484375 0.10859375 0.29375
3 0.23125 0.346875 0.196875 0.27734375
3 0.24453125 0.5484375 0.1375 0.1828125
3 0.31796875 0.684375 0.1375 0.27578125
3 0.41171875 0.73359375 0.215625 0.33671875
3 0.5203125 0.66015625 0.153125 0.26015625
3 0.6078125 0.40234375 0.20703125 0.34296875
3 0.65703125 0.77421875 0.1890625 0.3234375
3 0.83203125 0.78046875 0.1921875 0.2890625
5 0.90078125 0.42890625 0.1453125 0.23515625
5 0.4125 0.42890625 0.18515625 0.25234375
4 0.13125 0.1 0.14765625 0.16015625