3 0.54609375 0.259375 0.07421875 0.10859375
3 0.64609375 0.525 0.0671875 0.1015625
3 0.61328125 0.615625 0.0828125 0.12265625
3 0.55 0.67734375 0.09296875 0.1328125
3 0.52578125 0.45859375 0.0796875 0.1078125
3 0.32265625 0.3296875 0.0796875 0.121875
3 0.21640625 0.35 0.08125 0.12265625
3 0.2421875 0.61171875 0.059375 0.084375
3 0.12265625 0.70703125 0.06796875 0.1296875
3 0.31484375 0.61640625 0.05703125 0.08984375
3 0.2640625 0.65625 0.06484375 0.09140625
5 0.61953125 0.7109375 0.07109375 0.1015625
5 0.5734375 0.70859375 0.0578125 0.08359375
5 0.578125 0.75703125 0.05234375 0.07421875
5 0.55859375 0.6265625 0.04453125 0.06171875
5 0.5265625 0.634375 0.046875 0.065625
5 0.6140625 0.53984375 0.0484375 0.07265625
5 0.58828125 0.4671875 0.0453125 0.06640625
5 0.5828125 0.38046875 0.04375 0.06875
5 0.50859375 0.4125 0.05703125 0.08125
5 0.44296875 0.3953125 0.0515625 0.0765625
5 0.59765625 0.2625 0.046875 0.0671875
5 0.34375 0.2703125 0.05 0.07265625
5 0.33046875 0.175 0.05859375 0.07578125
5 0.1421875 0.353125 0.059375 0.07890625
5 0.3296875 0.53515625 0.0515625 0.0765625
5 0.2703125 0.50625 0.04921875 0.06640625