3 0.35234375 0.31796875 0.18828125 0.25390625
3 0.43828125 0.14921875 0.1125 0.16796875
3 0.59375 0.35390625 0.17890625 0.265625
3 0.6984375 0.28515625 0.1328125 0.1890625
3 0.5390625 0.93046875 0.125 0.1375
5 0.0921875 0.46484375 0.1171875 0.17890625
5 0.34140625 0.03203125 0.1296875 0.0640625
5 0.31015625 0.18125 0.11015625 0.1640625
5 0.384375 0.421875 0.1234375 0.1765625
5 0.4921875 0.53984375 0.09921875 0.14375
5 0.4703125 0.7203125 0.109375 0.14375
5 0.33984375 0.7828125 0.11015625 0.16328125
5 0.41328125 0.89140625 0.0953125 0.14375
5 0.75625 0.38515625 0.1421875 0.19375