3 0.0640625 0.65234375 0.04609375 0.08984375
3 0.3703125 0.48359375 0.0703125 0.10390625
3 0.453125 0.5078125 0.07421875 0.1046875
3 0.52734375 0.6046875 0.0625 0.09375
3 0.52578125 0.53359375 0.06328125 0.09296875
3 0.54921875 0.5078125 0.0578125 0.08515625
5 0.4734375 0.68203125 0.03515625 0.0484375
5 0.490625 0.6265625 0.04296875 0.06328125
5 0.475 0.5765625 0.03984375 0.06796875
5 0.58515625 0.53828125 0.04765625 0.07421875
5 0.62265625 0.51015625 0.05 0.078125
5 0.65 0.58359375 0.03671875 0.053125
5 0.77578125 0.57890625 0.05 0.06875