3 0.11328125 0.3828125 0.04375 0.08203125
3 0.40078125 0.41484375 0.065625 0.096875
3 0.4609375 0.4796875 0.06796875 0.09765625
3 0.49765625 0.59921875 0.0578125 0.08671875
3 0.51328125 0.540625 0.059375 0.08671875
3 0.5390625 0.5328125 0.053125 0.07890625
5 0.43515625 0.63125 0.0328125 0.0453125
5 0.4625 0.59609375 0.03984375 0.059375
5 0.4625 0.54765625 0.0375 0.0625
5 0.56015625 0.57734375 0.04453125 0.06875
5 0.59765625 0.57578125 0.046875 0.07265625
5 0.6015625 0.64921875 0.03359375 0.04921875
5 0.70390625 0.71484375 0.04609375 0.06484375