3 0.9453125 0.48203125 0.040625 0.08359375
3 0.625 0.43515625 0.06484375 0.0953125
3 0.55 0.4890625 0.06796875 0.0953125
3 0.49453125 0.609375 0.05703125 0.0859375
3 0.48515625 0.540625 0.05859375 0.08515625
3 0.4578125 0.52578125 0.053125 0.07734375
5 0.559375 0.66328125 0.0328125 0.04375
5 0.53359375 0.61640625 0.0390625 0.0578125
5 0.540625 0.56328125 0.0359375 0.06328125
5 0.42890625 0.56796875 0.04375 0.06796875
5 0.38828125 0.55546875 0.0453125 0.071875
5 0.375 0.63515625 0.03359375 0.0484375
5 0.25390625 0.678125 0.0453125 0.0625