3 0.94140625 0.3375 0.0515625 0.09453125
3 0.61484375 0.3953125 0.07578125 0.11328125
3 0.5484375 0.4734375 0.0796875 0.11484375
3 0.51015625 0.61171875 0.06796875 0.1015625
3 0.490625 0.546875 0.06875 0.1015625
3 0.4609375 0.53984375 0.0625 0.0921875
5 0.5828125 0.64453125 0.03828125 0.053125
5 0.55 0.60625 0.04609375 0.06875
5 0.54921875 0.55078125 0.04453125 0.07265625
5 0.43828125 0.59140625 0.0515625 0.0796875
5 0.39609375 0.5921875 0.0546875 0.084375
5 0.39375 0.6765625 0.03984375 0.0578125
5 0.2796875 0.75859375 0.053125 0.07578125