3 0.10625 0.5421875 0.0921875 0.1609375
3 0.159375 0.434375 0.11171875 0.1734375
3 0.1453125 0.634375 0.10390625 0.13671875
3 0.27890625 0.4234375 0.09765625 0.1375
3 0.23671875 0.45625 0.06328125 0.11640625
3 0.27890625 0.33359375 0.07265625 0.11875
3 0.30390625 0.496875 0.090625 0.12421875
3 0.353125 0.48125 0.065625 0.125
3 0.39921875 0.4609375 0.1015625 0.15234375
3 0.54609375 0.384375 0.1171875 0.17890625
3 0.51875 0.56875 0.115625 0.1828125
3 0.6171875 0.52265625 0.1125 0.17109375
3 0.6875 0.47421875 0.09921875 0.14609375
4 0.09296875 0.43359375 0.09921875 0.14140625
4 0.28203125 0.2671875 0.0796875 0.115625
4 0.33828125 0.37265625 0.08125 0.13046875
4 0.47265625 0.4484375 0.09765625 0.14375
5 0.678125 0.31015625 0.078125 0.121875
5 0.2109375 0.4828125 0.08046875 0.12890625
5 0.16796875 0.55234375 0.0796875 0.1109375