3 0.11328125 0.77734375 0.075 0.1109375
3 0.36640625 0.478125 0.08125 0.1140625
3 0.5015625 0.4171875 0.08203125 0.1171875
3 0.540625 0.4453125 0.05390625 0.08984375
3 0.596875 0.46953125 0.075 0.109375
3 0.57421875 0.4015625 0.084375 0.12265625
5 0.15390625 0.75703125 0.053125 0.08125
5 0.33515625 0.525 0.0484375 0.071875
5 0.42578125 0.50546875 0.05234375 0.0765625
5 0.4171875 0.4546875 0.05 0.078125
5 0.559375 0.50859375 0.04921875 0.075
5 0.5109375 0.48828125 0.05078125 0.078125
5 0.64375 0.37109375 0.04921875 0.075
5 0.678125 0.415625 0.03671875 0.0578125
5 0.81484375 0.33125 0.05 0.07734375