3 0.0875 0.60625 0.06484375 0.09375
3 0.378125 0.425 0.07109375 0.09375
3 0.5171875 0.421875 0.071875 0.096875
3 0.5484375 0.4640625 0.04375 0.08046875
3 0.59765625 0.509375 0.06484375 0.09140625
3 0.58828125 0.4359375 0.07265625 0.103125
5 0.1296875 0.603125 0.04453125 0.0703125
5 0.340625 0.45703125 0.04140625 0.06171875
5 0.4296875 0.475 0.04453125 0.06484375
5 0.43046875 0.4234375 0.0421875 0.0671875
5 0.5546875 0.53125 0.04140625 0.0640625
5 0.51328125 0.4921875 0.04296875 0.0671875
5 0.659375 0.43515625 0.040625 0.06484375
5 0.6828125 0.490625 0.0296875 0.05078125
5 0.8265625 0.46640625 0.0421875 0.06640625