3 0.084375 0.27890625 0.075 0.11015625
3 0.3640625 0.54921875 0.08125 0.11171875
3 0.50703125 0.5921875 0.0828125 0.115625
3 0.5453125 0.55703125 0.053125 0.090625
3 0.60234375 0.52421875 0.075 0.10859375
3 0.5828125 0.59765625 0.084375 0.121875
5 0.128125 0.29375 0.05234375 0.08125
5 0.32890625 0.50546875 0.0484375 0.071875
5 0.4234375 0.5125 0.0515625 0.07578125
5 0.41796875 0.56640625 0.05 0.078125
5 0.56015625 0.48984375 0.04921875 0.075
5 0.5125 0.51796875 0.05078125 0.078125
5 0.65703125 0.61875 0.0484375 0.075
5 0.68828125 0.56796875 0.0359375 0.0578125
5 0.834375 0.634375 0.05 0.07734375