3 0.65 0.5984375 0.0734375 0.10390625
3 0.846875 0.4859375 0.06953125 0.1
3 0.8640625 0.371875 0.07890625 0.10078125
3 0.6046875 0.35 0.07734375 0.109375
3 0.5390625 0.390625 0.07421875 0.11015625
3 0.3578125 0.565625 0.0578125 0.09453125
3 0.3265625 0.5234375 0.06015625 0.10078125
3 0.275 0.5515625 0.06484375 0.10078125
3 0.303125 0.11484375 0.065625 0.1
5 0.76875 0.97578125 0.05078125 0.04765625
5 0.87890625 0.5234375 0.04765625 0.06171875
5 0.88984375 0.47578125 0.03984375 0.059375
5 0.8046875 0.42265625 0.05234375 0.078125
5 0.48046875 0.6625 0.05078125 0.0734375
5 0.4546875 0.57265625 0.03671875 0.059375
5 0.4375 0.46171875 0.04296875 0.065625
5 0.42265625 0.440625 0.03359375 0.05703125
5 0.4578125 0.42578125 0.05078125 0.07578125
5 0.48984375 0.42109375 0.04375 0.065625
5 0.29609375 0.41796875 0.03984375 0.0609375
5 0.31953125 0.20390625 0.0390625 0.06328125
5 0.32109375 0.16171875 0.03984375 0.05625
5 0.57109375 0.30234375 0.04296875 0.06328125
5 0.55859375 0.2171875 0.046875 0.07265625
5 0.54140625 0.159375 0.04453125 0.0671875
5 0.66796875 0.32578125 0.04140625 0.059375
5 0.66328125 0.375 0.04296875 0.06484375
5 0.3578125 0.028125 0.04453125 0.05625