3 0.51796875 0.53125 0.0703125 0.09765625
3 0.5046875 0.46328125 0.06796875 0.10234375
3 0.45546875 0.46328125 0.075 0.09921875
3 0.4125 0.53125 0.0609375 0.0796875
3 0.36640625 0.4875 0.06796875 0.08671875
3 0.27578125 0.56796875 0.0515625 0.075
3 0.2296875 0.58125 0.065625 0.1015625
3 0.196875 0.36328125 0.05 0.075
5 0.79609375 0.46484375 0.0328125 0.05234375
5 0.69453125 0.45078125 0.04453125 0.06484375
5 0.6765625 0.384375 0.04296875 0.065625
5 0.603125 0.5078125 0.04375 0.07109375
5 0.25078125 0.49375 0.04453125 0.0640625
5 0.21640625 0.51953125 0.04453125 0.06484375
5 0.284375 0.61015625 0.03828125 0.0578125
5 0.159375 0.56015625 0.0453125 0.05625
5 0.15078125 0.6171875 0.0453125 0.07265625
4 0.11328125 0.640625 0.04609375 0.06875
4 0.3203125 0.58671875 0.04296875 0.0640625
4 0.34609375 0.5515625 0.0453125 0.06640625
4 0.45390625 0.5140625 0.0421875 0.05390625
4 0.40703125 0.48359375 0.04453125 0.06640625
4 0.74921875 0.4640625 0.05546875 0.08671875