3 0.48828125 0.4703125 0.06875 0.09296875
3 0.49609375 0.54453125 0.06484375 0.0984375
3 0.54765625 0.5546875 0.07265625 0.09296875
3 0.5984375 0.49375 0.06015625 0.0734375
3 0.64296875 0.54921875 0.06640625 0.08046875
3 0.7453125 0.484375 0.04921875 0.071875
3 0.79453125 0.48125 0.0625 0.096875
3 0.8078125 0.715625 0.04765625 0.071875
5 0.19140625 0.48046875 0.03125 0.05
5 0.296875 0.51640625 0.04296875 0.06171875
5 0.30859375 0.58984375 0.040625 0.06328125
5 0.396875 0.4765625 0.04140625 0.06875
5 0.7640625 0.56796875 0.04296875 0.06015625
5 0.80234375 0.5484375 0.04296875 0.0609375
5 0.740625 0.4390625 0.03671875 0.0546875
5 0.86640625 0.51796875 0.0453125 0.0515625
5 0.88046875 0.46015625 0.0421875 0.0703125
4 0.921875 0.44296875 0.04375 0.065625
4 0.7 0.45546875 0.04140625 0.0609375
4 0.66953125 0.48671875 0.04296875 0.06328125
4 0.55390625 0.503125 0.04140625 0.05
4 0.6 0.54453125 0.0421875 0.0640625
4 0.240625 0.49140625 0.05234375 0.08359375