3 0.68984375 0.55546875 0.109375 0.15078125
3 0.68671875 0.41015625 0.11953125 0.171875
3 0.59765625 0.59140625 0.1171875 0.1578125
3 0.4828125 0.51796875 0.11015625 0.13125
3 0.425 0.62890625 0.11484375 0.14921875
3 0.22109375 0.5515625 0.0875 0.11796875
3 0.14140625 0.578125 0.08984375 0.175
4 0.35859375 0.53359375 0.0828125 0.11640625
4 0.29296875 0.4875 0.07265625 0.10390625
4 0.49921875 0.60546875 0.08515625 0.11484375
4 0.57265625 0.50234375 0.06953125 0.0953125
5 0.39296875 0.4734375 0.0703125 0.10390625
5 0.2125 0.61171875 0.0828125 0.13984375
5 0.2046875 0.725 0.06953125 0.11640625
5 0.134375 0.71640625 0.06640625 0.11640625