3 0.3125 0.56171875 0.14453125 0.20703125
3 0.34609375 0.71640625 0.15859375 0.234375
3 0.403125 0.4796875 0.15390625 0.2171875
3 0.54140625 0.5015625 0.13984375 0.1890625
3 0.578125 0.3546875 0.14921875 0.209375
3 0.8125 0.33671875 0.11484375 0.16328125
3 0.89140625 0.26953125 0.1296875 0.22265625
4 0.67109375 0.4234375 0.109375 0.16015625
4 0.74921875 0.440625 0.096875 0.140625
4 0.50390625 0.41640625 0.1109375 0.1578125
4 0.44921875 0.5609375 0.090625 0.13125
5 0.64609375 0.50390625 0.09375 0.13984375
5 0.8078125 0.26875 0.1140625 0.1828125
5 0.7921875 0.14375 0.0953125 0.15078125
5 0.86875 0.11875 0.0921875 0.14921875