3 0.30625 0.5140625 0.13671875 0.1921875
3 0.3234375 0.6765625 0.14921875 0.21796875
3 0.40625 0.45234375 0.1453125 0.20078125
3 0.54296875 0.50859375 0.13515625 0.171875
3 0.59609375 0.3703125 0.1421875 0.19140625
3 0.83515625 0.41015625 0.109375 0.15078125
3 0.92265625 0.3625 0.11796875 0.21484375
4 0.68203125 0.46171875 0.103125 0.14921875
4 0.7609375 0.4984375 0.09140625 0.13203125
4 0.51484375 0.41328125 0.10546875 0.146875
4 0.44375 0.54609375 0.08671875 0.12109375
5 0.6484375 0.5375 0.0890625 0.13125
5 0.8375 0.340625 0.10546875 0.17421875
5 0.8359375 0.21015625 0.08828125 0.14375
5 0.915625 0.20390625 0.0859375 0.14375