3 0.68125 0.5875 0.1046875 0.14375
3 0.69140625 0.44609375 0.11328125 0.1640625
3 0.5890625 0.60546875 0.1109375 0.146875
3 0.4828125 0.51171875 0.1046875 0.1234375
3 0.41796875 0.609375 0.109375 0.140625
3 0.22578125 0.496875 0.084375 0.11171875
3 0.14609375 0.50703125 0.084375 0.16875
4 0.36015625 0.5046875 0.078125 0.11015625
4 0.30078125 0.44765625 0.06953125 0.09765625
4 0.4921875 0.60078125 0.08125 0.109375
4 0.571875 0.51484375 0.06640625 0.090625
5 0.4 0.453125 0.06640625 0.09765625
5 0.2125 0.553125 0.07734375 0.13359375
5 0.1953125 0.66328125 0.065625 0.11015625
5 0.128125 0.640625 0.06328125 0.11015625