3 0.534375 0.40234375 0.0609375 0.0859375
3 0.4796875 0.36640625 0.05 0.06640625
3 0.5078125 0.434375 0.0546875 0.078125
3 0.46484375 0.4765625 0.05390625 0.07890625
3 0.5515625 0.4546875 0.0484375 0.071875
3 0.5640625 0.6765625 0.05546875 0.07421875
3 0.5171875 0.8203125 0.0453125 0.06796875
3 0.265625 0.49453125 0.05546875 0.084375
3 0.28203125 0.36328125 0.05 0.071875
4 0.5796875 0.40859375 0.04296875 0.05703125
5 0.5015625 0.48828125 0.0484375 0.06875
5 0.46484375 0.415625 0.04140625 0.05859375