3 0.5140625 0.5734375 0.06328125 0.0921875
3 0.4890625 0.52578125 0.03984375 0.071875
3 0.51484375 0.49609375 0.0671875 0.1
3 0.56015625 0.4515625 0.0578125 0.0796875
3 0.5515625 0.40625 0.0703125 0.0921875
3 0.4609375 0.27578125 0.06875 0.09921875
4 0.46171875 0.4734375 0.05078125 0.08125
4 0.5484375 0.5296875 0.04765625 0.06796875
5 0.559375 0.475 0.046875 0.0734375
5 0.48984375 0.5921875 0.040625 0.075
5 0.47265625 0.578125 0.04453125 0.0671875
5 0.59375 0.50546875 0.03984375 0.06015625
5 0.60625 0.4203125 0.04296875 0.06328125
5 0.60390625 0.38046875 0.0421875 0.0625
5 0.46015625 0.4171875 0.0421875 0.065625
5 0.46953125 0.390625 0.03984375 0.05859375
5 0.5171875 0.34921875 0.04453125 0.06484375
5 0.50234375 0.31015625 0.03984375 0.0546875
5 0.5671875 0.30234375 0.04296875 0.0671875