3 0.290625 0.90859375 0.1453125 0.18046875
3 0.30546875 0.75859375 0.15859375 0.23046875
3 0.45 0.66875 0.1546875 0.21328125
3 0.40859375 0.33203125 0.16328125 0.25
3 0.50546875 0.225 0.1578125 0.24140625
3 0.51015625 0.10078125 0.14921875 0.20078125
3 0.77421875 0.1421875 0.171875 0.2546875
5 0.621875 0.334375 0.1390625 0.20625
5 0.784375 0.41328125 0.15390625 0.22578125
5 0.25390625 0.925 0.12265625 0.1484375
5 0.19296875 0.92734375 0.1046875 0.1421875
4 0.31171875 0.390625 0.18984375 0.27734375