3 0.83515625 0.46796875 0.134375 0.20078125
3 0.73984375 0.4 0.1453125 0.21171875
3 0.6203125 0.521875 0.14296875 0.19609375
3 0.46796875 0.30390625 0.15078125 0.23046875
3 0.3625 0.3625 0.1453125 0.22265625
3 0.29296875 0.30234375 0.1390625 0.19765625
3 0.184375 0.634375 0.1578125 0.23671875
5 0.3609375 0.553125 0.128125 0.18984375
5 0.31953125 0.78203125 0.1421875 0.20859375
5 0.8609375 0.4328125 0.1125 0.16875
5 0.88828125 0.3578125 0.096875 0.14453125
4 0.546875 0.22109375 0.17578125 0.25625