3 0.41015625 0.44140625 0.14921875 0.21796875
3 0.5359375 0.31953125 0.115625 0.1703125
3 0.490625 0.615625 0.09921875 0.14375
3 0.50546875 0.734375 0.109375 0.16875
3 0.56484375 0.584375 0.1078125 0.1640625
3 0.61953125 0.49296875 0.115625 0.171875
3 0.7375 0.48203125 0.1109375 0.17265625
3 0.6265625 0.71640625 0.13828125 0.2
4 0.303125 0.325 0.10078125 0.14375
4 0.6125 0.7015625 0.078125 0.11171875
4 0.6125 0.821875 0.10859375 0.15546875
5 0.303125 0.696875 0.084375 0.1234375
5 0.3640625 0.696875 0.08671875 0.12890625
5 0.42890625 0.73125 0.08984375 0.1265625
5 0.24140625 0.36796875 0.08125 0.125
5 0.10390625 0.4703125 0.0859375 0.1265625