3 0.4484375 0.36015625 0.1421875 0.20078125
3 0.61015625 0.359375 0.109375 0.159375
3 0.45390625 0.5890625 0.09296875 0.13125
3 0.421875 0.71015625 0.1015625 0.16015625
3 0.53359375 0.625 0.1015625 0.1546875
3 0.61875 0.58984375 0.109375 0.159375
3 0.73046875 0.68359375 0.10234375 0.1640625
3 0.53828125 0.79921875 0.13203125 0.18125
4 0.39609375 0.16171875 0.0953125 0.1296875
4 0.53203125 0.7734375 0.075 0.103125
4 0.48515625 0.88203125 0.10390625 0.1421875
5 0.25234375 0.5 0.07890625 0.11484375
5 0.3078125 0.553125 0.08203125 0.12109375
5 0.353125 0.640625 0.08671875 0.1140625
5 0.3234375 0.14609375 0.075 0.11796875
5 0.15859375 0.1203125 0.0796875 0.11796875