3 0.43984375 0.66484375 0.13515625 0.1875
3 0.6015625 0.68671875 0.10234375 0.1484375
3 0.45859375 0.43671875 0.08828125 0.1234375
3 0.43203125 0.31171875 0.09453125 0.15078125
3 0.5390625 0.4109375 0.09453125 0.14609375
3 0.62265625 0.45703125 0.10390625 0.14921875
3 0.740625 0.3765625 0.0953125 0.15546875
3 0.55390625 0.2375 0.12421875 0.16875
4 0.37578125 0.85703125 0.09140625 0.12109375
4 0.54609375 0.2625 0.07109375 0.0953125
4 0.5046875 0.146875 0.09765625 0.13203125
5 0.2515625 0.5015625 0.07421875 0.1078125
5 0.309375 0.4546875 0.0765625 0.1125
5 0.36015625 0.3734375 0.0828125 0.10625
5 0.30234375 0.8640625 0.0703125 0.11015625
5 0.1359375 0.8703125 0.07578125 0.11015625