3 0.21640625 0.55546875 0.0765625 0.103125
3 0.24609375 0.6125 0.07265625 0.1015625
3 0.53203125 0.85625 0.0765625 0.10703125
3 0.46953125 0.66015625 0.06875 0.09921875
3 0.56875 0.69375 0.06484375 0.08671875
3 0.58125 0.64921875 0.0625 0.08515625
3 0.471875 0.3984375 0.046875 0.071875
3 0.540625 0.52890625 0.05078125 0.06640625
3 0.59921875 0.60625 0.05625 0.07265625
3 0.63359375 0.55078125 0.05625 0.0796875
3 0.6453125 0.48515625 0.05234375 0.075
3 0.684375 0.42109375 0.0484375 0.06875
3 0.61953125 0.18125 0.0671875 0.096875
3 0.728125 0.253125 0.0515625 0.08984375
3 0.91796875 0.7578125 0.034375 0.0859375
5 0.15546875 0.615625 0.05 0.07421875
5 0.16953125 0.56328125 0.04296875 0.05859375
5 0.203125 0.57578125 0.0375 0.0609375
5 0.22578125 0.509375 0.05078125 0.06875
5 0.5359375 0.59921875 0.0453125 0.06484375
5 0.56484375 0.575 0.04296875 0.06328125
5 0.6125 0.6671875 0.0390625 0.0609375
5 0.5671875 0.7796875 0.0375 0.05703125
5 0.5796875 0.76328125 0.034375 0.0546875
5 0.6515625 0.6640625 0.040625 0.0546875
5 0.7140625 0.43046875 0.0375 0.059375
5 0.73671875 0.44765625 0.03984375 0.065625
5 0.753125 0.48125 0.0375 0.06328125
5 0.71484375 0.32890625 0.04296875 0.06484375
5 0.74296875 0.31640625 0.034375 0.05625
5 0.57890625 0.15234375 0.0453125 0.0703125
5 0.553125 0.121875 0.04453125 0.0640625