3 0.740625 0.66796875 0.06328125 0.08125
3 0.70390625 0.70546875 0.06015625 0.08046875
3 0.4109375 0.796875 0.0625 0.0859375
3 0.5015625 0.653125 0.05625 0.0796875
3 0.409375 0.640625 0.05390625 0.06875
3 0.40625 0.596875 0.0515625 0.0671875
3 0.54765625 0.425 0.0375 0.05859375
3 0.46484375 0.509375 0.0421875 0.05234375
3 0.3984375 0.5515625 0.046875 0.05703125
3 0.3796875 0.48984375 0.04609375 0.0640625
3 0.38203125 0.42734375 0.04296875 0.06015625
3 0.359375 0.35546875 0.03984375 0.0546875
3 0.4609375 0.17421875 0.0546875 0.078125
3 0.353125 0.19140625 0.040625 0.075
3 0.09453125 0.54921875 0.02421875 0.075
5 0.78203125 0.746875 0.040625 0.06015625
5 0.7796875 0.69453125 0.03515625 0.046875
5 0.74765625 0.69140625 0.0296875 0.05078125
5 0.740625 0.62421875 0.0421875 0.05390625
5 0.45546875 0.57265625 0.0375 0.05234375
5 0.434375 0.5390625 0.03515625 0.05078125
5 0.37578125 0.59921875 0.03125 0.05
5 0.39375 0.715625 0.03046875 0.04609375
5 0.38671875 0.69609375 0.02734375 0.0453125
5 0.34296875 0.5796875 0.03359375 0.04296875
5 0.3328125 0.35078125 0.0296875 0.0484375
5 0.309375 0.35625 0.03125 0.0546875
5 0.2890625 0.37890625 0.0296875 0.05234375
5 0.35 0.2625 0.03515625 0.05234375
5 0.328125 0.240625 0.02734375 0.046875
5 0.5015625 0.16640625 0.03671875 0.05703125
5 0.52890625 0.15078125 0.0359375 0.0515625