3 0.86328125 0.59296875 0.06953125 0.0921875
3 0.8109375 0.4578125 0.053125 0.07890625
3 0.7765625 0.4125 0.06484375 0.08828125
3 0.46484375 0.27421875 0.078125 0.1015625
3 0.48515625 0.20078125 0.0578125 0.0796875
3 0.546875 0.465625 0.06328125 0.0890625
3 0.4328125 0.5171875 0.06171875 0.08828125
3 0.396875 0.64375 0.053125 0.0796875
3 0.50078125 0.62109375 0.04921875 0.053125
3 0.590625 0.734375 0.05625 0.06328125
5 0.52578125 0.07734375 0.03984375 0.046875
5 0.4890625 0.10859375 0.04140625 0.0625
5 0.521875 0.11953125 0.04296875 0.0578125
5 0.52890625 0.16875 0.04296875 0.04375
5 0.52578125 0.21171875 0.05 0.07265625
5 0.45703125 0.10703125 0.040625 0.06796875
5 0.43515625 0.12578125 0.03203125 0.053125
5 0.8703125 0.371875 0.0453125 0.06953125
5 0.82421875 0.5109375 0.04375 0.0609375
5 0.88203125 0.5296875 0.04375 0.059375