3 0.2203125 0.94453125 0.046875 0.0671875
3 0.25 0.91328125 0.04765625 0.0703125
3 0.2734375 0.89453125 0.04609375 0.071875
3 0.30234375 0.903125 0.046875 0.06796875
3 0.28203125 0.71640625 0.04375 0.06328125
3 0.20859375 0.640625 0.05078125 0.07734375
3 0.2703125 0.584375 0.05390625 0.07734375
3 0.215625 0.51484375 0.05234375 0.075
3 0.3453125 0.55078125 0.03828125 0.05546875
3 0.3328125 0.52734375 0.03984375 0.0546875
3 0.36640625 0.52578125 0.04453125 0.0671875
3 0.4828125 0.51484375 0.053125 0.078125
3 0.62734375 0.65234375 0.03828125 0.053125
3 0.61640625 0.61171875 0.03046875 0.05234375
3 0.6296875 0.596875 0.04375 0.06640625
3 0.81953125 0.5078125 0.05703125 0.0828125
3 0.80703125 0.546875 0.04765625 0.06953125
3 0.8453125 0.51875 0.0515625 0.071875
3 0.4546875 0.43046875 0.04609375 0.06796875
3 0.46953125 0.39921875 0.03984375 0.05546875
3 0.48828125 0.36171875 0.0328125 0.04765625
3 0.4703125 0.325 0.03203125 0.046875
3 0.4921875 0.32734375 0.03671875 0.0546875
3 0.47109375 0.27578125 0.0375 0.05625
3 0.4140625 0.33046875 0.0375 0.0546875
3 0.33984375 0.4375 0.0375 0.05625
3 0.3140625 0.44765625 0.03125 0.046875
3 0.3625 0.38046875 0.0421875 0.05859375
3 0.35859375 0.31796875 0.03671875 0.053125
3 0.3703125 0.28359375 0.0359375 0.053125
3 0.57734375 0.17109375 0.034375 0.05546875
3 0.590625 0.13046875 0.0421875 0.059375
5 0.12421875 0.675 0.03125 0.04765625
5 0.15 0.753125 0.03046875 0.0453125
5 0.234375 0.70625 0.0328125 0.05078125
5 0.23984375 0.6921875 0.03515625 0.05078125
5 0.26640625 0.671875 0.03125 0.04375
5 0.25 0.61953125 0.034375 0.05390625
5 0.27109375 0.6046875 0.034375 0.05234375
5 0.31015625 0.6578125 0.0296875 0.046875
5 0.3484375 0.60625 0.0328125 0.0484375
5 0.32890625 0.59921875 0.0328125 0.05
5 0.37734375 0.54609375 0.034375 0.046875
5 0.3859375 0.56796875 0.03046875 0.04140625
5 0.221875 0.78515625 0.0375 0.05390625
5 0.225 0.8203125 0.0328125 0.04609375
5 0.25078125 0.82265625 0.03046875 0.04453125
5 0.26328125 0.7953125 0.03203125 0.0453125
5 0.2015625 0.86796875 0.03828125 0.05546875
5 0.23203125 0.865625 0.03515625 0.05234375
5 0.2140625 0.8984375 0.03515625 0.05
5 0.19921875 0.9296875 0.02890625 0.04140625
5 0.60625 0.77265625 0.034375 0.053125
5 0.62890625 0.709375 0.03125 0.0484375
5 0.46640625 0.55234375 0.03359375 0.0515625
5 0.5109375 0.5046875 0.03203125 0.0453125
5 0.5203125 0.52734375 0.02890625 0.0390625
5 0.5421875 0.48828125 0.03515625 0.05234375
5 0.49609375 0.475 0.03125 0.046875
5 0.471875 0.47578125 0.0359375 0.05
5 0.51171875 0.378125 0.0265625 0.04296875
5 0.49140625 0.4265625 0.02578125 0.03671875
5 0.60234375 0.36796875 0.03203125 0.04921875
5 0.5921875 0.409375 0.0296875 0.03984375
5 0.615625 0.165625 0.0296875 0.04296875
5 0.65 0.15390625 0.028125 0.040625
5 0.67578125 0.09921875 0.03046875 0.04609375
5 0.7078125 0.0671875 0.02734375 0.04140625