3 0.9234375 0.48046875 0.0453125 0.06328125
3 0.88671875 0.471875 0.0453125 0.0671875
3 0.86015625 0.46015625 0.04375 0.06953125
3 0.84296875 0.42265625 0.0453125 0.06484375
3 0.76796875 0.5828125 0.0421875 0.06015625
3 0.78671875 0.71875 0.0484375 0.075
3 0.71328125 0.69375 0.05234375 0.07265625
3 0.7203125 0.8046875 0.05078125 0.07109375
3 0.64140625 0.6375 0.03671875 0.053125
3 0.63984375 0.66875 0.03984375 0.05078125
3 0.61328125 0.63359375 0.0421875 0.065625
3 0.52265625 0.51640625 0.0515625 0.07421875
3 0.48046875 0.25703125 0.0375 0.04921875
3 0.46953125 0.29921875 0.028125 0.05234375
3 0.45234375 0.29609375 0.04140625 0.06484375
3 0.26875 0.15703125 0.05546875 0.078125
3 0.296875 0.1421875 0.046875 0.06640625
3 0.2546875 0.12109375 0.05078125 0.0671875
3 0.50234375 0.60859375 0.04453125 0.065625
3 0.4765625 0.61640625 0.03828125 0.05234375
3 0.44453125 0.6234375 0.03203125 0.0453125
3 0.43984375 0.6703125 0.03125 0.04453125
3 0.425 0.64453125 0.0359375 0.05234375
3 0.41640625 0.70625 0.0359375 0.05390625
3 0.484375 0.7265625 0.03671875 0.05234375
3 0.59140625 0.728125 0.03671875 0.05390625
3 0.615625 0.74765625 0.0296875 0.0453125
3 0.546875 0.7453125 0.04140625 0.0546875
3 0.51953125 0.79609375 0.03515625 0.05078125
3 0.49453125 0.80859375 0.03515625 0.05
3 0.28671875 0.66953125 0.0328125 0.0546875
3 0.2578125 0.68515625 0.04140625 0.05546875
5 0.865625 0.784375 0.0296875 0.046875
5 0.88359375 0.69921875 0.0296875 0.04375
5 0.7984375 0.6421875 0.03125 0.04921875
5 0.7875 0.646875 0.034375 0.04765625
5 0.75859375 0.6328125 0.03125 0.040625
5 0.7453125 0.6890625 0.03203125 0.053125
5 0.72265625 0.67734375 0.0328125 0.05
5 0.71953125 0.596875 0.028125 0.0453125
5 0.66640625 0.59375 0.03125 0.046875
5 0.67734375 0.61953125 0.03203125 0.0484375
5 0.615625 0.60625 0.03359375 0.04453125
5 0.61953125 0.58125 0.03046875 0.03828125
5 0.8453125 0.596875 0.0359375 0.0515625
5 0.86015625 0.5671875 0.03203125 0.04375
5 0.8421875 0.53828125 0.03046875 0.0421875
5 0.8203125 0.54453125 0.03125 0.0421875
5 0.90078125 0.5578125 0.0375 0.05234375
5 0.8765625 0.5265625 0.034375 0.05
5 0.90546875 0.52109375 0.034375 0.046875
5 0.93203125 0.51484375 0.028125 0.03984375
5 0.55390625 0.190625 0.0328125 0.0515625
5 0.50703125 0.2125 0.0296875 0.04765625
5 0.55234375 0.50546875 0.03203125 0.04921875
5 0.49609375 0.49296875 0.03125 0.04296875
5 0.50078125 0.46640625 0.028125 0.0359375
5 0.465625 0.471875 0.03359375 0.04921875
5 0.49296875 0.53125 0.0296875 0.04453125
5 0.51171875 0.55625 0.03515625 0.046875
5 0.43515625 0.58671875 0.025 0.0421875
5 0.4734375 0.57265625 0.025 0.034375
5 0.36328125 0.49609375 0.03125 0.046875
5 0.38984375 0.4765625 0.0296875 0.0359375
5 0.25546875 0.63125 0.02890625 0.040625
5 0.225 0.603125 0.02734375 0.03828125
5 0.17890625 0.61640625 0.0296875 0.04375
5 0.13984375 0.60546875 0.0265625 0.040625