3 0.35859375 0.5140625 0.12265625 0.16640625
3 0.44140625 0.190625 0.10390625 0.1484375
3 0.4296875 0.4234375 0.103125 0.1515625
3 0.5625 0.48359375 0.128125 0.17109375
3 0.51171875 0.79609375 0.12265625 0.16953125
3 0.7703125 0.39609375 0.10859375 0.1453125
3 0.84921875 0.4140625 0.08828125 0.15546875
3 0.771875 0.478125 0.10625 0.1328125
3 0.8140625 0.7015625 0.0828125 0.12578125
3 0.884375 0.659375 0.09375 0.13046875
5 0.0953125 0.4125 0.075 0.1046875
5 0.1203125 0.65078125 0.078125 0.11484375
5 0.225 0.16796875 0.08359375 0.11171875
5 0.33984375 0.31015625 0.0734375 0.10859375
5 0.36875 0.3265625 0.06796875 0.096875
5 0.45859375 0.30390625 0.084375 0.11484375
5 0.4765625 0.4703125 0.07109375 0.12109375
5 0.5375 0.4546875 0.0765625 0.11640625
5 0.5671875 0.240625 0.0734375 0.10625
5 0.7140625 0.2609375 0.075 0.11015625
5 0.675 0.32265625 0.07734375 0.11640625
5 0.8421875 0.2609375 0.078125 0.0953125
5 0.84765625 0.32109375 0.0625 0.0875
5 0.89921875 0.32109375 0.05703125 0.0921875
4 0.69765625 0.6890625 0.07421875 0.11328125
4 0.7625 0.76015625 0.0859375 0.12578125
4 0.90546875 0.42109375 0.07109375 0.12890625