3 0.83046875 0.52265625 0.084375 0.1234375
3 0.84453125 0.609375 0.075 0.103125
3 0.8671875 0.73671875 0.06796875 0.1015625
3 0.771875 0.68125 0.06796875 0.1015625
3 0.76015625 0.50625 0.0703125 0.1015625
3 0.8 0.80703125 0.07734375 0.1109375
3 0.74609375 0.796875 0.0671875 0.096875
3 0.75234375 0.7484375 0.0625 0.0796875
3 0.76640625 0.85546875 0.05703125 0.07890625
3 0.78984375 0.97109375 0.07578125 0.0578125
3 0.6890625 0.35078125 0.07734375 0.11328125
3 0.6265625 0.3359375 0.07265625 0.1015625
3 0.6234375 0.4 0.06171875 0.09375
3 0.5765625 0.43125 0.06484375 0.09453125
3 0.58984375 0.4796875 0.06640625 0.096875
3 0.61015625 0.525 0.04609375 0.07890625
3 0.56875 0.53046875 0.0640625 0.0875
3 0.53515625 0.47421875 0.0625 0.09140625
3 0.49453125 0.4625 0.06171875 0.0921875
3 0.5046875 0.52578125 0.0734375 0.11328125
3 0.5515625 0.56796875 0.06796875 0.09375
3 0.55234375 0.63984375 0.0546875 0.08203125
3 0.45546875 0.503125 0.059375 0.0921875
3 0.415625 0.51484375 0.0546875 0.078125
3 0.4046875 0.75390625 0.07421875 0.1046875
3 0.175 0.67890625 0.059375 0.0859375
3 0.17421875 0.40859375 0.05 0.07734375
3 0.08203125 0.40078125 0.0765625 0.1078125
4 0.90703125 0.7015625 0.0703125 0.103125
4 0.9453125 0.67265625 0.04765625 0.08203125
4 0.634375 0.4640625 0.06015625 0.08515625
4 0.759375 0.33125 0.05703125 0.0875
5 0.49921875 0.02578125 0.0546875 0.0515625
5 0.52578125 0.09921875 0.05078125 0.075
5 0.43515625 0.07265625 0.0578125 0.0859375
5 0.4296875 0.14453125 0.05625 0.084375
5 0.46953125 0.19921875 0.0609375 0.08984375
5 0.621875 0.26171875 0.04921875 0.0703125
5 0.59296875 0.30625 0.05078125 0.075
5 0.68125 0.28671875 0.05234375 0.07578125
5 0.73046875 0.33203125 0.0390625 0.06328125
5 0.4828125 0.3875 0.03671875 0.05546875
5 0.41015625 0.42109375 0.04609375 0.0671875
5 0.41640625 0.46875 0.04765625 0.075
5 0.715625 0.86171875 0.05703125 0.084375
5 0.7046875 0.790625 0.04921875 0.071875
5 0.85703125 0.69375 0.04921875 0.07109375