3 0.571875 0.79453125 0.11328125 0.165625
3 0.53359375 0.5859375 0.1078125 0.15390625
3 0.63046875 0.584375 0.10390625 0.1546875
3 0.696875 0.61015625 0.1015625 0.1859375
3 0.6078125 0.4515625 0.10859375 0.184375
3 0.515625 0.46015625 0.11015625 0.17578125
3 0.57890625 0.30234375 0.10390625 0.175
3 0.684375 0.28515625 0.0953125 0.140625
3 0.59921875 0.1359375 0.10859375 0.15859375
5 0.4796875 0.5828125 0.05 0.1140625
5 0.553125 0.425 0.059375 0.1078125
5 0.5390625 0.23203125 0.075 0.1125
5 0.5171875 0.15 0.08828125 0.14140625
5 0.5796875 0.159375 0.0765625 0.1234375
5 0.65703125 0.34609375 0.07421875 0.103125