3 0.4171875 0.74296875 0.090625 0.13203125
3 0.46796875 0.56875 0.0875 0.121875
3 0.384375 0.54921875 0.08359375 0.1234375
3 0.3234375 0.55859375 0.07890625 0.15234375
3 0.415625 0.43828125 0.08515625 0.15
3 0.49453125 0.46328125 0.0875 0.1421875
3 0.453125 0.3140625 0.08203125 0.1421875
3 0.3625 0.27890625 0.0765625 0.1125
3 0.44921875 0.16484375 0.0875 0.1265625
5 0.51484375 0.5765625 0.0375 0.0953125
5 0.46484375 0.425 0.046875 0.08828125
5 0.49375 0.2609375 0.06015625 0.090625
5 0.51953125 0.19375 0.06953125 0.1140625
5 0.4640625 0.18984375 0.0609375 0.1
5 0.38125 0.33671875 0.06015625 0.08203125