3 0.54453125 0.4109375 0.10859375 0.159375
3 0.4984375 0.46171875 0.10859375 0.15859375
3 0.46171875 0.40078125 0.10234375 0.15625
3 0.4484375 0.34140625 0.10078125 0.153125
3 0.3609375 0.471875 0.1265625 0.19609375
3 0.43046875 0.56484375 0.10703125 0.16328125
3 0.50703125 0.5953125 0.1109375 0.1671875
3 0.5609375 0.53671875 0.0671875 0.1265625
3 0.44921875 0.79140625 0.1203125 0.17734375
3 0.44765625 0.68515625 0.0921875 0.14453125
3 0.38515625 0.65078125 0.10859375 0.16015625
5 0.5265625 0.77890625 0.0828125 0.13359375
5 0.48671875 0.7421875 0.075 0.11640625
5 0.528125 0.68828125 0.075 0.11171875
5 0.4671875 0.5125 0.059375 0.09296875