3 0.69765625 0.478125 0.05859375 0.08671875
3 0.7921875 0.734375 0.06171875 0.0921875
3 0.76796875 0.6671875 0.0546875 0.09296875
3 0.6890625 0.7 0.06640625 0.075
3 0.68515625 0.7578125 0.05390625 0.06953125
3 0.665625 0.82734375 0.05234375 0.08359375
3 0.63203125 0.78515625 0.0515625 0.09453125
3 0.55703125 0.7484375 0.06796875 0.09140625
3 0.378125 0.7390625 0.0625 0.08515625
3 0.2 0.41484375 0.0640625 0.0921875
4 0.26953125 0.44609375 0.053125 0.08125
5 0.2578125 0.371875 0.0453125 0.071875
5 0.35625 0.67890625 0.03671875 0.05390625
5 0.4296875 0.66875 0.02734375 0.0390625
5 0.43203125 0.74921875 0.0421875 0.06484375
5 0.8140625 0.5515625 0.03359375 0.0546875
5 0.74375 0.5921875 0.040625 0.05625
5 0.68828125 0.6125 0.03515625 0.04765625