3 0.71328125 0.63125 0.08828125 0.12890625
3 0.62578125 0.45859375 0.09453125 0.1265625
3 0.42109375 0.2796875 0.07734375 0.11796875
3 0.340625 0.38125 0.0875 0.12265625
3 0.3171875 0.465625 0.0875 0.13515625
4 0.44375 0.70234375 0.09375 0.1375
5 0.8640625 0.3453125 0.07734375 0.115625
5 0.80859375 0.41015625 0.06796875 0.1015625
5 0.80625 0.47265625 0.07734375 0.115625
5 0.75703125 0.44453125 0.06328125 0.090625
5 0.7171875 0.39140625 0.06796875 0.1
5 0.63046875 0.51796875 0.07734375 0.11796875
5 0.6640625 0.60859375 0.08203125 0.11328125
5 0.59296875 0.634375 0.06328125 0.07578125
5 0.5375 0.5546875 0.0671875 0.09921875
5 0.5390625 0.4578125 0.071875 0.10859375
5 0.459375 0.61015625 0.07578125 0.11875
5 0.29765625 0.46875 0.06328125 0.10078125
5 0.284375 0.33984375 0.0640625 0.1046875
5 0.24765625 0.403125 0.06875 0.10546875
5 0.25703125 0.4734375 0.05703125 0.09375
5 0.30703125 0.5859375 0.06015625 0.08828125
5 0.39609375 0.54140625 0.06328125 0.09921875