3 0.271875 0.56015625 0.0828125 0.1203125
3 0.41015625 0.64140625 0.090625 0.115625
3 0.653125 0.634375 0.071875 0.1109375
3 0.6875 0.48046875 0.08359375 0.11328125
3 0.678125 0.38828125 0.08125 0.12734375
3 0.05703125 0.234375 0.0640625 0.0953125
4 0.4828125 0.28203125 0.08828125 0.128125
5 0.24140625 0.9328125 0.07265625 0.1078125
5 0.26640625 0.83203125 0.0640625 0.0953125
5 0.246875 0.775 0.07265625 0.1078125
5 0.29921875 0.76015625 0.059375 0.084375
5 0.35390625 0.77421875 0.0640625 0.09296875
5 0.38515625 0.59375 0.071875 0.1109375
5 0.32265625 0.540625 0.078125 0.10390625
5 0.37578125 0.46171875 0.0625 0.0671875
5 0.453125 0.48671875 0.0625 0.09296875
5 0.48671875 0.57265625 0.06796875 0.10234375
5 0.5015625 0.37578125 0.0703125 0.1125
5 0.69375 0.36953125 0.05859375 0.09609375
5 0.7515625 0.47109375 0.059375 0.1
5 0.7609375 0.38671875 0.0640625 0.1
5 0.728125 0.3328125 0.05234375 0.08984375
5 0.64375 0.27421875 0.05703125 0.0828125
5 0.58125 0.38515625 0.05859375 0.09375