3 0.73984375 0.5359375 0.07734375 0.11015625
3 0.6171875 0.4015625 0.08515625 0.10390625
3 0.375 0.315625 0.06640625 0.103125
3 0.315625 0.4546875 0.078125 0.10234375
3 0.309375 0.55 0.07421875 0.11796875
3 0.89609375 0.93984375 0.05859375 0.0875
4 0.48359375 0.7296875 0.08203125 0.1171875
5 0.8328125 0.17890625 0.0671875 0.09921875
5 0.790625 0.26875 0.059375 0.0875
5 0.8015625 0.3328125 0.0671875 0.09921875
5 0.74609375 0.32734375 0.05546875 0.07734375
5 0.6953125 0.29296875 0.059375 0.08515625
5 0.63359375 0.459375 0.06640625 0.103125
5 0.6859375 0.53515625 0.0734375 0.09375
5 0.6203125 0.59296875 0.06015625 0.0578125
5 0.54765625 0.5390625 0.0578125 0.0859375
5 0.5296875 0.440625 0.0625 0.09375
5 0.48125 0.6296875 0.06484375 0.1046875
5 0.28984375 0.5625 0.053125 0.0890625
5 0.25 0.43984375 0.053125 0.09375
5 0.2265625 0.51953125 0.059375 0.0921875
5 0.25 0.5859375 0.046875 0.084375
5 0.3234375 0.67578125 0.05234375 0.07578125
5 0.40390625 0.58984375 0.053125 0.0875