3 0.4015625 0.36796875 0.03828125 0.04921875
3 0.3625 0.3921875 0.03671875 0.0484375
3 0.36484375 0.4359375 0.0359375 0.0484375
3 0.6375 0.4 0.034375 0.04453125
3 0.646875 0.4453125 0.02890625 0.0390625
3 0.53359375 0.11484375 0.02421875 0.034375
3 0.5234375 0.134375 0.02109375 0.03125
3 0.578125 0.1640625 0.0203125 0.0296875
3 0.5703125 0.18125 0.0203125 0.028125
3 0.58828125 0.19765625 0.01953125 0.02578125
3 0.6078125 0.2 0.02109375 0.03046875
3 0.634375 0.178125 0.01953125 0.034375
3 0.60625 0.9109375 0.0296875 0.0421875
3 0.63828125 0.9625 0.03046875 0.0375
3 0.66328125 0.7578125 0.02578125 0.046875
3 0.7078125 0.84609375 0.01875 0.03046875
3 0.69609375 0.81875 0.02265625 0.03515625
3 0.71796875 0.865625 0.01953125 0.02890625
3 0.73125 0.87734375 0.01875 0.03359375
5 0.2890625 0.35703125 0.01953125 0.028125
5 0.303125 0.365625 0.02109375 0.028125
5 0.33671875 0.38125 0.01875 0.02578125
5 0.3421875 0.40390625 0.021875 0.0296875
5 0.33515625 0.421875 0.01875 0.0265625
5 0.3390625 0.45078125 0.021875 0.0328125
5 0.3640625 0.4546875 0.0203125 0.02890625
5 0.36796875 0.475 0.0171875 0.0234375
5 0.39296875 0.4 0.02265625 0.034375
5 0.40859375 0.39453125 0.02265625 0.034375
5 0.36953125 0.32734375 0.01796875 0.028125
5 0.42265625 0.328125 0.01875 0.0296875
5 0.4328125 0.34765625 0.015625 0.02265625
5 0.42578125 0.3625 0.0171875 0.02890625
4 0.56015625 0.28828125 0.025 0.0375
5 0.621875 0.31640625 0.02265625 0.03125
5 0.621875 0.3421875 0.02265625 0.02890625
5 0.51484375 0.27265625 0.025 0.03984375
5 0.50859375 0.215625 0.02265625 0.02890625
5 0.62421875 0.42109375 0.01953125 0.034375
5 0.56328125 0.39140625 0.01796875 0.0296875
5 0.58984375 0.41484375 0.01875 0.028125
5 0.52578125 0.21015625 0.0171875 0.02421875
5 0.52734375 0.22578125 0.01484375 0.02421875
5 0.5359375 0.21796875 0.01484375 0.0234375