3 0.0796875 0.36015625 0.04296875 0.0703125
3 0.3046875 0.57578125 0.05 0.06796875
3 0.3234375 0.6171875 0.03984375 0.0546875
3 0.35234375 0.5875 0.04609375 0.06328125
3 0.38984375 0.5921875 0.04453125 0.06328125
3 0.4015625 0.6796875 0.04609375 0.06875
3 0.33984375 0.69296875 0.0625 0.09296875
3 0.59609375 0.8953125 0.0484375 0.065625
3 0.5796875 0.8515625 0.06171875 0.0796875
3 0.70234375 0.525 0.06328125 0.09921875
3 0.4921875 0.4625 0.04921875 0.078125
3 0.52109375 0.42265625 0.059375 0.09375
3 0.48359375 0.40234375 0.05234375 0.078125
3 0.5921875 0.36796875 0.05 0.08359375
3 0.5796875 0.3125 0.05625 0.08203125
3 0.54453125 0.27578125 0.05703125 0.08203125
3 0.521875 0.2375 0.0421875 0.05078125
3 0.4828125 0.27421875 0.06015625 0.0859375
3 0.51328125 0.3109375 0.0515625 0.065625
3 0.59296875 0.1421875 0.0421875 0.06328125
3 0.53046875 0.1375 0.05 0.0640625
3 0.8171875 0.490625 0.04375 0.0625
3 0.853125 0.42421875 0.0578125 0.08046875
3 0.78671875 0.3703125 0.05234375 0.075
3 0.609375 0.02890625 0.05390625 0.0578125
4 0.3140625 0.5109375 0.04140625 0.06015625
4 0.34140625 0.53828125 0.034375 0.05
4 0.546875 0.38203125 0.0453125 0.06640625
4 0.5625 0.159375 0.04296875 0.05859375
4 0.64609375 0.11171875 0.05078125 0.071875
5 0.57109375 0.39375 0.034375 0.053125
5 0.60625 0.340625 0.03515625 0.05234375
5 0.56171875 0.353125 0.03359375 0.053125
5 0.63671875 0.29453125 0.03046875 0.0453125
5 0.64765625 0.26953125 0.03359375 0.0484375
5 0.6265625 0.2546875 0.03828125 0.05703125
5 0.51328125 0.2796875 0.0359375 0.0546875
5 0.62421875 0.1421875 0.03203125 0.0484375
5 0.04921875 0.32109375 0.040625 0.06171875
5 0.08359375 0.32265625 0.03984375 0.05625
5 0.1 0.26640625 0.03515625 0.053125
5 0.096875 0.4140625 0.034375 0.04921875
5 0.07265625 0.465625 0.03828125 0.05859375