3 0.40078125 0.57109375 0.034375 0.05234375
3 0.49609375 0.56640625 0.0359375 0.05390625
3 0.5046875 0.43828125 0.04375 0.0703125
3 0.48125 0.41875 0.03046875 0.04453125
3 0.4484375 0.39140625 0.03671875 0.053125
3 0.44140625 0.353125 0.03359375 0.0453125
3 0.40234375 0.38203125 0.04453125 0.06875
3 0.62890625 0.46484375 0.0328125 0.05234375
3 0.80390625 0.86484375 0.04921875 0.0671875
3 0.86171875 0.86875 0.0375 0.05390625
3 0.8640625 0.79375 0.040625 0.0546875
3 0.8328125 0.77109375 0.03203125 0.0515625
3 0.80234375 0.78828125 0.03515625 0.0484375
3 0.78984375 0.74453125 0.0453125 0.06171875
3 0.84140625 0.7015625 0.0375 0.05859375
5 0.46015625 0.3 0.03515625 0.05234375
5 0.4609375 0.35390625 0.028125 0.04375
5 0.48046875 0.37421875 0.0296875 0.04609375
5 0.4953125 0.3875 0.021875 0.04140625
5 0.415625 0.42578125 0.028125 0.040625
5 0.428125 0.39453125 0.02578125 0.04296875
5 0.4671875 0.5375 0.03046875 0.04140625
5 0.4390625 0.515625 0.0296875 0.040625
5 0.4375 0.48515625 0.03046875 0.03671875
5 0.4796875 0.48984375 0.028125 0.03984375
5 0.4671875 0.4609375 0.02890625 0.03828125
5 0.4328125 0.590625 0.025 0.03359375
5 0.4234375 0.5453125 0.02265625 0.040625
5 0.43125 0.43984375 0.0265625 0.0359375
4 0.48515625 0.52734375 0.03046875 0.046875
5 0.60703125 0.41953125 0.0296875 0.04140625
5 0.66015625 0.3875 0.02578125 0.0375
5 0.63984375 0.34140625 0.02421875 0.0453125
5 0.65625 0.33359375 0.03046875 0.04375
5 0.671875 0.3109375 0.02734375 0.0390625
5 0.7328125 0.8484375 0.028125 0.04140625
5 0.72890625 0.81328125 0.03125 0.0421875
5 0.75 0.79296875 0.02890625 0.0421875
5 0.7640625 0.765625 0.028125 0.040625
4 0.8109375 0.6859375 0.0328125 0.04765625
4 0.8296875 0.7234375 0.02578125 0.040625