3 0.10078125 0.4546875 0.05078125 0.07734375
3 0.36484375 0.20859375 0.06171875 0.090625
3 0.41875 0.2375 0.04921875 0.075
3 0.4015625 0.3125 0.04765625 0.071875
3 0.34609375 0.27734375 0.040625 0.0578125
3 0.325 0.3046875 0.04921875 0.07265625
3 0.35625 0.37421875 0.0453125 0.06953125
3 0.36484375 0.3078125 0.04375 0.0640625
3 0.4953125 0.46484375 0.05234375 0.075
3 0.48046875 0.51328125 0.05390625 0.07578125
3 0.51875 0.5046875 0.053125 0.08046875
3 0.57734375 0.5671875 0.0515625 0.07734375
3 0.56015625 0.6171875 0.059375 0.08359375
3 0.521875 0.6421875 0.0546875 0.08046875
3 0.49453125 0.6 0.05 0.06953125
3 0.4671875 0.6296875 0.0515625 0.0765625
3 0.496875 0.66875 0.0484375 0.06484375
3 0.5515625 0.76875 0.0421875 0.06015625
3 0.4921875 0.75625 0.053125 0.071875
3 0.73828125 0.60390625 0.0453125 0.06796875
3 0.80234375 0.57578125 0.05234375 0.0765625
3 0.6703125 0.4375 0.05 0.0734375
3 0.76484375 0.61796875 0.04296875 0.06640625
3 0.78359375 0.65078125 0.0546875 0.0796875
3 0.60234375 0.1171875 0.05859375 0.084375
3 0.71875 0.196875 0.05078125 0.071875
4 0.32734375 0.3703125 0.03828125 0.05625
4 0.353125 0.346875 0.03515625 0.053125
4 0.5953125 0.81015625 0.04921875 0.071875
4 0.52734375 0.74765625 0.03828125 0.05546875
4 0.53515625 0.54453125 0.0453125 0.06640625
4 0.3671875 0.13203125 0.040625 0.0609375
5 0.06328125 0.359375 0.0390625 0.05625
5 0.05234375 0.37578125 0.03359375 0.0453125
5 0.09921875 0.35390625 0.03828125 0.05390625
5 0.121875 0.40234375 0.03515625 0.05390625
5 0.06796875 0.478125 0.0359375 0.0546875
5 0.1 0.490625 0.0390625 0.05625
5 0.11015625 0.54296875 0.03671875 0.05625
5 0.09609375 0.56328125 0.03515625 0.0453125
5 0.07265625 0.56875 0.0359375 0.05546875
5 0.0890625 0.590625 0.03984375 0.0609375
5 0.09765625 0.621875 0.034375 0.05
5 0.47578125 0.47265625 0.0359375 0.0546875
5 0.55859375 0.53828125 0.0375 0.05546875
5 0.54765625 0.575 0.03828125 0.05625
5 0.4921875 0.63125 0.0328125 0.04921875
5 0.584375 0.59609375 0.0359375 0.053125
5 0.6078125 0.64375 0.03125 0.0484375
5 0.6140625 0.66953125 0.0328125 0.0484375
5 0.59296875 0.68125 0.03515625 0.053125