3 0.9421875 0.0640625 0.02265625 0.05625
3 0.93125 0.19140625 0.040625 0.04140625
3 0.92890625 0.228125 0.03515625 0.04609375
3 0.90390625 0.3078125 0.034375 0.04921875
3 0.9109375 0.35703125 0.02421875 0.03984375
3 0.6484375 0.26796875 0.04453125 0.0609375
3 0.5921875 0.25625 0.0328125 0.05625
3 0.58203125 0.33671875 0.034375 0.053125
3 0.646875 0.35 0.02890625 0.04453125
3 0.65546875 0.39296875 0.03671875 0.05390625
3 0.878125 0.5421875 0.03046875 0.05390625
3 0.809375 0.70234375 0.03515625 0.04921875
3 0.940625 0.7578125 0.04140625 0.06015625
3 0.4671875 0.403125 0.03671875 0.053125
3 0.46015625 0.459375 0.04375 0.053125
3 0.42890625 0.42109375 0.040625 0.06015625
3 0.41328125 0.52734375 0.0359375 0.04765625
3 0.4296875 0.5765625 0.040625 0.0578125
3 0.3875 0.5875 0.0421875 0.0453125
3 0.37734375 0.54296875 0.04296875 0.065625
3 0.35390625 0.48984375 0.04140625 0.0546875
3 0.353125 0.4296875 0.040625 0.06328125
3 0.3015625 0.63515625 0.03203125 0.046875
3 0.3625 0.67890625 0.04140625 0.03046875
3 0.2625 0.7328125 0.0421875 0.0453125
3 0.271875 0.23046875 0.0484375 0.06328125
3 0.16875 0.32421875 0.0484375 0.0578125
3 0.1703125 0.2046875 0.0359375 0.05
3 0.12421875 0.24453125 0.04453125 0.059375
3 0.1296875 0.309375 0.03671875 0.05859375
3 0.09765625 0.32890625 0.04140625 0.06171875
4 0.6765625 0.19609375 0.03359375 0.0484375
4 0.6328125 0.4484375 0.03203125 0.0453125
4 0.6125 0.4125 0.02890625 0.0421875
4 0.40234375 0.4453125 0.034375 0.05078125
4 0.33359375 0.63671875 0.03203125 0.0421875
4 0.246875 0.63359375 0.034375 0.053125
5 0.95078125 0.81015625 0.021875 0.04609375
5 0.825 0.75703125 0.02890625 0.04453125
5 0.79453125 0.7359375 0.0265625 0.0390625
5 0.76953125 0.778125 0.02578125 0.0375
5 0.771875 0.80859375 0.02578125 0.028125
5 0.78984375 0.834375 0.02421875 0.04453125
5 0.771875 0.83828125 0.0265625 0.04140625
5 0.753125 0.859375 0.02578125 0.04453125
5 0.8765625 0.6484375 0.02890625 0.0375
5 0.88046875 0.67578125 0.02890625 0.02578125
5 0.8421875 0.6171875 0.03046875 0.0375
5 0.80703125 0.6453125 0.0296875 0.03984375
5 0.82265625 0.3984375 0.025 0.0375
5 0.84609375 0.40625 0.02421875 0.0359375
5 0.86484375 0.4125 0.02578125 0.03046875
5 0.9015625 0.22265625 0.028125 0.03828125
5 0.71953125 0.29375 0.0296875 0.03828125
5 0.721875 0.33046875 0.02890625 0.0375
5 0.7515625 0.20234375 0.028125 0.0359375
5 0.48046875 0.42578125 0.0296875 0.04140625
5 0.38046875 0.4203125 0.02734375 0.04375
5 0.3765625 0.465625 0.025 0.0484375
5 0.33671875 0.45 0.028125 0.04609375
5 0.29765625 0.478125 0.02421875 0.03828125
5 0.28203125 0.4921875 0.021875 0.0390625
5 0.296875 0.52265625 0.02890625 0.04375
5 0.190625 0.234375 0.0328125 0.04140625
5 0.184375 0.265625 0.02421875 0.03203125
5 0.15234375 0.23515625 0.021875 0.028125
5 0.1375 0.165625 0.0234375 0.0375
5 0.27421875 0.621875 0.02265625 0.03828125
5 0.20546875 0.5859375 0.02734375 0.040625
5 0.12421875 0.65 0.02890625 0.0421875