3 0.21484375 0.003125 0.04453125 0.00625
3 0.2125 0.0609375 0.04375 0.065625
3 0.19140625 0.0984375 0.0328125 0.05
3 0.44609375 0.2 0.05625 0.08203125
3 0.49921875 0.228125 0.0453125 0.0703125
3 0.4828125 0.3046875 0.0453125 0.06875
3 0.4234375 0.271875 0.03828125 0.0578125
3 0.40234375 0.303125 0.04765625 0.071875
3 0.1640625 0.28203125 0.0421875 0.0671875
3 0.175 0.46796875 0.04453125 0.065625
3 0.04453125 0.4265625 0.053125 0.0796875
3 0.56328125 0.440625 0.04765625 0.0703125
3 0.55234375 0.49453125 0.05390625 0.07578125
3 0.590625 0.48203125 0.053125 0.07890625
3 0.571875 0.584375 0.04453125 0.06484375
3 0.54375 0.61640625 0.0515625 0.07734375
3 0.5765625 0.6546875 0.05 0.06796875
3 0.59921875 0.62265625 0.05703125 0.08515625
3 0.63515625 0.5921875 0.05234375 0.075
3 0.65390625 0.540625 0.05390625 0.08203125
3 0.63671875 0.75390625 0.04140625 0.06171875
3 0.57109375 0.75078125 0.04453125 0.05390625
3 0.64140625 0.865625 0.04921875 0.0671875
3 0.78515625 0.42265625 0.06015625 0.08671875
3 0.84609375 0.57421875 0.059375 0.0828125
3 0.88046875 0.46953125 0.04609375 0.0671875
3 0.90859375 0.53515625 0.05546875 0.08046875
3 0.88515625 0.58828125 0.0484375 0.07421875
3 0.90625 0.6265625 0.05390625 0.08125
4 0.44375 0.11796875 0.04296875 0.0640625
4 0.40546875 0.36640625 0.040625 0.06015625
4 0.43359375 0.35 0.03671875 0.05546875
4 0.60625 0.52109375 0.04453125 0.06640625
4 0.60859375 0.73359375 0.03984375 0.0578125
4 0.68515625 0.78984375 0.0453125 0.06796875
5 0.01953125 0.465625 0.0328125 0.05390625
5 0.1453125 0.50390625 0.03828125 0.0578125
5 0.178125 0.50703125 0.034375 0.05078125
5 0.18671875 0.5609375 0.0328125 0.04921875
5 0.17578125 0.58515625 0.03046875 0.0421875
5 0.15234375 0.59609375 0.034375 0.0546875
5 0.16640625 0.61171875 0.03515625 0.053125
5 0.1765625 0.6421875 0.0359375 0.05546875
5 0.1328125 0.375 0.03671875 0.05234375
5 0.121875 0.39609375 0.0328125 0.0421875
5 0.171875 0.37109375 0.03671875 0.05234375
5 0.19453125 0.41953125 0.0375 0.05390625
5 0.25546875 0.19453125 0.0328125 0.04921875
5 0.2328125 0.18515625 0.03203125 0.046875
5 0.21484375 0.178125 0.03125 0.04375
5 0.23984375 0.00703125 0.03515625 0.0140625
5 0.3765625 0.1734375 0.0375 0.053125
5 0.36328125 0.20390625 0.03671875 0.05234375
5 0.3765625 0.071875 0.03515625 0.04921875
5 0.54453125 0.45 0.03828125 0.05546875
5 0.63359375 0.5140625 0.03671875 0.05625
5 0.62265625 0.55625 0.0359375 0.05859375
5 0.6625 0.56953125 0.03828125 0.05859375
5 0.6875 0.62109375 0.0328125 0.04921875
5 0.696875 0.64375 0.0296875 0.04765625
5 0.67421875 0.659375 0.03828125 0.05703125
5 0.8546875 0.48125 0.040625 0.0578125
5 0.85078125 0.51328125 0.03046875 0.04375
5 0.8875 0.5078125 0.02734375 0.0390625
5 0.92109375 0.4578125 0.03125 0.04765625
5 0.66484375 0.76171875 0.03046875 0.04765625
5 0.73515625 0.77734375 0.03515625 0.053125
5 0.78671875 0.88828125 0.0375 0.05546875