3 0.42265625 0.55390625 0.053125 0.08203125
3 0.4515625 0.5296875 0.053125 0.084375
3 0.49609375 0.546875 0.05546875 0.0890625
3 0.52734375 0.48515625 0.046875 0.06796875
3 0.31015625 0.7671875 0.04296875 0.06875
3 0.13359375 0.671875 0.04765625 0.05546875
3 0.528125 0.69921875 0.04140625 0.0640625
5 0.39296875 0.48984375 0.034375 0.05234375
5 0.3828125 0.5421875 0.0375 0.04921875
5 0.3640625 0.615625 0.034375 0.05078125
5 0.38984375 0.6140625 0.03515625 0.0515625
5 0.521875 0.490625 0.028125 0.04296875
5 0.490625 0.80859375 0.03359375 0.05234375
5 0.46015625 0.884375 0.0390625 0.0578125
4 0.09765625 0.63359375 0.0375 0.05234375