3 0.30859375 0.68125 0.07890625 0.115625
3 0.2953125 0.60234375 0.07734375 0.10390625
3 0.33515625 0.509375 0.07578125 0.10625
3 0.36484375 0.44375 0.07578125 0.11015625
3 0.40859375 0.52109375 0.0640625 0.1015625
3 0.30234375 0.428125 0.07109375 0.11484375
3 0.634375 0.47890625 0.05 0.075
3 0.59296875 0.528125 0.05546875 0.08359375
3 0.59765625 0.440625 0.04765625 0.071875
5 0.38125 0.63125 0.06171875 0.08984375
5 0.33984375 0.715625 0.05 0.07109375
5 0.2796875 0.56875 0.0546875 0.0859375
5 0.31796875 0.4078125 0.05703125 0.0796875
5 0.38515625 0.56640625 0.05546875 0.07578125
5 0.346875 0.596875 0.04921875 0.07734375
4 0.37265625 0.509375 0.04609375 0.071875