3 0.8203125 0.61953125 0.07734375 0.109375
3 0.8328125 0.68515625 0.05859375 0.0890625
3 0.7875 0.4125 0.08125 0.11484375
3 0.6765625 0.2953125 0.08203125 0.11953125
3 0.65625 0.8609375 0.0703125 0.10390625
3 0.61953125 0.81953125 0.06484375 0.09453125
3 0.58828125 0.68203125 0.0734375 0.10625
3 0.58828125 0.625 0.06953125 0.09921875
3 0.47109375 0.7359375 0.06171875 0.09453125
3 0.45390625 0.67578125 0.07421875 0.11171875
3 0.4390625 0.5140625 0.0640625 0.09609375
3 0.24921875 0.4828125 0.065625 0.09140625
3 0.2875 0.428125 0.059375 0.08046875
3 0.25859375 0.68515625 0.046875 0.065625
4 0.49296875 0.79140625 0.0609375 0.0890625
5 0.91171875 0.62265625 0.05 0.07421875
5 0.88515625 0.67109375 0.05625 0.084375
5 0.78125 0.5703125 0.053125 0.07734375
5 0.75 0.54921875 0.04921875 0.07734375
5 0.80390625 0.475 0.040625 0.06015625
5 0.86796875 0.43984375 0.06796875 0.10234375
5 0.79921875 0.35234375 0.0578125 0.08359375
5 0.89140625 0.36484375 0.059375 0.084375
5 0.48203125 0.6453125 0.05390625 0.08125
5 0.5546875 0.70078125 0.04765625 0.0703125
5 0.27734375 0.72890625 0.04765625 0.07109375
5 0.2109375 0.65234375 0.04765625 0.07109375
5 0.21953125 0.71640625 0.059375 0.08359375