3 0.753125 0.78046875 0.07109375 0.09765625
3 0.79296875 0.753125 0.053125 0.08125
3 0.6328125 0.87109375 0.07421875 0.103125
3 0.5078125 0.82109375 0.075 0.10703125
3 0.7703125 0.45234375 0.06328125 0.09453125
3 0.728125 0.43828125 0.05859375 0.08515625
3 0.6421875 0.4875 0.0671875 0.09609375
3 0.6140625 0.52265625 0.06328125 0.0890625
3 0.59609375 0.3265625 0.05546875 0.0859375
3 0.55625 0.3453125 0.0671875 0.1015625
3 0.46875 0.42734375 0.05859375 0.08671875
3 0.3375 0.2390625 0.06015625 0.08125
3 0.334375 0.31484375 0.05546875 0.07109375
3 0.44140625 0.12578125 0.04296875 0.05859375
4 0.6359375 0.31640625 0.05546875 0.08046875
5 0.8109375 0.878125 0.0453125 0.06796875
5 0.81796875 0.81953125 0.05078125 0.0765625
5 0.70546875 0.7671875 0.0484375 0.06953125
5 0.67578125 0.74609375 0.04375 0.07109375
5 0.6734375 0.85078125 0.03671875 0.0546875
5 0.69453125 0.9421875 0.06171875 0.09296875
5 0.6109375 0.92109375 0.053125 0.075
5 0.6734375 0.9875 0.05390625 0.02421875
5 0.55859375 0.39453125 0.0484375 0.07421875
5 0.63046875 0.440625 0.04296875 0.0640625
5 0.47421875 0.11953125 0.04375 0.06484375
5 0.39609375 0.09375 0.04296875 0.06484375
5 0.4328125 0.0640625 0.0546875 0.075