3 0.81953125 0.36484375 0.0625 0.07734375
3 0.85234375 0.41328125 0.04375 0.06875
3 0.72109375 0.20859375 0.065625 0.08125
3 0.584375 0.18984375 0.06484375 0.08671875
3 0.75703125 0.7 0.05390625 0.078125
3 0.7109375 0.69140625 0.05 0.06953125
3 0.6375 0.5953125 0.0578125 0.07734375
3 0.61796875 0.54453125 0.0546875 0.071875
3 0.553125 0.73046875 0.04609375 0.0734375
3 0.51796875 0.690625 0.05546875 0.08515625
3 0.45 0.56015625 0.04921875 0.07265625
3 0.27421875 0.6765625 0.05390625 0.06328125
3 0.28984375 0.6 0.05078125 0.053125
3 0.35 0.84609375 0.03828125 0.04609375
4 0.58984375 0.7625 0.04765625 0.065625
5 0.90078125 0.29921875 0.0375 0.05625
5 0.89296875 0.3609375 0.04296875 0.0640625
5 0.76875 0.3515625 0.04140625 0.05625
5 0.734375 0.35625 0.034375 0.0625
5 0.75703125 0.25078125 0.03125 0.0453125
5 0.8 0.171875 0.0515625 0.07734375
5 0.71171875 0.146875 0.04609375 0.06015625
5 0.79609375 0.08828125 0.046875 0.0609375
5 0.53203125 0.64296875 0.03984375 0.0625
5 0.61484375 0.6359375 0.03671875 0.053125
5 0.38125 0.86953125 0.03671875 0.053125
5 0.29765625 0.853125 0.0359375 0.05390625
5 0.3265625 0.903125 0.04765625 0.059375