3 0.1578125 0.4109375 0.09375 0.1203125
3 0.1734375 0.74921875 0.07421875 0.10703125
3 0.39609375 0.42265625 0.09453125 0.12578125
3 0.4875 0.2484375 0.08046875 0.1171875
3 0.66015625 0.4703125 0.08203125 0.12109375
5 0.4046875 0.34296875 0.05859375 0.09453125
5 0.1765625 0.2765625 0.05703125 0.08359375
5 0.1390625 0.32421875 0.06796875 0.0921875
5 0.0984375 0.37109375 0.07890625 0.09921875
5 0.70625 0.39296875 0.059375 0.09296875
5 0.81015625 0.5359375 0.075 0.1125
5 0.55390625 0.1 0.0703125 0.09375
4 0.62109375 0.07734375 0.07734375 0.08515625