3 0.80234375 0.690625 0.08671875 0.11171875
3 0.83359375 0.3796875 0.06875 0.09921875
3 0.5875 0.60859375 0.0875 0.11640625
3 0.48125 0.7390625 0.07421875 0.10859375
3 0.3546875 0.4859375 0.0765625 0.1125
5 0.56875 0.678125 0.0546875 0.0875
5 0.7671875 0.8078125 0.053125 0.07734375
5 0.8078125 0.775 0.06328125 0.0859375
5 0.85078125 0.7453125 0.0734375 0.0921875
5 0.30234375 0.5421875 0.0546875 0.0859375
5 0.22734375 0.38125 0.06953125 0.10390625
5 0.40078125 0.85390625 0.06484375 0.08671875
4 0.3375 0.85390625 0.071875 0.07890625