3 0.19140625 0.6015625 0.0828125 0.10546875
3 0.19921875 0.29453125 0.065625 0.09453125
3 0.4078125 0.58125 0.084375 0.1109375
3 0.49375 0.73515625 0.07109375 0.103125
3 0.64609375 0.5265625 0.07265625 0.10703125
5 0.4171875 0.653125 0.0515625 0.084375
5 0.21171875 0.7234375 0.05078125 0.0734375
5 0.1765625 0.68125 0.06015625 0.08125
5 0.1390625 0.640625 0.0703125 0.0875
5 0.6890625 0.5953125 0.05234375 0.0828125
5 0.78125 0.4609375 0.06640625 0.09921875
5 0.55703125 0.8671875 0.0625 0.0828125
4 0.61796875 0.884375 0.06875 0.075