3 0.26015625 0.340625 0.13359375 0.1828125
3 0.42265625 0.3984375 0.13359375 0.1953125
3 0.5578125 0.47265625 0.13046875 0.18984375
3 0.6453125 0.59765625 0.109375 0.16015625
3 0.76484375 0.61015625 0.10859375 0.14609375
3 0.6796875 0.68046875 0.11328125 0.146875
5 0.2828125 0.2953125 0.0828125 0.12734375
5 0.3421875 0.20546875 0.08046875 0.11796875
5 0.40546875 0.240625 0.0875 0.13359375
5 0.46328125 0.234375 0.075 0.11796875
5 0.5078125 0.33359375 0.075 0.1125
5 0.49140625 0.44375 0.08125 0.11875
5 0.3578125 0.4234375 0.0765625 0.13046875
5 0.67578125 0.5265625 0.07265625 0.115625
5 0.8765625 0.615625 0.1109375 0.16015625
5 0.91171875 0.68125 0.0984375 0.1546875
5 0.821875 0.13515625 0.07578125 0.1359375