3 0.703125 0.61328125 0.11484375 0.16171875
3 0.52109375 0.39375 0.07578125 0.1078125
3 0.63125 0.153125 0.07578125 0.10390625
3 0.2859375 0.42578125 0.08515625 0.13359375
3 0.21875 0.25625 0.07265625 0.1171875
4 0.6828125 0.4984375 0.084375 0.115625
5 0.89765625 0.46171875 0.075 0.109375
5 0.846875 0.425 0.065625 0.090625
5 0.8125 0.59609375 0.07265625 0.11484375
5 0.765625 0.67109375 0.08515625 0.12734375
5 0.76015625 0.5640625 0.05 0.075
5 0.74921875 0.478125 0.07734375 0.11015625
5 0.77421875 0.35625 0.08046875 0.11640625
5 0.4609375 0.1203125 0.07421875 0.11875
5 0.2734375 0.125 0.071875 0.1125
4 0.25 0.3234375 0.05 0.084375
5 0.16640625 0.3828125 0.05859375 0.0984375