3 0.85078125 0.87265625 0.1203125 0.19453125
3 0.525 0.75234375 0.134375 0.1875
3 0.48125 0.83828125 0.1296875 0.18125
3 0.43203125 0.909375 0.14296875 0.15703125
3 0.4953125 0.4328125 0.1328125 0.1921875
3 0.4 0.44296875 0.12109375 0.18828125
3 0.39921875 0.58515625 0.1203125 0.1859375
5 0.49609375 0.2890625 0.109375 0.16640625
5 0.4296875 0.24765625 0.10859375 0.15625
5 0.41953125 0.128125 0.11328125 0.1734375
5 0.2921875 0.55078125 0.10078125 0.15390625
5 0.39453125 0.79453125 0.09765625 0.14921875