3 0.69609375 0.2828125 0.16015625 0.2625
3 0.5984375 0.434375 0.1609375 0.25078125
3 0.36484375 0.32109375 0.16953125 0.23046875
3 0.35234375 0.44921875 0.14453125 0.215625
3 0.20390625 0.98984375 0.13828125 0.01953125
5 0.47890625 0.42265625 0.1171875 0.16484375
5 0.48203125 0.5234375 0.13046875 0.1703125
5 0.5125 0.63046875 0.1 0.13046875
5 0.43203125 0.61171875 0.08828125 0.134375
5 0.35703125 0.70625 0.11484375 0.17890625
5 0.26640625 0.73046875 0.1203125 0.18046875
5 0.234375 0.6109375 0.12734375 0.1796875
5 0.3578125 0.890625 0.12265625 0.18671875
5 0.76171875 0.0625 0.1265625 0.125
4 0.46015625 0.86953125 0.14140625 0.20390625