3 0.2390625 0.853125 0.04140625 0.0625
3 0.2890625 0.8109375 0.046875 0.0703125
3 0.3140625 0.85703125 0.0375 0.05234375
3 0.34765625 0.84453125 0.0375 0.05234375
3 0.34453125 0.67890625 0.04296875 0.06953125
3 0.403125 0.70546875 0.02890625 0.0453125
3 0.42734375 0.68125 0.0328125 0.0453125
3 0.3828125 0.5890625 0.05 0.06640625
3 0.1171875 0.56875 0.04140625 0.07734375
3 0.1484375 0.5328125 0.05625 0.0625
3 0.20703125 0.54921875 0.04921875 0.06328125
3 0.265625 0.546875 0.04453125 0.06796875
3 0.29453125 0.49453125 0.05234375 0.0734375
3 0.35390625 0.496875 0.040625 0.0640625
3 0.23203125 0.1640625 0.05 0.06875
3 0.5359375 0.24375 0.03671875 0.05234375
3 0.528125 0.19921875 0.03203125 0.03828125
3 0.50625 0.15625 0.034375 0.0484375
3 0.4640625 0.28125 0.02265625 0.0375
3 0.59921875 0.71953125 0.0328125 0.05390625
3 0.54921875 0.715625 0.02890625 0.04375
5 0.21171875 0.7265625 0.03359375 0.04609375
5 0.2046875 0.690625 0.03515625 0.05234375
4 0.25546875 0.515625 0.0390625 0.06015625
4 0.325 0.4546875 0.03828125 0.05703125
5 0.11015625 0.659375 0.021875 0.06328125
5 0.165625 0.14375 0.03828125 0.05546875
5 0.240625 0.2421875 0.03125 0.03984375
5 0.28828125 0.19921875 0.03359375 0.04296875