3 0.16640625 0.2171875 0.05078125 0.0765625
3 0.22578125 0.2453125 0.0578125 0.0859375
3 0.24609375 0.18671875 0.0453125 0.06484375
3 0.284375 0.1890625 0.0453125 0.06484375
3 0.30546875 0.36875 0.053125 0.084375
3 0.365625 0.3203125 0.03515625 0.0546875
3 0.39453125 0.3375 0.0390625 0.05546875
3 0.36015625 0.4515625 0.0609375 0.0828125
3 0.078125 0.56484375 0.05234375 0.0921875
3 0.1171875 0.5921875 0.06640625 0.0796875
3 0.17734375 0.5546875 0.05859375 0.07890625
3 0.24140625 0.5375 0.05390625 0.0828125
3 0.2796875 0.584375 0.0640625 0.090625
3 0.34375 0.5609375 0.05 0.078125
3 0.26328125 0.959375 0.0609375 0.08125
3 0.578125 0.77109375 0.04453125 0.0640625
3 0.57578125 0.821875 0.03828125 0.0484375
3 0.559375 0.87578125 0.04140625 0.059375
3 0.49453125 0.75546875 0.028125 0.0453125
3 0.5734375 0.2375 0.040625 0.06484375
3 0.52109375 0.259375 0.03515625 0.05390625
5 0.15546875 0.3625 0.040625 0.05703125
5 0.15390625 0.403125 0.0421875 0.06328125
4 0.23515625 0.57421875 0.04765625 0.0734375
4 0.31875 0.61640625 0.04609375 0.06875
5 0.05703125 0.46875 0.0296875 0.07265625
5 0.19453125 0.98515625 0.046875 0.02890625
5 0.26015625 0.87421875 0.0375 0.04921875
5 0.31796875 0.903125 0.040625 0.05390625