3 0.625 0.70234375 0.06171875 0.09296875
3 0.68203125 0.66640625 0.04921875 0.08046875
3 0.5125 0.34453125 0.0578125 0.08203125
3 0.453125 0.35546875 0.06484375 0.09609375
3 0.44140625 0.296875 0.04921875 0.06796875
3 0.40546875 0.2875 0.05 0.07578125
3 0.5671875 0.6921875 0.06953125 0.10234375
3 0.51953125 0.71171875 0.0640625 0.09375
3 0.47109375 0.65703125 0.0625 0.090625
3 0.41015625 0.62578125 0.05859375 0.08125
3 0.365625 0.66875 0.0734375 0.10625
3 0.309375 0.6375 0.06328125 0.0953125
3 0.30625 0.52421875 0.0625 0.090625
3 0.37265625 0.453125 0.05390625 0.07890625
3 0.32265625 0.396875 0.05 0.0734375
3 0.29375 0.41328125 0.04375 0.065625
3 0.13515625 0.2703125 0.05078125 0.0671875
3 0.71328125 0.99453125 0.0609375 0.0109375
3 0.6640625 0.97890625 0.053125 0.04140625
5 0.6359375 0.63984375 0.0453125 0.06640625
5 0.6015625 0.6046875 0.0453125 0.0609375
5 0.50234375 0.52109375 0.04921875 0.06640625
5 0.51015625 0.48046875 0.0421875 0.05390625
4 0.32265625 0.69375 0.04921875 0.075
4 0.41015625 0.66875 0.0578125 0.0859375
4 0.57734375 0.7796875 0.05234375 0.07265625