3 0.68125 0.49296875 0.06484375 0.096875
3 0.7046875 0.578125 0.05234375 0.0828125
3 0.43515625 0.62578125 0.06015625 0.08671875
3 0.39921875 0.55546875 0.0671875 0.1
3 0.3640625 0.584375 0.05078125 0.071875
3 0.33359375 0.553125 0.05234375 0.07890625
3 0.6359375 0.4390625 0.07265625 0.10703125
3 0.61171875 0.37578125 0.0671875 0.09765625
3 0.5515625 0.3625 0.06484375 0.09453125
3 0.49453125 0.32109375 0.06015625 0.0859375
3 0.48359375 0.24453125 0.07578125 0.11171875
3 0.4296875 0.20703125 0.065625 0.09921875
3 0.37421875 0.28359375 0.06484375 0.0953125
3 0.38828125 0.403125 0.05546875 0.0828125
3 0.3265625 0.38984375 0.0515625 0.07734375
3 0.3140625 0.3484375 0.04609375 0.06875
3 0.1359375 0.28203125 0.0515625 0.07109375
3 0.89375 0.35703125 0.0625 0.0828125
3 0.8453125 0.3265625 0.0546875 0.08046875
5 0.659375 0.5484375 0.04765625 0.06953125
5 0.61875 0.53671875 0.04609375 0.0640625
5 0.51015625 0.490625 0.05 0.0703125
5 0.496875 0.52734375 0.04296875 0.0578125
4 0.46484375 0.18203125 0.0515625 0.07734375
4 0.51484375 0.29140625 0.06015625 0.08984375
4 0.68359375 0.38828125 0.05390625 0.0765625