3 0.2671875 0.64296875 0.08203125 0.11875
3 0.31640625 0.59921875 0.07421875 0.10703125
3 0.33046875 0.665625 0.06484375 0.075
3 0.37265625 0.6453125 0.078125 0.109375
3 0.3109375 0.3484375 0.0828125 0.109375
3 0.29921875 0.428125 0.075 0.103125
3 0.3671875 0.359375 0.06953125 0.10703125
3 0.409375 0.29609375 0.05859375 0.08203125
3 0.52265625 0.36328125 0.0953125 0.140625
3 0.5890625 0.3859375 0.0890625 0.128125
3 0.65703125 0.515625 0.07265625 0.10703125
3 0.6875 0.465625 0.075 0.11328125
3 0.63828125 0.4203125 0.078125 0.11171875
3 0.50234375 0.61796875 0.08203125 0.11875
3 0.5171875 0.7109375 0.07421875 0.1015625
3 0.42734375 0.7578125 0.08203125 0.1203125
3 0.48828125 0.7765625 0.06875 0.0984375
3 0.19765625 0.86484375 0.06953125 0.1078125
3 0.68671875 0.60078125 0.07734375 0.121875
3 0.73671875 0.54921875 0.06953125 0.10234375
3 0.7375 0.63515625 0.05859375 0.0953125
3 0.79765625 0.62265625 0.096875 0.13515625
3 0.79765625 0.55625 0.07109375 0.109375
3 0.928125 0.52109375 0.071875 0.11484375
4 0.16484375 0.640625 0.075 0.10859375
4 0.21640625 0.690625 0.08046875 0.1078125
4 0.60625 0.503125 0.0765625 0.1171875
5 0.60546875 0.29765625 0.0546875 0.08125
5 0.671875 0.33359375 0.06796875 0.11015625
5 0.7921875 0.31171875 0.07265625 0.1203125
5 0.1875 0.9546875 0.0703125 0.08984375
4 0.1640625 0.91171875 0.06953125 0.09375
5 0.53359375 0.79453125 0.06328125 0.08828125
5 0.49140625 0.30390625 0.06328125 0.0875
5 0.796875 0.0984375 0.0578125 0.096875
5 0.86953125 0.14609375 0.059375 0.10625
5 0.884375 0.221875 0.05703125 0.1078125