3 0.2546875 0.396875 0.07890625 0.1125
3 0.30703125 0.43359375 0.07109375 0.10234375
3 0.3171875 0.3640625 0.06328125 0.06875
3 0.36171875 0.378125 0.07578125 0.10390625
3 0.31875 0.68828125 0.08046875 0.103125
3 0.3015625 0.61015625 0.07265625 0.09765625
3 0.375 0.66953125 0.06640625 0.10234375
3 0.421875 0.72734375 0.05625 0.078125
3 0.53203125 0.6421875 0.09140625 0.13359375
3 0.5984375 0.609375 0.0859375 0.121875
3 0.65859375 0.46796875 0.0703125 0.1015625
3 0.69296875 0.5140625 0.071875 0.10859375
3 0.6453125 0.5671875 0.075 0.10703125
3 0.49453125 0.3875 0.078125 0.1125
3 0.50390625 0.290625 0.071875 0.09609375
3 0.409375 0.25625 0.078125 0.11484375
3 0.4703125 0.22890625 0.065625 0.09375
3 0.16953125 0.18203125 0.06640625 0.103125
3 0.6828125 0.3765625 0.0734375 0.11796875
3 0.73671875 0.421875 0.06640625 0.096875
3 0.73203125 0.33515625 0.05546875 0.0921875
3 0.79375 0.33828125 0.09375 0.128125
3 0.7984375 0.40546875 0.06796875 0.1046875
3 0.93359375 0.42265625 0.06796875 0.1109375
4 0.15078125 0.4140625 0.071875 0.103125
4 0.2 0.35546875 0.07734375 0.1015625
4 0.6078125 0.48828125 0.0734375 0.1125
5 0.62109375 0.696875 0.05234375 0.078125
5 0.68515625 0.65078125 0.06484375 0.10703125
5 0.80859375 0.6546875 0.06875 0.11640625
5 0.153125 0.09140625 0.06796875 0.0859375
4 0.1328125 0.13984375 0.0671875 0.08828125
5 0.51484375 0.203125 0.06171875 0.08359375
5 0.5046875 0.70703125 0.0609375 0.08359375
5 0.82734375 0.8703125 0.05390625 0.09375
5 0.8984375 0.8109375 0.05546875 0.10390625
5 0.90859375 0.73203125 0.053125 0.10546875