3 0.96640625 0.73984375 0.01953125 0.03125
3 0.9375 0.721875 0.01875 0.0265625
3 0.8921875 0.746875 0.025 0.03671875
3 0.84296875 0.69375 0.0265625 0.03828125
3 0.8546875 0.665625 0.02578125 0.034375
3 0.8375 0.65546875 0.02421875 0.0328125
3 0.7890625 0.69140625 0.02890625 0.0359375
3 0.71953125 0.70390625 0.02578125 0.03984375
3 0.72890625 0.67578125 0.0265625 0.03984375
3 0.7328125 0.646875 0.0359375 0.0484375
3 0.8640625 0.18203125 0.02421875 0.0359375
3 0.80625 0.21875 0.02421875 0.03203125
3 0.79296875 0.24296875 0.02265625 0.03046875
3 0.77578125 0.2125 0.03046875 0.0421875
3 0.6578125 0.24375 0.0203125 0.02734375
3 0.62421875 0.234375 0.025 0.03359375
3 0.56953125 0.39765625 0.0203125 0.02578125
3 0.66171875 0.1734375 0.01484375 0.02734375
3 0.62578125 0.15 0.0234375 0.03046875
3 0.68359375 0.0625 0.02421875 0.03046875
3 0.659375 0.0609375 0.02421875 0.0234375
3 0.73046875 0.034375 0.0234375 0.01875
3 0.515625 0.12109375 0.01875 0.0328125
3 0.6234375 0.6453125 0.02265625 0.03359375
3 0.6109375 0.64453125 0.01328125 0.02734375
3 0.5984375 0.653125 0.0203125 0.03125
3 0.5875 0.67890625 0.01953125 0.0328125
3 0.584375 0.59140625 0.021875 0.03046875
3 0.47421875 0.60703125 0.0140625 0.01953125
3 0.47421875 0.62890625 0.01484375 0.025
3 0.46875 0.54296875 0.02421875 0.034375
3 0.5296875 0.50703125 0.02265625 0.03359375
3 0.3890625 0.30859375 0.028125 0.03828125
3 0.33671875 0.27578125 0.028125 0.04140625
3 0.321875 0.30078125 0.01953125 0.0265625
3 0.45546875 0.2484375 0.01953125 0.03046875
3 0.44609375 0.26875 0.0203125 0.02734375
3 0.39921875 0.20390625 0.02109375 0.03046875
3 0.4390625 0.1 0.0203125 0.025
3 0.39453125 0.48359375 0.03046875 0.0484375
3 0.17734375 0.715625 0.025 0.03515625
3 0.16640625 0.7015625 0.02109375 0.0328125
3 0.1734375 0.66328125 0.021875 0.0296875
3 0.171875 0.60390625 0.01953125 0.025
3 0.17109375 0.5859375 0.01484375 0.021875
3 0.1875 0.571875 0.01484375 0.02265625
3 0.3375 0.76640625 0.021875 0.0328125
5 0.86875 0.74140625 0.02265625 0.0296875
5 0.85703125 0.7421875 0.01796875 0.03359375
5 0.859375 0.71875 0.021875 0.0296875
5 0.8640625 0.684375 0.0203125 0.03046875
5 0.7640625 0.69375 0.02578125 0.04140625
5 0.7546875 0.71640625 0.01796875 0.02890625
5 0.73984375 0.71328125 0.02265625 0.0296875
5 0.74765625 0.69453125 0.01953125 0.028125
5 0.6484375 0.66875 0.01875 0.02734375
5 0.596875 0.61875 0.0203125 0.02890625
5 0.64296875 0.6125 0.01640625 0.02265625
5 0.63984375 0.5875 0.015625 0.02265625
5 0.60078125 0.675 0.01953125 0.0296875
5 0.60625 0.5859375 0.0171875 0.0234375
4 0.44921875 0.71640625 0.015625 0.025
5 0.4515625 0.75625 0.0140625 0.025
4 0.78515625 0.184375 0.02109375 0.034375
4 0.740625 0.29296875 0.021875 0.0296875
4 0.734375 0.31484375 0.021875 0.03125
4 0.659375 0.26796875 0.01640625 0.02421875
4 0.33046875 0.29921875 0.01875 0.03125
4 0.31484375 0.3125 0.021875 0.0296875
5 0.45546875 0.0921875 0.02109375 0.028125
5 0.42265625 0.24765625 0.0171875 0.028125
5 0.4109375 0.2265625 0.01953125 0.0296875
5 0.67421875 0.2390625 0.015625 0.025
5 0.64765625 0.2515625 0.01796875 0.028125
5 0.62421875 0.2578125 0.0203125 0.0296875
5 0.66171875 0.209375 0.0171875 0.0265625
5 0.64921875 0.19765625 0.01484375 0.021875
5 0.6328125 0.21171875 0.0171875 0.0265625
5 0.6359375 0.19375 0.015625 0.02734375
5 0.6234375 0.1921875 0.01796875 0.02578125
5 0.61015625 0.20234375 0.01875 0.028125
5 0.6125 0.18046875 0.01796875 0.02890625
5 0.61015625 0.2359375 0.01640625 0.0265625
5 0.64609375 0.35234375 0.015625 0.021875
5 0.4671875 0.26484375 0.01484375 0.0234375
5 0.4953125 0.1875 0.0171875 0.02578125