3 0.18828125 0.52421875 0.03828125 0.05625
3 0.190625 0.340625 0.040625 0.0609375
3 0.19296875 0.29375 0.053125 0.0625
3 0.21171875 0.1640625 0.06484375 0.08828125
3 0.371875 0.075 0.06171875 0.084375
3 0.44140625 0.659375 0.04296875 0.0609375
3 0.4578125 0.7 0.02734375 0.0453125
3 0.77421875 0.61171875 0.0546875 0.07578125
3 0.79609375 0.5921875 0.04609375 0.06484375
3 0.79140625 0.5140625 0.046875 0.06484375
3 0.8015625 0.3875 0.0453125 0.0640625
3 0.8109375 0.34921875 0.03671875 0.046875
5 0.21171875 0.6015625 0.03671875 0.05859375
5 0.22421875 0.52734375 0.03828125 0.05390625
5 0.13671875 0.3765625 0.0390625 0.05859375
5 0.2484375 0.215625 0.0328125 0.046875
4 0.30859375 0.0828125 0.046875 0.0671875
5 0.7 0.67578125 0.0484375 0.07265625
5 0.7421875 0.5359375 0.04375 0.0671875
5 0.765625 0.54453125 0.034375 0.05546875
5 0.79609375 0.55 0.04609375 0.0671875
5 0.7515625 0.5015625 0.0421875 0.0515625
4 0.96796875 0.52109375 0.0328125 0.0625
5 0.9140625 0.52890625 0.0421875 0.0671875