3 0.24765625 0.45859375 0.0609375 0.08671875
3 0.5171875 0.5984375 0.04375 0.0671875
3 0.69765625 0.37421875 0.03984375 0.05546875
3 0.81328125 0.7609375 0.0421875 0.05859375
3 0.2421875 0.81015625 0.04921875 0.0515625
3 0.3703125 0.84765625 0.04921875 0.06953125
3 0.38203125 0.5640625 0.03671875 0.046875
3 0.42421875 0.65 0.03203125 0.05546875
3 0.64765625 0.9015625 0.0359375 0.05546875
4 0.2140625 0.496875 0.0421875 0.06484375
4 0.48046875 0.4890625 0.0390625 0.05390625
4 0.34921875 0.36484375 0.04375 0.06015625
4 0.3703125 0.3375 0.040625 0.06015625
5 0.23515625 0.51875 0.03515625 0.0578125
5 0.2078125 0.765625 0.0390625 0.05859375
5 0.26171875 0.74453125 0.0359375 0.05546875
5 0.4390625 0.52734375 0.0359375 0.04921875
5 0.39375 0.5328125 0.02734375 0.0453125
5 0.44453125 0.5921875 0.034375 0.05625
5 0.45703125 0.6234375 0.025 0.0390625
5 0.49140625 0.62421875 0.03671875 0.05546875
5 0.48828125 0.53828125 0.03828125 0.0578125
5 0.5296875 0.5484375 0.040625 0.06015625
5 0.54140625 0.60234375 0.03125 0.05
5 0.525 0.6609375 0.03671875 0.05234375
5 0.4953125 0.66015625 0.034375 0.05234375
5 0.5078125 0.69765625 0.0375 0.0515625