3 0.8015625 0.60859375 0.0703125 0.1015625
3 0.5078125 0.425 0.05078125 0.07734375
3 0.296875 0.65546875 0.0453125 0.0640625
3 0.18671875 0.21171875 0.05 0.06875
3 0.825 0.21796875 0.0546875 0.0609375
3 0.68359375 0.16328125 0.05625 0.0796875
3 0.65703125 0.47734375 0.040625 0.05546875
3 0.61328125 0.37734375 0.0375 0.0640625
3 0.37734375 0.0734375 0.040625 0.0640625
4 0.840625 0.5703125 0.05 0.075
4 0.54375 0.55078125 0.04609375 0.0625
4 0.684375 0.703125 0.05 0.06953125
4 0.659375 0.73125 0.04765625 0.06953125
5 0.81875 0.54296875 0.040625 0.06640625
5 0.86015625 0.27109375 0.04609375 0.0671875
5 0.8 0.28984375 0.040625 0.06484375
5 0.5921875 0.5125 0.04140625 0.0578125
5 0.64296875 0.5109375 0.03125 0.0515625
5 0.58828125 0.4390625 0.03984375 0.06484375
5 0.5765625 0.403125 0.02890625 0.04375
5 0.53828125 0.39921875 0.0421875 0.06484375
5 0.5375 0.4953125 0.04375 0.06640625
5 0.4921875 0.47890625 0.04765625 0.06875
5 0.48125 0.4171875 0.0359375 0.0578125
5 0.50234375 0.35390625 0.04140625 0.0609375
5 0.5359375 0.35859375 0.0390625 0.06015625
5 0.52265625 0.31640625 0.0421875 0.05859375