3 0.85703125 0.3390625 0.04375 0.065625
3 0.85859375 0.29609375 0.0421875 0.0578125
3 0.828125 0.3 0.04765625 0.07421875
3 0.7921875 0.29609375 0.03828125 0.05390625
3 0.78125 0.24921875 0.03984375 0.06328125
3 0.7546875 0.2265625 0.04296875 0.059375
3 0.74140625 0.28203125 0.03828125 0.0515625
3 0.7203125 0.46875 0.04453125 0.06484375
3 0.69296875 0.49921875 0.040625 0.059375
3 0.721875 0.54140625 0.04296875 0.0609375
3 0.68515625 0.5390625 0.0359375 0.05234375
3 0.6359375 0.63359375 0.040625 0.0578125
3 0.63203125 0.615625 0.034375 0.04921875
3 0.621875 0.55703125 0.040625 0.059375
3 0.58203125 0.64609375 0.04140625 0.06328125
3 0.5625 0.61171875 0.0453125 0.06953125
3 0.25 0.55546875 0.03984375 0.05859375
3 0.1609375 0.61875 0.040625 0.05859375
3 0.13203125 0.62265625 0.03515625 0.05703125
3 0.13984375 0.334375 0.05 0.071875
3 0.234375 0.29765625 0.04453125 0.06171875
3 0.1828125 0.278125 0.0390625 0.05859375
3 0.46953125 0.59375 0.03984375 0.053125
3 0.478125 0.45234375 0.03671875 0.053125
5 0.8734375 0.43359375 0.04140625 0.06171875
5 0.84453125 0.4203125 0.03828125 0.05546875
5 0.80703125 0.4078125 0.0328125 0.0484375
5 0.78046875 0.39375 0.03671875 0.0546875
5 0.80078125 0.3703125 0.02890625 0.04375
5 0.78984375 0.3359375 0.0390625 0.053125
4 0.8203125 0.346875 0.034375 0.04296875
4 0.85234375 0.38359375 0.0359375 0.04921875
5 0.7296875 0.346875 0.03046875 0.046875
5 0.721875 0.3 0.02734375 0.04140625
5 0.71328125 0.25625 0.03046875 0.046875
5 0.734375 0.24609375 0.02734375 0.0390625
5 0.75078125 0.178125 0.03203125 0.04453125
5 0.80234375 0.23984375 0.028125 0.040625
5 0.6671875 0.47421875 0.03828125 0.05703125
5 0.69453125 0.6078125 0.034375 0.05078125
5 0.68359375 0.64453125 0.028125 0.046875
5 0.71796875 0.57421875 0.02734375 0.03984375
5 0.69609375 0.57109375 0.03125 0.05
4 0.6515625 0.603125 0.03671875 0.053125
5 0.21796875 0.34921875 0.034375 0.0515625
5 0.228125 0.3828125 0.02890625 0.0421875
5 0.20234375 0.371875 0.02421875 0.03828125
5 0.11328125 0.409375 0.028125 0.04140625
5 0.29296875 0.38046875 0.03515625 0.053125
5 0.2765625 0.35 0.02890625 0.04296875