3 0.85703125 0.44375 0.04609375 0.06953125
3 0.86328125 0.40390625 0.04375 0.06171875
3 0.834375 0.4 0.05 0.078125
3 0.80078125 0.3859375 0.03984375 0.0578125
3 0.79609375 0.3390625 0.0421875 0.065625
3 0.77421875 0.31015625 0.0453125 0.0640625
3 0.75390625 0.359375 0.03984375 0.05546875
3 0.7125 0.5296875 0.046875 0.06875
3 0.6828125 0.55078125 0.04296875 0.06328125
3 0.70546875 0.5984375 0.0453125 0.065625
3 0.67109375 0.5859375 0.0375 0.05546875
3 0.61328125 0.6625 0.04296875 0.06171875
3 0.61171875 0.64453125 0.0359375 0.05234375
3 0.60859375 0.58671875 0.04296875 0.0625
3 0.56015625 0.659375 0.04375 0.06640625
3 0.54609375 0.621875 0.04765625 0.07265625
3 0.25859375 0.484375 0.0421875 0.0625
3 0.16640625 0.5203125 0.04296875 0.0625
3 0.1390625 0.51640625 0.0375 0.059375
3 0.18046875 0.24609375 0.05234375 0.07734375
3 0.27421875 0.23671875 0.046875 0.065625
3 0.228125 0.2046875 0.04140625 0.0625
3 0.4609375 0.5796875 0.04140625 0.0578125
3 0.48515625 0.44921875 0.03828125 0.05625
5 0.8609375 0.5375 0.04296875 0.06484375
5 0.83515625 0.5171875 0.040625 0.059375
5 0.8015625 0.4953125 0.03515625 0.0515625
5 0.778125 0.475 0.03828125 0.0578125
5 0.8 0.4578125 0.03046875 0.04609375
5 0.79375 0.42265625 0.03984375 0.05703125
4 0.82109375 0.44140625 0.03515625 0.046875
4 0.84765625 0.484375 0.0375 0.053125
5 0.73515625 0.4171875 0.03203125 0.04921875
5 0.734375 0.3703125 0.02890625 0.04375
5 0.73125 0.32734375 0.03203125 0.04921875
5 0.75234375 0.3234375 0.028125 0.04140625
5 0.77578125 0.26328125 0.0328125 0.04765625
5 0.8171875 0.33515625 0.0296875 0.04375
5 0.66171875 0.5203125 0.040625 0.06015625
5 0.67109375 0.653125 0.0359375 0.053125
5 0.65625 0.6859375 0.0296875 0.0484375
5 0.696875 0.628125 0.028125 0.0421875
5 0.67734375 0.61953125 0.03359375 0.05234375
4 0.63125 0.63828125 0.03828125 0.05625
5 0.25234375 0.28125 0.0359375 0.0546875
5 0.2578125 0.315625 0.03046875 0.04453125
5 0.23515625 0.2984375 0.02578125 0.03984375
5 0.14609375 0.31015625 0.0296875 0.04375
5 0.31953125 0.33046875 0.03671875 0.05546875
5 0.30703125 0.2984375 0.03046875 0.0453125