3 0.50234375 0.390625 0.06796875 0.08984375
3 0.53515625 0.4625 0.05 0.0796875
3 0.35859375 0.24765625 0.05625 0.07578125
3 0.31171875 0.22578125 0.04921875 0.07109375
3 0.37578125 0.571875 0.05390625 0.08203125
3 0.26796875 0.7203125 0.075 0.09921875
3 0.43046875 0.82265625 0.07109375 0.10078125
3 0.33203125 0.8359375 0.06328125 0.078125
3 0.759375 0.3921875 0.04609375 0.07109375
3 0.7234375 0.453125 0.05 0.08203125
5 0.53359375 0.71015625 0.0515625 0.07734375
5 0.43125 0.67578125 0.046875 0.06953125
5 0.3828125 0.68203125 0.04140625 0.0625
5 0.40390625 0.7296875 0.05546875 0.075
5 0.23828125 0.58359375 0.03984375 0.06484375