3 0.47578125 0.39453125 0.08359375 0.11796875
3 0.52421875 0.45078125 0.065625 0.10078125
3 0.3015625 0.31953125 0.0703125 0.10078125
3 0.25078125 0.31953125 0.06328125 0.090625
3 0.3875 0.63515625 0.06953125 0.10390625
3 0.31015625 0.83515625 0.09296875 0.13125
3 0.49453125 0.8609375 0.08984375 0.13125
3 0.39921875 0.92109375 0.07734375 0.10625
3 0.7328125 0.27421875 0.05859375 0.08984375
3 0.7109375 0.3515625 0.065625 0.103125
5 0.575 0.7 0.065625 0.09765625
5 0.4640625 0.7140625 0.05859375 0.08984375
5 0.4171875 0.74296875 0.053125 0.0796875
5 0.4484375 0.78125 0.0703125 0.09921875
5 0.25234375 0.7140625 0.0515625 0.08203125