3 0.34140625 0.321875 0.05703125 0.11640625
3 0.3765625 0.35234375 0.090625 0.1359375
3 0.4046875 0.27265625 0.08828125 0.11171875
3 0.45546875 0.3328125 0.09375 0.15546875
3 0.5140625 0.38203125 0.07421875 0.109375
3 0.565625 0.32421875 0.0875 0.13125
3 0.621875 0.33203125 0.0890625 0.12734375
3 0.60390625 0.44140625 0.07109375 0.10078125
3 0.44765625 0.88515625 0.08984375 0.12734375
3 0.50625 0.9390625 0.07421875 0.1078125
3 0.528125 0.8640625 0.08203125 0.11796875
3 0.50234375 0.775 0.0921875 0.13359375
5 0.28203125 0.4703125 0.0796875 0.12109375
5 0.246875 0.5296875 0.07109375 0.090625
5 0.340625 0.4953125 0.0734375 0.11015625
5 0.41015625 0.53828125 0.06875 0.103125
5 0.46015625 0.55859375 0.071875 0.10625
5 0.44765625 0.48515625 0.06171875 0.09296875
5 0.48515625 0.45625 0.07734375 0.109375
5 0.57578125 0.56484375 0.06484375 0.0953125
4 0.42890625 0.41328125 0.06015625 0.084375
4 0.34921875 0.425 0.0828125 0.11171875
5 0.5859375 0.86875 0.06875 0.103125
5 0.61875 0.503125 0.05703125 0.08203125
5 0.67109375 0.44453125 0.05859375 0.08984375
5 0.6421875 0.3921875 0.05703125 0.08125
5 0.66484375 0.2625 0.07109375 0.109375
5 0.5390625 0.27421875 0.06484375 0.09765625