3 0.68046875 0.65234375 0.04375 0.1015625
3 0.646875 0.63359375 0.07421875 0.1125
3 0.6296875 0.71015625 0.075 0.08671875
3 0.578125 0.66796875 0.07578125 0.1296875
3 0.52109375 0.63671875 0.06171875 0.08984375
3 0.48046875 0.7 0.07109375 0.11015625
3 0.43046875 0.70546875 0.07421875 0.10390625
3 0.43515625 0.60390625 0.05859375 0.08125
3 0.53125 0.175 0.07421875 0.10546875
3 0.475 0.13984375 0.06171875 0.08828125
3 0.4625 0.2109375 0.06875 0.0953125
3 0.49375 0.284375 0.07578125 0.11015625
5 0.71953125 0.5078125 0.065625 0.09921875
5 0.74453125 0.44765625 0.059375 0.07109375
5 0.66484375 0.4984375 0.059375 0.090625
5 0.59921875 0.475 0.05546875 0.084375
5 0.55234375 0.46796875 0.059375 0.08828125
5 0.56953125 0.5296875 0.0515625 0.07734375
5 0.53984375 0.5640625 0.065625 0.08828125
5 0.44921875 0.4875 0.053125 0.0796875
4 0.59375 0.590625 0.05078125 0.06875
4 0.6640625 0.56328125 0.06953125 0.08984375
5 0.41015625 0.21953125 0.05625 0.08359375
5 0.41640625 0.55234375 0.04765625 0.0671875
5 0.37578125 0.61640625 0.04921875 0.0734375
5 0.40703125 0.65546875 0.04765625 0.06640625
5 0.39921875 0.7765625 0.0578125 0.08984375
5 0.51015625 0.73828125 0.053125 0.08203125