3 0.359375 0.2875 0.06484375 0.11875
3 0.390625 0.325 0.0953125 0.14453125
3 0.42578125 0.2515625 0.090625 0.12265625
3 0.471875 0.32109375 0.10234375 0.16171875
3 0.52578125 0.3828125 0.078125 0.11640625
3 0.5828125 0.334375 0.0921875 0.13984375
3 0.6390625 0.3546875 0.09296875 0.1359375
3 0.61171875 0.46015625 0.07421875 0.10625
3 0.41484375 0.87265625 0.09375 0.1375
3 0.46796875 0.93828125 0.078125 0.1140625
3 0.49609375 0.86796875 0.0859375 0.125
3 0.47890625 0.77421875 0.09609375 0.14375
5 0.2859375 0.4234375 0.08515625 0.12890625
5 0.2453125 0.47578125 0.07265625 0.09921875
5 0.3421875 0.4609375 0.0765625 0.11796875
5 0.4078125 0.51796875 0.07265625 0.109375
5 0.45625 0.5484375 0.07578125 0.1140625
5 0.45078125 0.47265625 0.06640625 0.09765625
5 0.48984375 0.45078125 0.08203125 0.11796875
5 0.57109375 0.578125 0.06875 0.1015625
4 0.43828125 0.396875 0.0640625 0.090625
4 0.3578125 0.3921875 0.0859375 0.1203125
5 0.5546875 0.884375 0.07265625 0.109375
5 0.61953125 0.525 0.059375 0.08671875
5 0.67734375 0.47578125 0.06328125 0.09453125
5 0.653125 0.41875 0.059375 0.08671875
5 0.6875 0.29375 0.07578125 0.1140625
5 0.56015625 0.27890625 0.06875 0.10390625