3 0.31953125 0.09765625 0.1484375 0.1953125
3 0.43828125 0.1125 0.15703125 0.20234375
3 0.50703125 0.26171875 0.13828125 0.18984375
3 0.4078125 0.21953125 0.11328125 0.1640625
3 0.51796875 0.54765625 0.15859375 0.22265625
3 0.61484375 0.67265625 0.1453125 0.2109375
3 0.709375 0.59140625 0.13203125 0.20234375
3 0.74921875 0.4015625 0.1578125 0.21484375
4 0.2046875 0.09921875 0.14921875 0.1984375
4 0.1765625 0.02265625 0.059375 0.0453125
5 0.2671875 0.065625 0.1015625 0.13125
5 0.2921875 0.2109375 0.10546875 0.15234375
5 0.34609375 0.21171875 0.11171875 0.125
5 0.6859375 0.7625 0.121875 0.16875