3 0.80546875 0.8203125 0.13828125 0.19453125
3 0.6859375 0.865625 0.14921875 0.18046875
3 0.5796875 0.76171875 0.13046875 0.17265625
3 0.68671875 0.74609375 0.10625 0.15078125
3 0.49609375 0.490625 0.1484375 0.2046875
3 0.3703125 0.425 0.1359375 0.19375
3 0.3 0.55859375 0.12265625 0.1890625
3 0.309375 0.765625 0.14921875 0.19375
4 0.9171875 0.7515625 0.140625 0.19453125
4 0.971875 0.8421875 0.05078125 0.125
5 0.8671875 0.8296875 0.0921875 0.1546875
5 0.8015625 0.68671875 0.09921875 0.13828125
5 0.7484375 0.71640625 0.11015625 0.10625
5 0.278125 0.37890625 0.11484375 0.1546875