3 0.18515625 0.30234375 0.1546875 0.22265625
3 0.29609375 0.22421875 0.1640625 0.21328125
3 0.4125 0.296875 0.1453125 0.20078125
3 0.309375 0.3421875 0.11953125 0.17265625
3 0.52890625 0.53828125 0.165625 0.23515625
3 0.66015625 0.565625 0.153125 0.221875
3 0.7125 0.41484375 0.1390625 0.21171875
3 0.6765625 0.215625 0.165625 0.22578125
4 0.08359375 0.4015625 0.15703125 0.22421875
4 0.025 0.32734375 0.05 0.1328125
5 0.12265625 0.3109375 0.10703125 0.171875
5 0.2046875 0.4328125 0.1109375 0.159375
5 0.253125 0.38828125 0.1171875 0.13203125
5 0.75625 0.58515625 0.12734375 0.17734375