3 0.9171875 0.3515625 0.05 0.078125
3 0.834375 0.37421875 0.05 0.078125
3 0.7828125 0.590625 0.06015625 0.09921875
3 0.76171875 0.65390625 0.0609375 0.08828125
3 0.82109375 0.6921875 0.06484375 0.090625
3 0.83984375 0.27421875 0.071875 0.08359375
3 0.5734375 0.39375 0.0453125 0.078125
3 0.51875 0.33828125 0.05546875 0.0796875
3 0.68359375 0.8046875 0.059375 0.0859375
3 0.72265625 0.8828125 0.053125 0.08515625
3 0.615625 0.9171875 0.06953125 0.07109375
3 0.47421875 0.446875 0.0515625 0.06875
5 0.940625 0.5078125 0.05078125 0.06796875
5 0.9328125 0.4125 0.05390625 0.09453125
5 0.84296875 0.47265625 0.0546875 0.07109375
5 0.81640625 0.41953125 0.03671875 0.04609375
5 0.7828125 0.35625 0.04765625 0.0734375
5 0.81171875 0.32265625 0.04296875 0.05546875
5 0.8125 0.21171875 0.0515625 0.0671875
5 0.62578125 0.25 0.05078125 0.078125
5 0.5921875 0.22734375 0.0609375 0.07578125
5 0.6515625 0.13515625 0.04609375 0.07109375
5 0.80390625 0.821875 0.0578125 0.0875
5 0.8140625 0.871875 0.0484375 0.06640625
5 0.83125 0.74765625 0.0453125 0.0640625
5 0.79375 0.76171875 0.0515625 0.08515625
5 0.715625 0.6421875 0.05234375 0.08515625
5 0.10234375 0.90859375 0.0484375 0.06640625
5 0.084375 0.86875 0.0375 0.071875
4 0.20703125 0.78984375 0.04921875 0.07890625