3 0.09609375 0.68125 0.0578125 0.08984375
3 0.17421875 0.6390625 0.0578125 0.08984375
3 0.28984375 0.78671875 0.07109375 0.11171875
3 0.32890625 0.825 0.06953125 0.10234375
3 0.29140625 0.90234375 0.0734375 0.10625
3 0.13671875 0.5578125 0.078125 0.103125
3 0.40546875 0.4625 0.0546875 0.0875
3 0.43359375 0.37421875 0.06328125 0.09296875
3 0.44609375 0.89609375 0.06796875 0.1
3 0.43828125 0.971875 0.0625 0.05546875
3 0.54140625 0.94296875 0.07421875 0.090625
3 0.50703125 0.434375 0.0578125 0.08125
5 0.12734375 0.8328125 0.05703125 0.08046875
5 0.103125 0.7453125 0.06484375 0.1046875
5 0.2 0.7296875 0.0609375 0.084375
5 0.20546875 0.66484375 0.040625 0.0546875
5 0.21328125 0.5859375 0.05546875 0.08359375
5 0.1765625 0.578125 0.04765625 0.065625
5 0.13984375 0.4828125 0.0578125 0.08046875
5 0.3125 0.378125 0.05859375 0.0890625
5 0.334375 0.3328125 0.0671875 0.090625
5 0.25234375 0.2984375 0.053125 0.08125
5 0.34921875 0.975 0.06640625 0.04921875
5 0.30078125 0.95703125 0.05078125 0.075
5 0.3375 0.94140625 0.06015625 0.09609375
5 0.36484375 0.78125 0.0609375 0.09609375
5 0.97578125 0.55390625 0.04765625 0.078125
5 0.97890625 0.50703125 0.04140625 0.078125
4 0.85078125 0.5296875 0.05703125 0.08984375