3 0.87890625 0.6203125 0.05078125 0.078125
3 0.80546875 0.590625 0.05078125 0.078125
3 0.7078125 0.73671875 0.06171875 0.0984375
3 0.67421875 0.77578125 0.0609375 0.08984375
3 0.7125 0.84140625 0.06484375 0.0921875
3 0.8359375 0.5125 0.06953125 0.08828125
3 0.58828125 0.45546875 0.046875 0.07734375
3 0.55859375 0.37890625 0.05546875 0.08046875
3 0.571875 0.853125 0.059375 0.0875
3 0.58359375 0.9390625 0.05390625 0.08515625
3 0.48828125 0.90546875 0.06640625 0.0765625
3 0.49453125 0.44140625 0.05078125 0.07109375
5 0.85703125 0.76015625 0.05 0.06953125
5 0.87578125 0.67890625 0.05546875 0.09296875
5 0.78671875 0.67578125 0.053125 0.0734375
5 0.77890625 0.61640625 0.0359375 0.04765625
5 0.76796875 0.546875 0.0484375 0.0734375
5 0.8 0.5359375 0.0421875 0.05703125
5 0.8296875 0.4453125 0.05078125 0.06953125
5 0.66796875 0.36875 0.05078125 0.078125
5 0.64609375 0.33046875 0.059375 0.07890625
5 0.71796875 0.290625 0.046875 0.071875
5 0.665625 0.93671875 0.05859375 0.08828125
5 0.6609375 0.97421875 0.0484375 0.05078125
5 0.70703125 0.8921875 0.0453125 0.065625
5 0.67265625 0.88203125 0.05234375 0.084375
5 0.63984375 0.73984375 0.053125 0.084375
5 0.07265625 0.6015625 0.04765625 0.06796875
5 0.06875 0.55859375 0.0390625 0.06953125
4 0.18828125 0.565625 0.05 0.07890625