3 0.371875 0.55625 0.1109375 0.16171875
3 0.4625 0.503125 0.10390625 0.16484375
3 0.19765625 0.4328125 0.1171875 0.17265625
4 0.47890625 0.596875 0.090625 0.12890625
5 0.5953125 0.72421875 0.0875 0.11640625
5 0.6953125 0.7953125 0.075 0.10625
5 0.52421875 0.8359375 0.05859375 0.1046875
5 0.5328125 0.5078125 0.06953125 0.10390625
5 0.496875 0.4375 0.0703125 0.0984375
5 0.396875 0.440625 0.06953125 0.1046875
5 0.434375 0.4140625 0.06640625 0.10625
5 0.3953125 0.38125 0.05703125 0.078125
5 0.34375 0.415625 0.06484375 0.09453125
5 0.32890625 0.36484375 0.07734375 0.09921875
5 0.26875 0.41875 0.078125 0.12890625