3 0.37578125 0.39921875 0.12421875 0.18203125
3 0.471875 0.459375 0.1171875 0.1828125
3 0.30234375 0.1125 0.13046875 0.19375
4 0.43828125 0.54921875 0.10078125 0.14609375
5 0.465625 0.77578125 0.096875 0.1328125
5 0.50703125 0.940625 0.0828125 0.11796875
5 0.35546875 0.78359375 0.0671875 0.11484375
5 0.5234375 0.540625 0.078125 0.11640625
5 0.53046875 0.446875 0.07734375 0.11171875
5 0.45234375 0.33828125 0.07734375 0.1171875
5 0.49453125 0.36015625 0.075 0.11796875
5 0.4796875 0.29140625 0.06328125 0.0890625
5 0.4234375 0.26015625 0.07265625 0.10625
5 0.43671875 0.2046875 0.08515625 0.1140625
5 0.3640625 0.18046875 0.0890625 0.14296875