3 0.5078125 0.48125 0.0625 0.08359375
3 0.43828125 0.415625 0.071875 0.08359375
3 0.44375 0.50234375 0.053125 0.08828125
3 0.33125 0.44765625 0.06171875 0.084375
3 0.53046875 0.5859375 0.06015625 0.1
3 0.5375 0.65625 0.0640625 0.08359375
3 0.49765625 0.771875 0.05546875 0.0796875
3 0.45390625 0.61875 0.0578125 0.09765625
3 0.415625 0.67421875 0.06171875 0.06171875
3 0.41796875 0.73828125 0.0640625 0.06015625
4 0.4640625 0.2984375 0.04765625 0.065625
4 0.45234375 0.340625 0.04609375 0.0609375
4 0.53984375 0.3953125 0.0453125 0.0703125
4 0.3984375 0.50859375 0.04765625 0.07265625
4 0.41171875 0.5484375 0.053125 0.05859375