3 0.50234375 0.52421875 0.06640625 0.09453125
3 0.57265625 0.5421875 0.0734375 0.1
3 0.54921875 0.47578125 0.06015625 0.09453125
3 0.65078125 0.4640625 0.06640625 0.0953125
3 0.46171875 0.45078125 0.06796875 0.10625
3 0.440625 0.3984375 0.06796875 0.09609375
3 0.44765625 0.2859375 0.06015625 0.0890625
3 0.515625 0.3875 0.065625 0.103125
3 0.534375 0.32421875 0.0609375 0.078125
3 0.51796875 0.275 0.0625 0.078125
4 0.57734375 0.6484375 0.05078125 0.07421875
4 0.57734375 0.60859375 0.04921875 0.06953125
4 0.49609375 0.6078125 0.05 0.0765625
4 0.58359375 0.4484375 0.05234375 0.0796875
4 0.5640625 0.42265625 0.05390625 0.07109375