3 0.12421875 0.328125 0.19375 0.2734375
3 0.2609375 0.3578125 0.17890625 0.26015625
3 0.28046875 0.24375 0.1625 0.20625
3 0.3625 0.425 0.17578125 0.2390625
3 0.46875 0.51015625 0.153125 0.23046875
3 0.4203125 0.6203125 0.15625 0.215625
3 0.41875 0.7140625 0.17578125 0.209375
3 0.48359375 0.79375 0.1625 0.22890625
3 0.5859375 0.6890625 0.14375 0.228125
3 0.715625 0.69609375 0.1546875 0.22265625
3 0.71015625 0.8140625 0.196875 0.25234375
3 0.59140625 0.85546875 0.12421875 0.17890625
3 0.775 0.66015625 0.11015625 0.20703125
3 0.95859375 0.60546875 0.08125 0.22578125
4 0.30078125 0.60234375 0.1671875 0.24375
5 0.28828125 0.18359375 0.11484375 0.13515625
5 0.43203125 0.228125 0.140625 0.21328125
5 0.675 0.1578125 0.159375 0.24296875