3 0.1765625 0.77578125 0.1625 0.22578125
3 0.2984375 0.7171875 0.15078125 0.21484375
3 0.32734375 0.8171875 0.140625 0.1640625
3 0.384375 0.634375 0.14921875 0.19453125
3 0.47265625 0.53203125 0.1265625 0.19375
3 0.4171875 0.4421875 0.13203125 0.1765625
3 0.40625 0.35703125 0.153125 0.165625
3 0.4578125 0.26953125 0.13828125 0.1890625
3 0.56171875 0.3421875 0.11953125 0.1921875
3 0.6796875 0.30703125 0.1296875 0.18515625
3 0.66328125 0.2 0.1703125 0.20234375
3 0.55078125 0.1890625 0.1046875 0.146875
3 0.7375 0.3265625 0.08671875 0.18046875
3 0.9265625 0.33125 0.0890625 0.1984375
4 0.31015625 0.48515625 0.140625 0.20078125
5 0.340625 0.87109375 0.10078125 0.10625
5 0.46796875 0.79765625 0.1171875 0.17890625
5 0.696875 0.80703125 0.13203125 0.20234375