3 0.22265625 0.11171875 0.17421875 0.22265625
3 0.334375 0.21640625 0.1609375 0.22890625
3 0.384375 0.12890625 0.14921875 0.1765625
3 0.40546875 0.340625 0.15859375 0.20859375
3 0.475 0.484375 0.13671875 0.20625
3 0.4015625 0.55 0.14140625 0.1890625
3 0.37265625 0.63203125 0.1625 0.1765625
3 0.4078125 0.74375 0.146875 0.20078125
3 0.52890625 0.71640625 0.12734375 0.2046875
3 0.640625 0.80546875 0.13828125 0.19765625
3 0.603125 0.8984375 0.18046875 0.20078125
3 0.4859375 0.86796875 0.1109375 0.15703125
3 0.70390625 0.81171875 0.0921875 0.1921875
3 0.89765625 0.89140625 0.0953125 0.21171875
4 0.30078125 0.45859375 0.15 0.21484375
5 0.4078125 0.08046875 0.1078125 0.1140625
5 0.52265625 0.2109375 0.12421875 0.19140625
5 0.7578125 0.30390625 0.1421875 0.215625