3 0.90390625 0.5 0.0578125 0.084375
3 0.784375 0.43984375 0.06015625 0.08515625
3 0.7578125 0.590625 0.0546875 0.08203125
3 0.70859375 0.78125 0.05859375 0.084375
3 0.71015625 0.7109375 0.05234375 0.07578125
3 0.6765625 0.6265625 0.05234375 0.06640625
3 0.4328125 0.94765625 0.03984375 0.05
3 0.3265625 0.27734375 0.04765625 0.0703125
3 0.3625 0.2796875 0.05 0.0703125
3 0.3390625 0.3140625 0.04140625 0.06640625
3 0.27109375 0.27734375 0.053125 0.07578125
3 0.3265625 0.01875 0.04453125 0.0375
5 0.30703125 0.025 0.03671875 0.05
5 0.29140625 0.05078125 0.03828125 0.05703125
4 0.3109375 0.08203125 0.04140625 0.06171875