3 0.26875 0.4625 0.0828125 0.11875
3 0.303125 0.54375 0.0796875 0.11484375
3 0.3359375 0.39921875 0.059375 0.09296875
3 0.43984375 0.3265625 0.05859375 0.09765625
3 0.4515625 0.490625 0.06953125 0.11015625
3 0.51875 0.5609375 0.06328125 0.096875
3 0.42890625 0.61328125 0.08359375 0.11796875
3 0.46796875 0.68671875 0.078125 0.09921875
3 0.76171875 0.72265625 0.07890625 0.11171875
4 0.13203125 0.671875 0.05703125 0.0734375
5 0.1078125 0.78203125 0.0421875 0.07265625
4 0.35 0.29453125 0.04296875 0.05390625
5 0.39453125 0.303125 0.0484375 0.0703125
5 0.32578125 0.459375 0.053125 0.078125
5 0.39375 0.42578125 0.05546875 0.0890625
5 0.42421875 0.40859375 0.0390625 0.06484375
5 0.35625 0.3328125 0.0453125 0.0640625
5 0.465625 0.36796875 0.05234375 0.071875
4 0.49453125 0.425 0.0578125 0.08359375
5 0.36640625 0.4984375 0.0546875 0.0875
5 0.39609375 0.5484375 0.04921875 0.07109375
5 0.3671875 0.57734375 0.04765625 0.0734375
5 0.41328125 0.57109375 0.04921875 0.065625