3 0.24921875 0.875 0.07265625 0.0796875
3 0.27578125 0.625 0.059375 0.078125
3 0.31015625 0.68359375 0.0578125 0.0828125
3 0.36171875 0.7 0.06484375 0.09609375
3 0.16953125 0.3828125 0.06015625 0.08984375
3 0.1921875 0.29375 0.06796875 0.075
3 0.47265625 0.44765625 0.0609375 0.09609375
3 0.71484375 0.5875 0.0578125 0.08359375
3 0.68828125 0.4953125 0.0515625 0.07578125
4 0.28125 0.4859375 0.053125 0.07265625
5 0.1921875 0.859375 0.0484375 0.06875
5 0.14921875 0.86015625 0.03828125 0.04921875
5 0.13828125 0.81015625 0.03828125 0.0640625
5 0.30703125 0.515625 0.03984375 0.0625
5 0.28671875 0.82109375 0.046875 0.0640625
5 0.3328125 0.75234375 0.0421875 0.0625
5 0.41875 0.534375 0.0390625 0.0546875
5 0.44140625 0.4765625 0.05390625 0.0828125
5 0.51171875 0.484375 0.04609375 0.07265625
5 0.54765625 0.453125 0.034375 0.040625
5 0.628125 0.3984375 0.04765625 0.0671875
4 0.634375 0.50859375 0.0546875 0.071875
5 0.6671875 0.58828125 0.04375 0.05703125