3 0.26484375 0.93046875 0.08125 0.09375
3 0.27578125 0.665625 0.0671875 0.090625
3 0.31484375 0.72109375 0.065625 0.0953125
3 0.3703125 0.73046875 0.07421875 0.109375
3 0.14765625 0.43046875 0.06796875 0.10234375
3 0.16484375 0.334375 0.07578125 0.08828125
3 0.46796875 0.45 0.06953125 0.109375
3 0.72890625 0.55703125 0.065625 0.09609375
3 0.6953125 0.465625 0.059375 0.08671875
4 0.27109375 0.5203125 0.06015625 0.08359375
5 0.2046875 0.92265625 0.0546875 0.07890625
5 0.16015625 0.93046875 0.04296875 0.05703125
5 0.14453125 0.88046875 0.04453125 0.071875
5 0.29921875 0.546875 0.0453125 0.0703125
5 0.3 0.86796875 0.05234375 0.0734375
5 0.34375 0.7890625 0.0484375 0.07109375
5 0.4171875 0.5484375 0.04453125 0.06328125
5 0.43671875 0.48515625 0.06171875 0.09453125
5 0.5109375 0.48203125 0.05234375 0.08203125
5 0.5453125 0.44375 0.03828125 0.04765625
5 0.62578125 0.37421875 0.05390625 0.07734375
4 0.63984375 0.48828125 0.06171875 0.0828125
5 0.6796875 0.565625 0.04921875 0.065625