3 0.45859375 0.1640625 0.08046875 0.1203125
3 0.4609375 0.434375 0.0703125 0.096875
3 0.5015625 0.38125 0.06953125 0.096875
3 0.5515625 0.37265625 0.06015625 0.09140625
3 0.4296875 0.45546875 0.06171875 0.1015625
3 0.32578125 0.66015625 0.0765625 0.1046875
3 0.65390625 0.665625 0.065625 0.11171875
3 0.6046875 0.6671875 0.04375 0.0859375
3 0.91015625 0.575 0.06640625 0.1109375
3 0.86953125 0.6578125 0.0609375 0.08359375
5 0.33984375 0.2171875 0.04921875 0.07109375
5 0.359375 0.1640625 0.04765625 0.06171875
5 0.40078125 0.17109375 0.05390625 0.06953125
4 0.45703125 0.57734375 0.0625 0.08125
5 0.48515625 0.55859375 0.04921875 0.07890625
4 0.82109375 0.63671875 0.0703125 0.0984375
5 0.86171875 0.55546875 0.05078125 0.06953125
5 0.4890625 0.23515625 0.05625 0.0796875
5 0.5359375 0.3140625 0.04453125 0.0640625
5 0.60546875 0.56640625 0.04921875 0.0703125
5 0.62421875 0.6296875 0.0609375 0.090625
5 0.69609375 0.6359375 0.05234375 0.084375
5 0.80390625 0.75234375 0.05390625 0.0765625
5 0.7328125 0.675 0.04765625 0.06171875
5 0.38515625 0.51796875 0.03125 0.06015625