3 0.26875 0.36015625 0.06484375 0.08515625
3 0.27890625 0.4203125 0.06328125 0.09609375
3 0.2921875 0.51171875 0.07421875 0.10546875
3 0.3 0.58359375 0.065625 0.07890625
3 0.04375 0.715625 0.08203125 0.1125
3 0.2296875 0.69921875 0.096875 0.1484375
3 0.34453125 0.68984375 0.090625 0.12890625
3 0.3765625 0.51171875 0.06796875 0.10703125
3 0.33359375 0.43046875 0.0671875 0.0953125
3 0.3734375 0.3453125 0.0640625 0.09140625
3 0.4546875 0.35390625 0.0828125 0.11640625
3 0.475 0.28984375 0.05703125 0.090625
3 0.43125 0.45 0.065625 0.0984375
3 0.509375 0.484375 0.075 0.1171875
3 0.5515625 0.46875 0.0609375 0.09765625
3 0.55625 0.5484375 0.05546875 0.0859375
3 0.63046875 0.48046875 0.07109375 0.10703125
3 0.63671875 0.5703125 0.06953125 0.10703125
3 0.61953125 0.64375 0.075 0.10625
5 0.115625 0.23125 0.05 0.09296875
5 0.1359375 0.14375 0.0546875 0.090625
5 0.17890625 0.18125 0.05078125 0.075
4 0.41796875 0.26171875 0.0703125 0.09921875
4 0.3078125 0.31015625 0.0515625 0.078125
4 0.34140625 0.3140625 0.04375 0.07421875
5 0.37421875 0.26640625 0.0375 0.06015625
5 0.3578125 0.5765625 0.05546875 0.08046875
5 0.390625 0.65390625 0.06796875 0.09375
5 0.46796875 0.50390625 0.0546875 0.08671875
5 0.48203125 0.54765625 0.059375 0.09375
5 0.51640625 0.55390625 0.046875 0.065625
5 0.5421875 0.5890625 0.05 0.07109375
5 0.58046875 0.5984375 0.04140625 0.06640625
5 0.57890625 0.5 0.05 0.07890625
5 0.53203125 0.3921875 0.04453125 0.06484375
5 0.4 0.4671875 0.0625 0.08984375