3 0.7984375 0.5421875 0.08515625 0.121875
3 0.8015625 0.47890625 0.09609375 0.140625
3 0.74609375 0.471875 0.09375 0.14296875
3 0.72890625 0.53515625 0.078125 0.103125
3 0.6078125 0.6078125 0.06015625 0.0953125
3 0.56796875 0.5796875 0.07265625 0.10390625
3 0.6578125 0.39765625 0.08828125 0.13203125
3 0.61328125 0.4375 0.07265625 0.10390625
3 0.5109375 0.40390625 0.075 0.109375
3 0.45234375 0.33828125 0.07734375 0.1171875
3 0.41484375 0.2796875 0.078125 0.1203125
3 0.534375 0.2734375 0.0828125 0.1203125
4 0.6578125 0.5453125 0.0796875 0.121875
4 0.5109375 0.33984375 0.0734375 0.10859375
4 0.54453125 0.37109375 0.05234375 0.08671875
5 0.3265625 0.5734375 0.0625 0.096875
5 0.3046875 0.5109375 0.06015625 0.0875
5 0.5328125 0.4609375 0.06171875 0.09609375
5 0.50078125 0.2625 0.075 0.11328125
5 0.6546875 0.48359375 0.0703125 0.1015625
5 0.7078125 0.575 0.06953125 0.10078125
5 0.78515625 0.653125 0.0609375 0.090625