3 0.50390625 0.77734375 0.1625 0.2453125
3 0.41328125 0.66953125 0.165625 0.24609375
3 0.37734375 0.79765625 0.12890625 0.18125
3 0.2984375 0.73125 0.14140625 0.21953125
3 0.0671875 0.61875 0.13046875 0.1890625
3 0.48359375 0.20390625 0.159375 0.22890625
3 0.48671875 0.35078125 0.1640625 0.25390625
3 0.3671875 0.19453125 0.15390625 0.23984375
3 0.29140625 0.059375 0.1109375 0.11875
5 0.684375 0.32890625 0.12890625 0.2
5 0.815625 0.63515625 0.115625 0.17734375
5 0.83359375 0.42265625 0.15234375 0.23515625
5 0.5703125 0.7875 0.09609375 0.16328125
4 0.7 0.825 0.14609375 0.22265625
4 0.58984375 0.88984375 0.1609375 0.21796875