3 0.72578125 0.54375 0.07578125 0.096875
3 0.66640625 0.56796875 0.05390625 0.075
3 0.790625 0.50703125 0.0453125 0.0609375
3 0.48828125 0.3734375 0.05625 0.084375
3 0.440625 0.34609375 0.06328125 0.10390625
3 0.46875 0.11484375 0.06484375 0.09453125
3 0.39375 0.09140625 0.06953125 0.109375
3 0.23671875 0.3625 0.065625 0.0921875
4 0.20859375 0.44296875 0.05546875 0.07734375
5 0.409375 0.51953125 0.04921875 0.08125
5 0.30625 0.43359375 0.05625 0.08359375
5 0.36328125 0.57265625 0.0390625 0.0578125
5 0.3421875 0.528125 0.03359375 0.04921875
5 0.26015625 0.46015625 0.04296875 0.0578125