3 0.3046875 0.55078125 0.07421875 0.09453125
3 0.36171875 0.57109375 0.05234375 0.0734375
3 0.240625 0.51796875 0.04375 0.06015625
3 0.53046875 0.3765625 0.0546875 0.08203125
3 0.57578125 0.35 0.06171875 0.1015625
3 0.54609375 0.12734375 0.0640625 0.09296875
3 0.61796875 0.10234375 0.06875 0.10625
3 0.77265625 0.3578125 0.0640625 0.090625
4 0.8015625 0.434375 0.0546875 0.075
5 0.609375 0.515625 0.0484375 0.078125
5 0.7078125 0.4296875 0.0546875 0.08203125
5 0.6546875 0.56640625 0.0375 0.05625
5 0.675 0.52109375 0.0328125 0.04765625
5 0.75234375 0.453125 0.0421875 0.0578125