3 0.30390625 0.4609375 0.0765625 0.10078125
3 0.36328125 0.4453125 0.0546875 0.07734375
3 0.23828125 0.4875 0.04609375 0.0640625
3 0.52421875 0.659375 0.0578125 0.0859375
3 0.56953125 0.69140625 0.065625 0.10625
3 0.528125 0.91328125 0.06640625 0.096875
3 0.6 0.94453125 0.071875 0.1078125
3 0.76875 0.703125 0.06640625 0.0953125
4 0.80078125 0.62890625 0.05625 0.0796875
5 0.61015625 0.52734375 0.05078125 0.08125
5 0.70625 0.625 0.05703125 0.0859375
5 0.6578125 0.48125 0.03984375 0.06015625
5 0.6765625 0.528125 0.034375 0.0515625
5 0.7515625 0.60546875 0.04375 0.0609375