3 0.90625 0.4390625 0.075 0.10390625
3 0.6484375 0.615625 0.06796875 0.09453125
3 0.58984375 0.55 0.06015625 0.10390625
3 0.41875 0.66640625 0.0640625 0.09453125
3 0.40078125 0.2984375 0.07421875 0.11171875
3 0.334375 0.2953125 0.05703125 0.078125
3 0.08359375 0.45078125 0.0640625 0.078125
5 0.90546875 0.57890625 0.05 0.06484375
5 0.9171875 0.5421875 0.03828125 0.05546875
5 0.87578125 0.48203125 0.053125 0.06953125
5 0.77265625 0.67578125 0.0421875 0.0671875
5 0.721875 0.72265625 0.04765625 0.0671875
5 0.6578125 0.55 0.05859375 0.0796875
4 0.61796875 0.56875 0.05546875 0.08359375
4 0.36953125 0.40234375 0.05 0.05625
4 0.07890625 0.490625 0.0484375 0.07265625
5 0.159375 0.00078125 0.053125 0.0015625