3 0.134375 0.6171875 0.0703125 0.096875
3 0.3765625 0.43046875 0.06328125 0.08828125
3 0.434375 0.48984375 0.05625 0.09765625
3 0.59453125 0.3671875 0.05859375 0.08671875
3 0.6234375 0.71796875 0.06953125 0.103125
3 0.68828125 0.7171875 0.05390625 0.07265625
3 0.92421875 0.55078125 0.059375 0.07265625
5 0.1296875 0.48359375 0.04765625 0.06015625
5 0.1203125 0.51953125 0.0359375 0.0515625
5 0.16171875 0.57421875 0.05 0.06484375
5 0.2546875 0.38125 0.03984375 0.0640625
5 0.3015625 0.3328125 0.04296875 0.0625
5 0.36875 0.49453125 0.0546875 0.075
4 0.40703125 0.47421875 0.0515625 0.078125
4 0.65 0.61796875 0.04765625 0.0515625
4 0.92734375 0.5125 0.04375 0.0671875
5 0.86484375 0.99453125 0.05 0.00859375