3 0.10625 0.5921875 0.0859375 0.12265625
3 0.39140625 0.66875 0.07734375 0.11171875
3 0.43828125 0.5796875 0.07265625 0.11796875
3 0.62734375 0.62890625 0.0734375 0.109375
3 0.58359375 0.2578125 0.08671875 0.12890625
3 0.64921875 0.22890625 0.06484375 0.0921875
3 0.92421875 0.28828125 0.0703125 0.0953125
5 0.13046875 0.7296875 0.05625 0.07734375
5 0.1125 0.69765625 0.04375 0.06484375
5 0.14375 0.62265625 0.059375 0.08359375
5 0.27890625 0.77578125 0.05078125 0.078125
5 0.33671875 0.80234375 0.05390625 0.078125
5 0.37109375 0.60625 0.06640625 0.09453125
4 0.4140625 0.60859375 0.0640625 0.096875
4 0.63125 0.34765625 0.05390625 0.07109375
4 0.93515625 0.325 0.05546875 0.08359375
5 0.765625 0.00078125 0.05859375 0.0015625