3 0.84921875 0.08046875 0.0359375 0.04765625
3 0.84296875 0.26484375 0.040625 0.059375
3 0.8078125 0.2703125 0.02890625 0.03671875
3 0.68203125 0.2015625 0.03046875 0.0421875
3 0.9203125 0.75859375 0.03828125 0.05390625
3 0.6234375 0.8 0.034375 0.05234375
3 0.5953125 0.8046875 0.0265625 0.03515625
3 0.7046875 0.5421875 0.02578125 0.04296875
3 0.4609375 0.6578125 0.03203125 0.046875
3 0.42109375 0.66953125 0.03671875 0.05234375
3 0.4765625 0.8125 0.03203125 0.0484375
3 0.409375 0.85 0.03359375 0.046875
3 0.375 0.87265625 0.03125 0.04609375
3 0.43359375 0.9578125 0.034375 0.053125
3 0.2796875 0.88046875 0.0375 0.0546875
3 0.30859375 0.81796875 0.034375 0.05078125
3 0.2109375 0.86640625 0.03515625 0.04765625
3 0.24453125 0.83359375 0.0296875 0.04609375
3 0.26796875 0.8328125 0.0296875 0.040625
3 0.08984375 0.73203125 0.0265625 0.03046875
3 0.3359375 0.52890625 0.03203125 0.04765625
3 0.4453125 0.5359375 0.0359375 0.0546875
3 0.46875 0.52109375 0.028125 0.04140625
3 0.559375 0.41953125 0.028125 0.040625
3 0.59375 0.43203125 0.03515625 0.05078125
5 0.78515625 0.434375 0.028125 0.0421875
5 0.7671875 0.440625 0.021875 0.0359375
5 0.75 0.4484375 0.02109375 0.03203125
5 0.73046875 0.440625 0.0296875 0.04453125
5 0.73046875 0.471875 0.02890625 0.04453125
5 0.74921875 0.46953125 0.021875 0.03671875
4 0.67890625 0.1796875 0.02734375 0.0359375
4 0.828125 0.2125 0.02734375 0.03125
4 0.7984375 0.02265625 0.025 0.03828125
4 0.8265625 0.728125 0.03515625 0.05390625
4 0.7703125 0.7421875 0.03046875 0.04375
5 0.678125 0.73046875 0.02734375 0.03984375
5 0.73515625 0.81328125 0.028125 0.0421875
5 0.72734375 0.7859375 0.02734375 0.040625
5 0.74609375 0.85625 0.02578125 0.03671875
5 0.78125 0.85234375 0.021875 0.0234375
5 0.8921875 0.78984375 0.03203125 0.04453125
5 0.91015625 0.79375 0.03125 0.04140625
5 0.8921875 0.75390625 0.02421875 0.03515625
5 0.8734375 0.75 0.02265625 0.0390625
4 0.31796875 0.48828125 0.028125 0.0421875
5 0.3984375 0.41640625 0.025 0.0359375
5 0.425 0.4421875 0.02578125 0.0375
5 0.38828125 0.44140625 0.0203125 0.02734375
5 0.36953125 0.4921875 0.02734375 0.04140625
5 0.34609375 0.47421875 0.025 0.03828125
5 0.8875 0.5875 0.02734375 0.0390625