3 0.896875 0.8859375 0.03515625 0.04609375
3 0.8765625 0.69453125 0.03984375 0.0578125
3 0.83984375 0.69453125 0.02890625 0.03515625
3 0.71328125 0.7875 0.0296875 0.040625
3 0.91953125 0.16484375 0.0375 0.053125
3 0.60625 0.171875 0.03359375 0.05078125
3 0.5765625 0.17265625 0.02578125 0.03359375
3 0.7109375 0.428125 0.025 0.04296875
3 0.44765625 0.34921875 0.03125 0.04609375
3 0.4046875 0.34375 0.03671875 0.05078125
3 0.45234375 0.184375 0.03125 0.04765625
3 0.378125 0.15703125 0.0328125 0.04609375
3 0.340625 0.1390625 0.03046875 0.0453125
3 0.39609375 0.040625 0.03359375 0.05234375
3 0.240625 0.14765625 0.03671875 0.053125
3 0.27578125 0.20859375 0.03359375 0.04921875
3 0.1703125 0.17421875 0.034375 0.04609375
3 0.2078125 0.20234375 0.02890625 0.04453125
3 0.23203125 0.19921875 0.0296875 0.0390625
3 0.053125 0.33515625 0.02734375 0.028125
3 0.3265625 0.50546875 0.03125 0.046875
3 0.43984375 0.47890625 0.03515625 0.05390625
3 0.465625 0.490625 0.028125 0.040625
3 0.56875 0.58125 0.02734375 0.03984375
3 0.603125 0.56171875 0.034375 0.04921875
5 0.80390625 0.5265625 0.02734375 0.04140625
5 0.78359375 0.5234375 0.02109375 0.03515625
5 0.765625 0.51796875 0.0203125 0.03125
5 0.7453125 0.5296875 0.0296875 0.04375
5 0.74375 0.496875 0.028125 0.04296875
5 0.7625 0.496875 0.02109375 0.03671875
4 0.71171875 0.81171875 0.02734375 0.034375
4 0.86484375 0.7515625 0.02734375 0.02890625
4 0.8484375 0.95546875 0.02421875 0.0375
4 0.8234375 0.2125 0.03359375 0.053125
4 0.7640625 0.20703125 0.03046875 0.04296875
5 0.66875 0.2359375 0.02734375 0.03828125
5 0.721875 0.1390625 0.028125 0.04140625
5 0.71640625 0.16875 0.0265625 0.03984375
5 0.73046875 0.0921875 0.02578125 0.03515625
5 0.76796875 0.090625 0.021875 0.021875
5 0.8875 0.13671875 0.03203125 0.04296875
5 0.90703125 0.12890625 0.03125 0.040625
5 0.890625 0.17421875 0.02421875 0.034375
5 0.87109375 0.18203125 0.021875 0.0390625
4 0.31015625 0.5515625 0.02734375 0.04140625
5 0.4 0.6125 0.02421875 0.03515625
5 0.4265625 0.58046875 0.025 0.03671875
5 0.3875 0.58828125 0.01953125 0.0265625
5 0.36484375 0.53828125 0.0265625 0.040625
5 0.34140625 0.5609375 0.025 0.0375
5 0.8984375 0.34921875 0.02734375 0.0375