3 0.1796875 0.6890625 0.07734375 0.109375
3 0.2421875 0.703125 0.05625 0.08671875
3 0.39765625 0.47890625 0.0578125 0.08828125
3 0.4390625 0.453125 0.075 0.11796875
3 0.39140625 0.22109375 0.06640625 0.09921875
3 0.4671875 0.1890625 0.07578125 0.11796875
3 0.64765625 0.41953125 0.05859375 0.08671875
4 0.68515625 0.49921875 0.059375 0.08984375
5 0.54453125 0.65546875 0.05 0.0734375
5 0.49453125 0.6109375 0.04765625 0.07734375
5 0.5640625 0.6015625 0.03671875 0.0515625
5 0.5859375 0.5015625 0.05546875 0.08125
5 0.6359375 0.52109375 0.05390625 0.07734375
5 0.42890625 0.19453125 0.05546875 0.08828125