3 0.84296875 0.64375 0.0734375 0.1015625
3 0.7828125 0.665625 0.053125 0.08125
3 0.61953125 0.4671875 0.0546875 0.08359375
3 0.578125 0.446875 0.06953125 0.11171875
3 0.61171875 0.21484375 0.0609375 0.09296875
3 0.53671875 0.1921875 0.07109375 0.11015625
3 0.37265625 0.4390625 0.05546875 0.08203125
4 0.34140625 0.52109375 0.05625 0.08359375
5 0.4859375 0.65546875 0.046875 0.06875
5 0.5328125 0.60625 0.04375 0.07265625
5 0.46328125 0.60625 0.03515625 0.04765625
5 0.43671875 0.51015625 0.05234375 0.075
5 0.38984375 0.53671875 0.05078125 0.07109375
5 0.5734375 0.19375 0.05234375 0.08359375