3 0.10546875 0.3015625 0.06953125 0.1078125
3 0.2640625 0.3203125 0.04609375 0.07265625
3 0.3078125 0.32265625 0.0640625 0.0859375
3 0.2359375 0.49296875 0.0484375 0.0671875
3 0.22890625 0.5640625 0.05078125 0.07578125
3 0.2828125 0.5453125 0.065625 0.0859375
3 0.4875 0.55234375 0.06484375 0.090625
3 0.5859375 0.38671875 0.071875 0.1015625
3 0.56484375 0.59375 0.05078125 0.07265625
3 0.55078125 0.53828125 0.03671875 0.0578125
3 0.5796875 0.52734375 0.03515625 0.0515625
3 0.61875 0.53203125 0.03828125 0.05625
3 0.68984375 0.55859375 0.04921875 0.06484375
3 0.5671875 0.275 0.03984375 0.0578125
3 0.6 0.27109375 0.0328125 0.04765625
3 0.62109375 0.29609375 0.03046875 0.04765625
3 0.60625 0.31328125 0.03671875 0.04765625
5 0.33515625 0.50859375 0.05 0.0734375
5 0.37109375 0.53046875 0.04765625 0.05625
5 0.3734375 0.48828125 0.04140625 0.06015625
5 0.36015625 0.4234375 0.03828125 0.06015625
5 0.41484375 0.31953125 0.05078125 0.07265625
5 0.4734375 0.2609375 0.04140625 0.0609375
5 0.475 0.17578125 0.04375 0.0625
5 0.47578125 0.12109375 0.0515625 0.06953125
5 0.20078125 0.76953125 0.05078125 0.0640625
5 0.19375 0.8203125 0.04921875 0.06015625