3 0.20234375 0.05234375 0.0734375 0.1046875
3 0.34296875 0.171875 0.05 0.07734375
3 0.3828125 0.20234375 0.06796875 0.09296875
3 0.265625 0.3109375 0.05234375 0.0734375
3 0.2375 0.371875 0.05390625 0.08203125
3 0.29296875 0.38984375 0.06953125 0.09296875
3 0.478125 0.53359375 0.06953125 0.09921875
3 0.61875 0.44765625 0.0765625 0.11015625
3 0.5375 0.6234375 0.05390625 0.078125
3 0.54140625 0.56328125 0.03984375 0.0625
3 0.57109375 0.571875 0.0375 0.05546875
3 0.60546875 0.603125 0.040625 0.0609375
3 0.66171875 0.67421875 0.05234375 0.07109375
3 0.634375 0.33203125 0.0421875 0.0609375
3 0.66484375 0.3515625 0.0359375 0.0515625
3 0.67734375 0.3875 0.03203125 0.0515625
3 0.65859375 0.39375 0.03828125 0.05234375
5 0.35234375 0.3921875 0.05234375 0.078125
5 0.37890625 0.4359375 0.05 0.0625
5 0.39375 0.39921875 0.04375 0.0640625
5 0.4 0.3296875 0.04140625 0.0640625
5 0.48125 0.27109375 0.05390625 0.07734375
5 0.55234375 0.25703125 0.0453125 0.06484375
5 0.57890625 0.1796875 0.0484375 0.0671875
5 0.596875 0.13046875 0.0546875 0.07734375
5 0.1515625 0.5421875 0.053125 0.06953125
5 0.1296875 0.5828125 0.05234375 0.06484375