3 0.3640625 0.3453125 0.0609375 0.08671875
3 0.33515625 0.384375 0.0546875 0.07578125
3 0.29296875 0.353125 0.0640625 0.08515625
3 0.31015625 0.3046875 0.05703125 0.07734375
3 0.33671875 0.328125 0.03515625 0.05625
3 0.33125 0.48671875 0.0640625 0.09765625
3 0.40546875 0.48046875 0.05546875 0.08515625
3 0.44453125 0.5125 0.075 0.11015625
3 0.36171875 0.53671875 0.0609375 0.0984375
3 0.39921875 0.553125 0.07109375 0.10703125
3 0.41484375 0.6046875 0.08125 0.1109375
3 0.6 0.54765625 0.06953125 0.11328125
3 0.65859375 0.5171875 0.05546875 0.07734375
3 0.6421875 0.5625 0.04609375 0.06953125
3 0.67265625 0.6265625 0.084375 0.12890625
3 0.53671875 0.5796875 0.05234375 0.08203125
3 0.6921875 0.78828125 0.0671875 0.1
3 0.7265625 0.86640625 0.06875 0.10078125
4 0.39609375 0.34375 0.04765625 0.0703125
4 0.83671875 0.71796875 0.06484375 0.09140625
4 0.84296875 0.80546875 0.05703125 0.09140625
4 0.734375 0.68125 0.04765625 0.06328125
4 0.6515625 0.76953125 0.059375 0.08984375
5 0.1 0.64296875 0.05546875 0.08046875
5 0.796875 0.7109375 0.05 0.075
5 0.7203125 0.73046875 0.05234375 0.0734375
5 0.68515625 0.72890625 0.0453125 0.07421875
5 0.60390625 0.6625 0.046875 0.06640625
5 0.7859375 0.80625 0.05234375 0.08203125
5 0.81328125 0.76796875 0.04921875 0.071875
5 0.734375 0.8078125 0.04609375 0.071875
5 0.75546875 0.77265625 0.046875 0.07109375