3 0.3484375 0.64609375 0.06171875 0.0859375
3 0.3203125 0.6015625 0.05546875 0.07421875
3 0.275 0.6265625 0.065625 0.08359375
3 0.2890625 0.68046875 0.0578125 0.07578125
3 0.31875 0.659375 0.03515625 0.05625
3 0.32421875 0.49453125 0.0640625 0.09765625
3 0.4 0.5125 0.05546875 0.0859375
3 0.44375 0.484375 0.075 0.11015625
3 0.35859375 0.446875 0.06015625 0.1
3 0.39921875 0.4359375 0.0703125 0.1078125
3 0.41875 0.38515625 0.0828125 0.109375
3 0.60703125 0.471875 0.06875 0.11484375
3 0.665625 0.51328125 0.05703125 0.0765625
3 0.65078125 0.4640625 0.04609375 0.0703125
3 0.6875 0.40234375 0.084375 0.1296875
3 0.54375 0.42890625 0.0515625 0.0828125
3 0.71875 0.23671875 0.06796875 0.1
3 0.759375 0.1609375 0.06953125 0.1
4 0.38125 0.65234375 0.04765625 0.0703125
4 0.8640625 0.3328125 0.065625 0.090625
4 0.87578125 0.2421875 0.05625 0.09296875
4 0.75546875 0.3546875 0.0484375 0.06171875
4 0.67578125 0.25078125 0.05859375 0.08984375
5 0.09453125 0.29609375 0.05546875 0.0796875
5 0.821875 0.33359375 0.05 0.075
5 0.74453125 0.3015625 0.05234375 0.0734375
5 0.7078125 0.29765625 0.04453125 0.07578125
5 0.61875 0.3546875 0.046875 0.065625
5 0.81796875 0.2328125 0.05234375 0.0828125
5 0.84296875 0.27734375 0.04921875 0.07109375
5 0.7640625 0.2234375 0.0453125 0.071875
5 0.78359375 0.26328125 0.046875 0.07109375