3 0.6546875 0.3859375 0.05703125 0.07734375
3 0.678125 0.43125 0.05078125 0.06640625
3 0.72265625 0.41328125 0.0609375 0.07421875
3 0.7125 0.3609375 0.053125 0.06796875
3 0.68359375 0.3765625 0.03125 0.05234375
3 0.6703125 0.53203125 0.0578125 0.0890625
3 0.59921875 0.50625 0.05078125 0.078125
3 0.55703125 0.52734375 0.06875 0.1
3 0.63515625 0.57265625 0.05390625 0.0921875
3 0.59609375 0.57890625 0.0640625 0.09765625
3 0.575 0.62421875 0.07578125 0.09765625
3 0.40234375 0.52109375 0.06171875 0.10546875
3 0.3484375 0.475 0.05234375 0.06875
3 0.36015625 0.5234375 0.04140625 0.0640625
3 0.32265625 0.578125 0.07578125 0.11796875
3 0.459375 0.56875 0.046875 0.07578125
3 0.284375 0.73046875 0.06171875 0.090625
3 0.2421875 0.796875 0.06328125 0.090625
4 0.62421875 0.3765625 0.04296875 0.0640625
4 0.15234375 0.6234375 0.06015625 0.08125
4 0.13671875 0.70703125 0.05078125 0.08515625
4 0.25625 0.615625 0.04453125 0.0546875
4 0.32578125 0.72265625 0.053125 0.08203125
5 0.8765625 0.74453125 0.05078125 0.071875
5 0.1921875 0.628125 0.0453125 0.06796875
5 0.2640625 0.66640625 0.0484375 0.065625
5 0.2984375 0.67421875 0.03984375 0.06953125
5 0.38515625 0.63046875 0.04296875 0.059375
5 0.19140625 0.7234375 0.046875 0.075
5 0.16875 0.678125 0.0453125 0.06484375
5 0.240625 0.73828125 0.040625 0.065625
5 0.22421875 0.6984375 0.04296875 0.0640625