3 0.17421875 0.5109375 0.0828125 0.1234375
3 0.2734375 0.5640625 0.06875 0.09765625
3 0.32890625 0.54609375 0.0640625 0.10390625
3 0.2109375 0.24453125 0.0578125 0.08046875
3 0.24765625 0.753125 0.0578125 0.09140625
3 0.5015625 0.67109375 0.06953125 0.10546875
3 0.54765625 0.853125 0.07890625 0.11640625
3 0.73828125 0.84375 0.0671875 0.10078125
3 0.50078125 0.328125 0.05859375 0.09453125
3 0.58359375 0.36328125 0.07890625 0.11953125
3 0.63125 0.39921875 0.05859375 0.0875
3 0.7 0.3515625 0.0671875 0.10703125
3 0.74765625 0.4109375 0.08203125 0.125
4 0.5421875 0.2953125 0.0640625 0.0984375
4 0.7515625 0.2359375 0.06484375 0.09609375
4 0.78359375 0.83125 0.06171875 0.096875
4 0.64375 0.6390625 0.05625 0.0859375
5 0.09765625 0.36875 0.05078125 0.07890625
5 0.2234375 0.38984375 0.0578125 0.0859375
5 0.30234375 0.37734375 0.05546875 0.0921875
5 0.35703125 0.45234375 0.05703125 0.0859375
5 0.43828125 0.45625 0.059375 0.08828125
5 0.4796875 0.42578125 0.05390625 0.0765625
5 0.375 0.35859375 0.05390625 0.07578125
5 0.44140625 0.2515625 0.06015625 0.0859375
5 0.446875 0.315625 0.04765625 0.07578125
5 0.5890625 0.2640625 0.04140625 0.05703125
5 0.62421875 0.28203125 0.05546875 0.0859375
5 0.6875 0.29609375 0.04453125 0.0640625
5 0.72265625 0.2984375 0.0515625 0.08046875
5 0.76171875 0.66953125 0.059375 0.090625
5 0.79140625 0.7140625 0.05546875 0.09140625
5 0.69765625 0.70234375 0.04453125 0.06796875
5 0.72734375 0.73203125 0.05234375 0.09296875
5 0.4109375 0.59296875 0.05625 0.078125
5 0.45859375 0.6015625 0.05390625 0.0796875
5 0.37578125 0.6125 0.053125 0.08828125