3 0.1703125 0.43515625 0.090625 0.134375
3 0.265625 0.51171875 0.075 0.1078125
3 0.3234375 0.50625 0.07109375 0.1125
3 0.234375 0.17578125 0.0625 0.08984375
3 0.21953125 0.696875 0.0640625 0.09921875
3 0.48515625 0.671875 0.07578125 0.11484375
3 0.51171875 0.8671875 0.0859375 0.128125
3 0.70625 0.9015625 0.0734375 0.11015625
3 0.51875 0.3265625 0.06484375 0.10234375
3 0.5984375 0.38125 0.0859375 0.1296875
3 0.64296875 0.42734375 0.0640625 0.0953125
3 0.7171875 0.3953125 0.07421875 0.115625
3 0.759375 0.46640625 0.08984375 0.1359375
4 0.5640625 0.30234375 0.0703125 0.10703125
4 0.78125 0.290625 0.07109375 0.10546875
4 0.753125 0.89921875 0.06796875 0.1046875
4 0.63125 0.6734375 0.06171875 0.09375
5 0.10703125 0.275 0.05546875 0.08515625
5 0.2328125 0.325 0.06328125 0.09375
5 0.31328125 0.33046875 0.06171875 0.09921875
5 0.3609375 0.41875 0.06171875 0.09375
5 0.44296875 0.440625 0.06484375 0.096875
5 0.4875 0.41953125 0.05859375 0.084375
5 0.38828125 0.328125 0.05859375 0.084375
5 0.46640625 0.23515625 0.065625 0.0953125
5 0.465625 0.30078125 0.053125 0.08203125
5 0.6140625 0.28203125 0.04453125 0.06328125
5 0.64765625 0.3078125 0.06171875 0.09375
5 0.71015625 0.3359375 0.0484375 0.0703125
5 0.74609375 0.34765625 0.05703125 0.0875
5 0.746875 0.73046875 0.06484375 0.0984375
5 0.77265625 0.7828125 0.06171875 0.0984375
5 0.6796875 0.74921875 0.0484375 0.0734375
5 0.70625 0.7859375 0.059375 0.09921875
5 0.40078125 0.57265625 0.06015625 0.0859375
5 0.44765625 0.5921875 0.05859375 0.08671875
5 0.36328125 0.584375 0.05859375 0.0953125