3 0.165625 0.40703125 0.09375 0.140625
3 0.259375 0.49296875 0.07734375 0.11328125
3 0.31875 0.4921875 0.07421875 0.11640625
3 0.240625 0.146875 0.06484375 0.09296875
3 0.20625 0.678125 0.0671875 0.103125
3 0.478125 0.675 0.0796875 0.11953125
3 0.49921875 0.87578125 0.0890625 0.1328125
3 0.696875 0.9265625 0.0765625 0.11484375
3 0.52578125 0.32421875 0.06796875 0.10546875
3 0.60546875 0.3859375 0.08984375 0.13515625
3 0.64921875 0.4375 0.06640625 0.09921875
3 0.72578125 0.41015625 0.07734375 0.11953125
3 0.76640625 0.48671875 0.09375 0.14140625
4 0.57265625 0.303125 0.0734375 0.11171875
4 0.79453125 0.30859375 0.0734375 0.109375
4 0.74375 0.928125 0.07109375 0.10859375
4 0.628125 0.6875 0.06484375 0.09765625
5 0.10703125 0.23828125 0.0578125 0.0890625
5 0.2328125 0.29921875 0.065625 0.09765625
5 0.315625 0.3109375 0.06484375 0.10234375
5 0.3609375 0.40546875 0.06484375 0.09765625
5 0.44375 0.434375 0.0671875 0.10078125
5 0.48984375 0.4171875 0.0609375 0.0875
5 0.3921875 0.31484375 0.06015625 0.0875
5 0.475 0.2265625 0.06796875 0.09921875
5 0.47265625 0.29375 0.05546875 0.08515625
5 0.62421875 0.2859375 0.046875 0.06640625
5 0.6578125 0.315625 0.0640625 0.096875
5 0.72109375 0.34921875 0.05 0.0734375
5 0.75703125 0.36328125 0.059375 0.090625
5 0.74453125 0.75546875 0.0671875 0.10234375
5 0.76875 0.8109375 0.06484375 0.1015625
5 0.67421875 0.76875 0.05078125 0.0765625
5 0.70078125 0.80859375 0.0625 0.10234375
5 0.39609375 0.56640625 0.0625 0.08984375
5 0.44296875 0.58984375 0.06171875 0.090625
5 0.35703125 0.575 0.06171875 0.0984375