3 0.20078125 0.67890625 0.06953125 0.10390625
3 0.3046875 0.67734375 0.059375 0.08125
3 0.35234375 0.63203125 0.053125 0.0890625
3 0.17421875 0.41484375 0.04921875 0.06640625
3 0.32421875 0.86484375 0.0484375 0.078125
3 0.540625 0.65859375 0.0578125 0.0890625
3 0.62421875 0.803125 0.06640625 0.09765625
3 0.7984375 0.69609375 0.05703125 0.084375
3 0.4609375 0.3421875 0.0484375 0.08125
3 0.5453125 0.33203125 0.065625 0.10078125
3 0.59765625 0.340625 0.05 0.07265625
3 0.65 0.2609375 0.05546875 0.09140625
3 0.7078125 0.29140625 0.06875 0.10546875
4 0.49140625 0.290625 0.05390625 0.08359375
4 0.67109375 0.128125 0.0546875 0.08046875
4 0.8375 0.66171875 0.0515625 0.08203125
4 0.6640625 0.55625 0.04765625 0.07265625
5 0.09765625 0.5875 0.0421875 0.0671875
5 0.21875 0.5421875 0.04921875 0.071875
5 0.28828125 0.48984375 0.0453125 0.0796875
5 0.35703125 0.53125 0.04765625 0.07265625
5 0.43203125 0.4921875 0.05078125 0.07421875
5 0.46328125 0.44375 0.04609375 0.0625
5 0.3515625 0.43515625 0.04609375 0.06328125
5 0.38828125 0.30234375 0.0515625 0.07109375
5 0.40859375 0.3578125 0.03984375 0.06484375
5 0.52734375 0.2375 0.0359375 0.046875
5 0.5640625 0.2359375 0.046875 0.07265625
5 0.62578125 0.21640625 0.03828125 0.053125
5 0.659375 0.20078125 0.04296875 0.06875
5 0.7796875 0.5234375 0.04921875 0.0765625
5 0.81796875 0.54921875 0.0453125 0.07890625
5 0.728125 0.5859375 0.03671875 0.05703125
5 0.7625 0.5984375 0.04140625 0.08203125
5 0.43828125 0.63359375 0.0484375 0.0640625
5 0.484375 0.61640625 0.04609375 0.065625
5 0.41015625 0.66875 0.04296875 0.0765625