3 0.79296875 0.59453125 0.11015625 0.1640625
3 0.78671875 0.234375 0.11328125 0.14453125
3 0.6609375 0.30625 0.12734375 0.17890625
3 0.321875 0.434375 0.10390625 0.153125
5 0.87578125 0.69453125 0.0703125 0.1265625
4 0.55234375 0.74140625 0.09765625 0.12734375
4 0.2453125 0.4953125 0.109375 0.1546875
5 0.64921875 0.734375 0.0828125 0.09921875
5 0.4296875 0.6703125 0.07421875 0.11484375
5 0.37265625 0.64453125 0.078125 0.14453125
5 0.3328125 0.76953125 0.08984375 0.13515625
5 0.26875 0.71484375 0.08984375 0.13203125
5 0.27109375 0.56640625 0.10390625 0.12734375