3 0.72109375 0.37734375 0.1140625 0.17890625
3 0.55234375 0.42265625 0.1328125 0.21328125
3 0.4578125 0.42421875 0.11953125 0.17421875
3 0.35546875 0.59921875 0.12109375 0.1859375
3 0.2296875 0.56171875 0.1359375 0.2046875
4 0.66328125 0.49296875 0.11015625 0.16875
4 0.33125 0.86484375 0.12421875 0.1703125
4 0.44375 0.5515625 0.09765625 0.1546875
5 0.8671875 0.4390625 0.096875 0.1484375
5 0.82578125 0.328125 0.0921875 0.15234375
5 0.759375 0.08828125 0.1046875 0.1546875
5 0.69921875 0.19140625 0.09375 0.146875
5 0.5359375 0.296875 0.09453125 0.14453125
5 0.47109375 0.19765625 0.1015625 0.140625
5 0.4171875 0.315625 0.0890625 0.12890625
5 0.59375 0.5953125 0.07734375 0.11171875
5 0.52734375 0.63046875 0.0953125 0.140625
5 0.41484375 0.67421875 0.090625 0.1125
5 0.346875 0.71953125 0.1078125 0.146875
5 0.3859375 0.621875 0.06875 0.11640625
5 0.2140625 0.7875 0.1 0.12890625