3 0.2734375 0.4890625 0.11953125 0.1859375
3 0.4484375 0.44609375 0.1390625 0.22265625
3 0.5421875 0.39921875 0.12421875 0.1828125
3 0.68203125 0.51796875 0.12578125 0.19453125
3 0.796875 0.41640625 0.14140625 0.21484375
4 0.35703125 0.57109375 0.115625 0.1765625
4 0.7671875 0.76484375 0.12890625 0.17890625
4 0.58515625 0.51640625 0.103125 0.16015625
5 0.14453125 0.62421875 0.1015625 0.15546875
5 0.16015625 0.49375 0.09609375 0.159375
5 0.1703125 0.22578125 0.10859375 0.16171875
5 0.253125 0.29453125 0.09921875 0.153125
5 0.43671875 0.3140625 0.09921875 0.14921875
5 0.4765625 0.184375 0.10546875 0.1484375
5 0.55703125 0.27109375 0.09296875 0.1359375
5 0.4484375 0.63515625 0.0828125 0.11640625
5 0.52109375 0.63671875 0.1 0.14609375
5 0.64140625 0.62109375 0.09375 0.11796875
5 0.71796875 0.63125 0.11171875 0.1546875
5 0.6578125 0.55546875 0.071875 0.12265625
5 0.8640625 0.62890625 0.10390625 0.13515625