3 0.40234375 0.9140625 0.025 0.0296875
3 0.26484375 0.7015625 0.02109375 0.02734375
3 0.290625 0.6703125 0.01796875 0.02578125
3 0.315625 0.625 0.02421875 0.03359375
3 0.37890625 0.6359375 0.025 0.03515625
3 0.415625 0.66953125 0.02421875 0.034375
3 0.4921875 0.759375 0.02265625 0.03515625
3 0.490625 0.64765625 0.0203125 0.0265625
3 0.3859375 0.5125 0.02578125 0.0359375
3 0.42734375 0.5046875 0.028125 0.04140625
3 0.5046875 0.3609375 0.0234375 0.0359375
3 0.52890625 0.37421875 0.02421875 0.03515625
3 0.54296875 0.39765625 0.02421875 0.03515625
3 0.57734375 0.4203125 0.0265625 0.03671875
3 0.61875 0.353125 0.0234375 0.0296875
3 0.60625 0.33515625 0.01796875 0.02421875
3 0.58515625 0.4796875 0.02265625 0.0328125
3 0.678125 0.49140625 0.025 0.0359375
3 0.70546875 0.496875 0.02578125 0.03046875
3 0.6296875 0.6171875 0.02265625 0.03828125
3 0.65078125 0.621875 0.021875 0.02890625
3 0.596875 0.62265625 0.02265625 0.03203125
3 0.67421875 0.5921875 0.02265625 0.034375
3 0.6328125 0.83359375 0.02734375 0.0375
3 0.66171875 0.8109375 0.025 0.03671875
3 0.62734375 0.75546875 0.02109375 0.03125
3 0.73359375 0.76796875 0.02421875 0.034375
3 0.73046875 0.8625 0.02109375 0.028125
3 0.69375 0.140625 0.02265625 0.0328125
4 0.25859375 0.53828125 0.0171875 0.0265625
4 0.3453125 0.459375 0.021875 0.02890625
4 0.3453125 0.48515625 0.025 0.0328125
4 0.409375 0.4921875 0.02421875 0.03203125
4 0.40546875 0.6578125 0.01484375 0.0296875
4 0.52265625 0.334375 0.0203125 0.0296875
4 0.5484375 0.3609375 0.01953125 0.028125
5 0.55703125 0.7890625 0.01796875 0.02734375
5 0.53671875 0.72109375 0.0140625 0.0265625
5 0.59453125 0.76953125 0.01796875 0.02890625
5 0.6015625 0.79765625 0.01953125 0.0296875
5 0.61328125 0.78515625 0.01953125 0.0296875
5 0.70703125 0.72265625 0.015625 0.028125
5 0.6953125 0.72890625 0.015625 0.01953125
5 0.640625 0.57890625 0.01796875 0.025
5 0.515625 0.31640625 0.01875 0.02578125
5 0.53359375 0.3125 0.021875 0.03359375
5 0.55078125 0.3046875 0.01640625 0.01796875
5 0.55546875 0.31875 0.01953125 0.02109375
5 0.5640625 0.33359375 0.01875 0.025
5 0.54375 0.3375 0.01953125 0.0265625
5 0.565625 0.3578125 0.01875 0.025
5 0.55390625 0.3859375 0.02109375 0.02890625
5 0.53828125 0.41484375 0.01484375 0.01875
5 0.8734375 0.60625 0.0203125 0.03046875
5 0.8953125 0.615625 0.021875 0.03203125