3 0.43984375 0.04765625 0.02890625 0.03671875
3 0.2734375 0.2390625 0.02421875 0.03359375
3 0.296875 0.278125 0.02109375 0.03125
3 0.31875 0.33203125 0.028125 0.03984375
3 0.38671875 0.334375 0.0296875 0.0421875
3 0.42890625 0.3078125 0.028125 0.04140625
3 0.51875 0.23203125 0.02734375 0.04140625
3 0.50546875 0.3484375 0.02421875 0.0328125
3 0.38046875 0.46640625 0.0296875 0.04296875
3 0.4234375 0.484375 0.03359375 0.04921875
3 0.48984375 0.65390625 0.028125 0.04296875
3 0.5171875 0.6453125 0.02890625 0.0421875
3 0.53359375 0.62421875 0.028125 0.0421875
3 0.57265625 0.60859375 0.03125 0.04453125
3 0.609375 0.68828125 0.02734375 0.03671875
3 0.59375 0.70546875 0.02109375 0.02890625
3 0.58671875 0.54765625 0.02734375 0.0390625
3 0.6859375 0.5578125 0.0296875 0.04296875
3 0.71484375 0.55859375 0.0296875 0.03828125
3 0.6484375 0.41328125 0.028125 0.04453125
3 0.67109375 0.41328125 0.025 0.03515625
3 0.61484375 0.4 0.02734375 0.03828125
3 0.6921875 0.45078125 0.02734375 0.040625
3 0.67421875 0.18671875 0.03203125 0.0453125
3 0.70234375 0.2171875 0.0296875 0.04375
3 0.66015625 0.2671875 0.025 0.0375
3 0.77421875 0.2796875 0.028125 0.040625
3 0.7796875 0.1796875 0.02421875 0.034375
3 0.665625 0.93046875 0.02734375 0.03984375
4 0.24921875 0.40859375 0.0203125 0.03203125
4 0.33203125 0.5125 0.02578125 0.03515625
4 0.33515625 0.48515625 0.0296875 0.03984375
4 0.403125 0.49296875 0.028125 0.0390625
4 0.41640625 0.31796875 0.01796875 0.034375
4 0.50625 0.68671875 0.02421875 0.03515625
4 0.53515625 0.6640625 0.02265625 0.03359375
5 0.58984375 0.215625 0.02109375 0.03203125
5 0.5609375 0.28203125 0.0171875 0.03046875
5 0.62734375 0.24453125 0.021875 0.034375
5 0.6375 0.2171875 0.0234375 0.03515625
5 0.64921875 0.2328125 0.0234375 0.03515625
5 0.740625 0.3203125 0.01875 0.03203125
5 0.7296875 0.31171875 0.01796875 0.0234375
5 0.65625 0.45703125 0.02109375 0.0296875
5 0.496875 0.703125 0.021875 0.03125
5 0.51484375 0.71171875 0.02578125 0.0390625
5 0.5328125 0.72421875 0.01875 0.02265625
5 0.53828125 0.7109375 0.02265625 0.0265625
5 0.55 0.696875 0.021875 0.03046875
5 0.528125 0.6875 0.02265625 0.03203125
5 0.55390625 0.671875 0.021875 0.0296875
5 0.54375 0.63984375 0.025 0.03515625
5 0.53125 0.60546875 0.0171875 0.02265625
5 0.90390625 0.4828125 0.02421875 0.0359375
5 0.928125 0.478125 0.02578125 0.03828125