3 0.50390625 0.146875 0.03125 0.0484375
3 0.47578125 0.2734375 0.0265625 0.04140625
3 0.5203125 0.228125 0.0296875 0.04375
3 0.53203125 0.36875 0.028125 0.0421875
3 0.61171875 0.34609375 0.03515625 0.05390625
3 0.6296875 0.353125 0.02421875 0.0421875
3 0.575 0.284375 0.03828125 0.05390625
3 0.83984375 0.4828125 0.03125 0.04609375
3 0.83046875 0.43515625 0.028125 0.03984375
3 0.72734375 0.4078125 0.0296875 0.04453125
3 0.51484375 0.4796875 0.034375 0.05390625
3 0.53046875 0.49296875 0.0265625 0.0421875
3 0.4859375 0.484375 0.0328125 0.0484375
3 0.63515625 0.609375 0.0328125 0.04609375
3 0.78046875 0.59296875 0.02890625 0.04296875
3 0.60859375 0.7265625 0.03046875 0.04453125
3 0.63125 0.75625 0.02890625 0.04453125
3 0.6921875 0.8328125 0.028125 0.040625
3 0.58671875 0.7953125 0.028125 0.040625
3 0.4578125 0.71953125 0.0296875 0.04453125
3 0.4984375 0.73984375 0.02890625 0.0421875
3 0.5125 0.7703125 0.02421875 0.03671875
3 0.52109375 0.67109375 0.025 0.03828125
3 0.5296875 0.90546875 0.02890625 0.04453125
3 0.5609375 0.92734375 0.03046875 0.04609375
3 0.58203125 0.934375 0.025 0.03671875
3 0.59765625 0.9734375 0.02890625 0.0421875
3 0.62265625 0.97578125 0.0328125 0.04765625
3 0.70390625 0.73046875 0.03359375 0.0484375
3 0.84140625 0.72421875 0.03203125 0.05234375
3 0.85546875 0.63203125 0.03359375 0.0484375
3 0.225 0.65703125 0.025 0.040625
3 0.22890625 0.678125 0.0203125 0.034375
3 0.2421875 0.7015625 0.02265625 0.03515625
3 0.25546875 0.68046875 0.02109375 0.0296875
3 0.2546875 0.7625 0.03046875 0.04140625
3 0.3203125 0.78203125 0.0296875 0.04375
3 0.365625 0.7609375 0.02421875 0.03671875
3 0.43046875 0.81953125 0.025 0.034375
5 0.53125 0.84296875 0.0265625 0.040625
5 0.53828125 0.86796875 0.025 0.03671875
5 0.50390625 0.8125 0.01875 0.03046875
5 0.47578125 0.81328125 0.0203125 0.03125
5 0.45234375 0.77890625 0.0234375 0.0328125
5 0.49375 0.7890625 0.025 0.034375
5 0.5265625 0.73359375 0.0234375 0.034375
5 0.5609375 0.76875 0.02265625 0.034375
5 0.54609375 0.78828125 0.0234375 0.034375
5 0.5609375 0.8015625 0.0234375 0.03359375
5 0.5796875 0.7625 0.0296875 0.04296875
5 0.57265625 0.74453125 0.0234375 0.03515625
5 0.61484375 0.74453125 0.02421875 0.0359375
5 0.6578125 0.8640625 0.02265625 0.03515625
5 0.64765625 0.85390625 0.01875 0.025
5 0.6703125 0.89921875 0.025 0.03515625
5 0.49609375 0.50078125 0.03203125 0.04921875
5 0.5203125 0.5484375 0.02890625 0.040625
5 0.61171875 0.640625 0.02890625 0.0453125
5 0.653125 0.66875 0.03203125 0.05
5 0.48203125 0.2828125 0.021875 0.0328125
5 0.478125 0.2984375 0.01796875 0.021875
5 0.49453125 0.31796875 0.02421875 0.034375
5 0.5375 0.33125 0.0265625 0.0390625
5 0.55625 0.31953125 0.02578125 0.03828125
5 0.55234375 0.30625 0.02109375 0.03046875
5 0.5484375 0.28671875 0.02578125 0.03984375
5 0.53046875 0.21328125 0.0203125 0.03125
5 0.57109375 0.18515625 0.0265625 0.040625
5 0.57890625 0.2 0.0203125 0.03125
5 0.59453125 0.253125 0.0203125 0.03125
5 0.6125 0.259375 0.01953125 0.0296875
4 0.61640625 0.284375 0.02890625 0.04140625
5 0.6171875 0.29921875 0.02734375 0.04140625
5 0.5890625 0.34140625 0.021875 0.0328125
5 0.61484375 0.3953125 0.01953125 0.0328125
5 0.63828125 0.37578125 0.02578125 0.03828125
5 0.62890625 0.41796875 0.01796875 0.025