3 0.684375 0.73671875 0.0328125 0.05
3 0.6375 0.62265625 0.028125 0.04296875
3 0.63125 0.703125 0.03125 0.04609375
3 0.55234375 0.625 0.0296875 0.04375
3 0.5125 0.73203125 0.03671875 0.05546875
3 0.496875 0.7484375 0.02578125 0.04296875
3 0.56796875 0.73046875 0.03984375 0.05625
3 0.29296875 0.90703125 0.0328125 0.04765625
3 0.32421875 0.92734375 0.02890625 0.04140625
3 0.40546875 0.8265625 0.03046875 0.04609375
3 0.50625 0.53359375 0.0359375 0.05546875
3 0.4890625 0.5421875 0.028125 0.04375
3 0.52265625 0.49609375 0.03359375 0.05078125
3 0.36171875 0.58828125 0.03359375 0.0484375
3 0.275 0.7671875 0.03046875 0.04453125
3 0.31796875 0.48203125 0.03203125 0.046875
3 0.28828125 0.48828125 0.03046875 0.04609375
3 0.209375 0.50859375 0.02890625 0.0421875
3 0.29765625 0.4109375 0.02890625 0.04296875
3 0.4203125 0.3109375 0.03125 0.046875
3 0.38359375 0.34453125 0.0296875 0.04375
3 0.35859375 0.34140625 0.025 0.03828125
3 0.40390625 0.41640625 0.02578125 0.03984375
3 0.278125 0.2734375 0.03046875 0.04609375
3 0.24609375 0.29609375 0.03203125 0.0484375
3 0.22890625 0.315625 0.02578125 0.03828125
3 0.1984375 0.3078125 0.03046875 0.04453125
3 0.18125 0.33515625 0.034375 0.0515625
3 0.2546875 0.58828125 0.034375 0.05078125
3 0.16796875 0.75234375 0.034375 0.053125
3 0.20625 0.82890625 0.03515625 0.05078125
3 0.603125 0.08203125 0.0265625 0.04140625
3 0.58984375 0.0734375 0.021875 0.03515625
3 0.56953125 0.0734375 0.0234375 0.03671875
3 0.571875 0.103125 0.021875 0.03125
3 0.5296875 0.04921875 0.03125 0.04453125
3 0.47734375 0.1125 0.03125 0.04609375
3 0.45859375 0.178125 0.02578125 0.03828125
3 0.38671875 0.21484375 0.025 0.0359375
5 0.309375 0.31640625 0.028125 0.0421875
5 0.29140625 0.3078125 0.02578125 0.03828125
5 0.3421875 0.3046875 0.01953125 0.03125
5 0.36015625 0.27109375 0.02109375 0.0328125
5 0.39296875 0.2671875 0.02421875 0.034375
5 0.3609375 0.3078125 0.02578125 0.0359375
5 0.36796875 0.38125 0.02421875 0.0359375
5 0.32734375 0.3984375 0.02421875 0.0359375
5 0.32734375 0.36875 0.02421875 0.0359375
5 0.31015625 0.37734375 0.02421875 0.034375
5 0.31875 0.42421875 0.03125 0.04453125
5 0.33203125 0.42734375 0.02421875 0.03671875
5 0.3046875 0.47734375 0.025 0.0375
5 0.215625 0.4484375 0.0234375 0.03671875
5 0.228125 0.44375 0.01875 0.02578125
5 0.18984375 0.43984375 0.02578125 0.03671875
5 0.50703125 0.4984375 0.0328125 0.05078125
5 0.4671875 0.49453125 0.0296875 0.04296875
5 0.3609375 0.540625 0.03046875 0.046875
5 0.31953125 0.5703125 0.03359375 0.05234375
5 0.62890625 0.6234375 0.02265625 0.034375
5 0.6234375 0.60859375 0.01796875 0.0234375
5 0.60234375 0.615625 0.025 0.03515625
5 0.56796875 0.65625 0.02734375 0.040625
5 0.56171875 0.68515625 0.02734375 0.03984375
5 0.57109375 0.68984375 0.021875 0.03203125
5 0.58359375 0.69765625 0.02734375 0.040625
5 0.6328125 0.725 0.021875 0.03203125
5 0.62109375 0.78984375 0.02734375 0.04296875
5 0.60859375 0.78984375 0.02109375 0.0328125
5 0.57109375 0.77265625 0.02109375 0.0328125
5 0.55625 0.78984375 0.0203125 0.03046875
4 0.540625 0.778125 0.0296875 0.04375
5 0.53203125 0.76875 0.028125 0.04296875
5 0.52890625 0.70859375 0.02265625 0.034375
5 0.484375 0.70390625 0.0203125 0.03359375
5 0.4796875 0.74375 0.0265625 0.03984375
5 0.46328125 0.70546875 0.01796875 0.0265625