3 0.215625 0.59140625 0.071875 0.10625
3 0.42109375 0.60859375 0.07421875 0.10625
3 0.48984375 0.86875 0.0609375 0.08359375
3 0.5484375 0.86015625 0.05859375 0.08828125
3 0.52734375 0.671875 0.0703125 0.10625
3 0.6984375 0.63046875 0.084375 0.1234375
3 0.81953125 0.6296875 0.0796875 0.1203125
3 0.8578125 0.58515625 0.05234375 0.08203125
3 0.68671875 0.484375 0.0671875 0.096875
3 0.62890625 0.59765625 0.05234375 0.078125
3 0.709375 0.55546875 0.06328125 0.084375
3 0.65546875 0.0140625 0.075 0.028125
5 0.57109375 0.64609375 0.04375 0.0671875
5 0.53125 0.590625 0.0515625 0.08125
5 0.24296875 0.66796875 0.0546875 0.078125
5 0.60078125 0.51328125 0.05703125 0.0859375
5 0.62734375 0.51328125 0.0390625 0.0640625
5 0.67421875 0.7046875 0.05859375 0.08359375
5 0.69375 0.78515625 0.0609375 0.0859375
5 0.6234375 0.86875 0.0546875 0.06875
5 0.5734375 0.86640625 0.06015625 0.09296875
5 0.37265625 0.975 0.04296875 0.04765625
5 0.3625 0.99609375 0.0390625 0.00625
5 0.3984375 0.98125 0.03203125 0.034375
5 0.78125 0.55078125 0.05703125 0.0921875
5 0.81953125 0.540625 0.04609375 0.0734375
5 0.9 0.59609375 0.05234375 0.0796875
5 0.74375 0.51015625 0.04765625 0.0734375
5 0.6796875 0.04609375 0.06484375 0.0921875
5 0.75 0.0328125 0.065625 0.065625
5 0.71171875 0.00078125 0.05703125 0.0015625
5 0.83046875 0.14375 0.046875 0.0734375
5 0.825 0.10390625 0.0328125 0.0578125
5 0.80078125 0.059375 0.05 0.07265625
5 0.71640625 0.725 0.053125 0.075
5 0.796875 0.68046875 0.05546875 0.08125