3 0.178125 0.4515625 0.06875 0.1015625
3 0.3953125 0.57109375 0.07265625 0.10078125
3 0.41171875 0.88359375 0.06171875 0.07578125
3 0.4765625 0.903125 0.05703125 0.08359375
3 0.49453125 0.69140625 0.0671875 0.103125
3 0.68671875 0.73046875 0.0828125 0.11796875
3 0.8171875 0.7890625 0.0765625 0.11484375
3 0.86796875 0.76015625 0.05 0.08125
3 0.70703125 0.56796875 0.06640625 0.0921875
3 0.6203125 0.6609375 0.05078125 0.075
3 0.715625 0.65546875 0.06484375 0.07578125
3 0.78125 0.0265625 0.07890625 0.05234375
5 0.54765625 0.68515625 0.0421875 0.0640625
5 0.51640625 0.60625 0.0484375 0.08125
5 0.190625 0.54765625 0.053125 0.0734375
5 0.6078125 0.5578125 0.0546875 0.08359375
5 0.63671875 0.56953125 0.0359375 0.0640625
5 0.6453125 0.79765625 0.0578125 0.078125
5 0.6484375 0.89375 0.06015625 0.0796875
5 0.55546875 0.94921875 0.05703125 0.06015625
5 0.50234375 0.921875 0.05625 0.0921875
5 0.26171875 0.9484375 0.04296875 0.05625
5 0.2421875 0.97890625 0.0375 0.040625
5 0.2875 0.9671875 0.0328125 0.04140625
5 0.79296875 0.68515625 0.05234375 0.09296875
5 0.83671875 0.69296875 0.0421875 0.07265625
5 0.91171875 0.7921875 0.05 0.07734375
5 0.7625 0.6234375 0.04375 0.07265625
5 0.79375 0.0921875 0.06171875 0.08984375
5 0.87734375 0.0953125 0.0609375 0.1015625
5 0.84765625 0.028125 0.0546875 0.05625
5 0.934375 0.27265625 0.04375 0.07265625
5 0.93828125 0.2265625 0.028125 0.0609375
5 0.921875 0.16875 0.04765625 0.06953125
5 0.6859375 0.840625 0.053125 0.06875
5 0.78125 0.83203125 0.0546875 0.07578125