3 0.80234375 0.67421875 0.05859375 0.0859375
3 0.6234375 0.5015625 0.06171875 0.084375
3 0.64921875 0.21484375 0.053125 0.0625
3 0.59375 0.178125 0.0484375 0.06953125
3 0.54921875 0.3640625 0.05703125 0.08828125
3 0.38046875 0.27109375 0.0703125 0.09921875
3 0.27109375 0.18046875 0.065625 0.09765625
3 0.221875 0.19140625 0.04140625 0.06875
3 0.34140625 0.41171875 0.05625 0.07578125
3 0.43203125 0.35390625 0.04296875 0.0640625
3 0.3453125 0.33046875 0.05546875 0.0625
3 0.20078125 0.88984375 0.06953125 0.0640625
5 0.50078125 0.35390625 0.0359375 0.05390625
5 0.5171875 0.43359375 0.03984375 0.06875
5 0.803125 0.58359375 0.0453125 0.0625
5 0.4296875 0.45078125 0.04609375 0.07109375
5 0.40546875 0.43125 0.0296875 0.05390625
5 0.42734375 0.2234375 0.05 0.06484375
5 0.43671875 0.13515625 0.05234375 0.06484375
5 0.528125 0.11328125 0.05078125 0.04765625
5 0.57265625 0.15390625 0.04765625 0.0796875
5 0.79296875 0.20234375 0.03671875 0.046875
5 0.815625 0.1734375 0.03203125 0.04765625
5 0.771875 0.17734375 0.028125 0.03515625
5 0.27890625 0.28125 0.04296875 0.0796875
5 0.24140625 0.26015625 0.03515625 0.0625
5 0.18671875 0.14921875 0.0421875 0.06484375
5 0.29921875 0.3453125 0.03671875 0.0609375
5 0.2 0.8140625 0.05234375 0.07734375
5 0.12578125 0.7875 0.0515625 0.08671875
5 0.140625 0.86875 0.046875 0.07109375
5 0.096875 0.61015625 0.0375 0.0609375
5 0.08828125 0.65078125 0.021875 0.05390625
5 0.0953125 0.70859375 0.03984375 0.05859375
5 0.396875 0.17265625 0.0453125 0.05625
5 0.309375 0.15234375 0.046875 0.0640625