3 0.91484375 0.51796875 0.05859375 0.08671875
3 0.38515625 0.61953125 0.07578125 0.1140625
3 0.32421875 0.65859375 0.08125 0.12109375
3 0.209375 0.50390625 0.08828125 0.12890625
5 0.4125 0.66953125 0.0546875 0.07734375
5 0.4046875 0.7171875 0.05234375 0.0796875
5 0.34453125 0.75546875 0.0546875 0.0796875
5 0.27265625 0.59375 0.05078125 0.07734375
5 0.18828125 0.41328125 0.05546875 0.08125
5 0.12109375 0.43828125 0.06328125 0.0921875
5 0.15 0.4984375 0.059375 0.0859375
5 0.14609375 0.55859375 0.05234375 0.08125
5 0.1953125 0.575 0.0484375 0.07109375