3 0.05859375 0.4703125 0.06875 0.1015625
3 0.646875 0.64609375 0.0875 0.13125
3 0.71328125 0.6984375 0.09296875 0.13984375
3 0.85 0.5390625 0.103125 0.14921875
5 0.6140625 0.69921875 0.06328125 0.08984375
5 0.6203125 0.7546875 0.06015625 0.09296875
5 0.68515625 0.80390625 0.06328125 0.09296875
5 0.7734375 0.63046875 0.059375 0.08984375
5 0.878125 0.43984375 0.0640625 0.09296875
5 0.9515625 0.47578125 0.07265625 0.1078125
5 0.915625 0.53984375 0.06875 0.09921875
5 0.9171875 0.60625 0.06015625 0.09296875
5 0.8609375 0.61953125 0.05546875 0.08203125