3 0.871875 0.69609375 0.09453125 0.16796875
3 0.5421875 0.8140625 0.11953125 0.15
3 0.5546875 0.66875 0.103125 0.153125
3 0.63359375 0.73046875 0.0796875 0.1453125
3 0.85703125 0.48125 0.1015625 0.153125
3 0.83125 0.4234375 0.11875 0.15859375
3 0.77578125 0.5546875 0.1078125 0.18671875
3 0.71171875 0.5359375 0.07578125 0.1609375
3 0.6484375 0.53125 0.10078125 0.159375
3 0.6328125 0.35234375 0.1046875 0.1578125
3 0.52421875 0.35546875 0.109375 0.17578125
3 0.44609375 0.45390625 0.08359375 0.16484375
3 0.37578125 0.50390625 0.08203125 0.1484375
4 0.73046875 0.3234375 0.1109375 0.1734375
4 0.68671875 0.2453125 0.11953125 0.16015625
4 0.81796875 0.321875 0.0796875 0.08984375