3 0.0703125 0.4046875 0.06796875 0.0890625
3 0.028125 0.39453125 0.05625 0.10234375
3 0.4234375 0.39609375 0.05703125 0.0828125
3 0.490625 0.3734375 0.0609375 0.08671875
3 0.53828125 0.371875 0.059375 0.0921875
3 0.3109375 0.2765625 0.06015625 0.0921875
3 0.678125 0.3328125 0.065625 0.096875
3 0.7125 0.29375 0.05859375 0.0859375
4 0.3640625 0.26953125 0.05546875 0.0828125
4 0.3984375 0.23125 0.06640625 0.0953125
4 0.1984375 0.3546875 0.0578125 0.08125
4 0.58046875 0.24921875 0.05625 0.07578125
4 0.5765625 0.3328125 0.065625 0.0875
4 0.46328125 0.34296875 0.05859375 0.08515625
4 0.64453125 0.3515625 0.05078125 0.08671875
5 0.68046875 0.41796875 0.05078125 0.084375
5 0.71796875 0.4046875 0.05234375 0.084375
5 0.7828125 0.24140625 0.05859375 0.090625
5 0.78828125 0.14296875 0.0453125 0.071875
5 0.81875 0.1421875 0.04453125 0.0671875