3 0.103125 0.3234375 0.06171875 0.0765625
3 0.06328125 0.30546875 0.05 0.09375
3 0.4375 0.38671875 0.05078125 0.07265625
3 0.503125 0.37890625 0.0546875 0.07578125
3 0.5484375 0.38671875 0.05234375 0.0828125
3 0.3421875 0.25078125 0.053125 0.08203125
3 0.68359375 0.37734375 0.05859375 0.08515625
3 0.71953125 0.34765625 0.05234375 0.07578125
4 0.39296875 0.2546875 0.04921875 0.07265625
4 0.428125 0.22578125 0.059375 0.084375
4 0.22890625 0.30234375 0.05234375 0.07109375
4 0.5984375 0.27890625 0.05078125 0.065625
4 0.5875 0.35703125 0.059375 0.07578125
4 0.4796875 0.34375 0.05234375 0.075
4 0.65078125 0.38828125 0.04375 0.07890625
5 0.678125 0.45859375 0.04375 0.0765625
5 0.71484375 0.453125 0.04609375 0.07578125
5 0.790625 0.3125 0.0515625 0.08125
5 0.80390625 0.2203125 0.03984375 0.0640625
5 0.8328125 0.22578125 0.0390625 0.06015625