3 0.859375 0.9078125 0.0625 0.071875
3 0.89453125 0.94765625 0.04609375 0.09453125
3 0.53828125 0.65703125 0.05 0.0703125
3 0.4703125 0.628125 0.05390625 0.0734375
3 0.42734375 0.5953125 0.05078125 0.08125
3 0.60078125 0.846875 0.0515625 0.08046875
3 0.2890625 0.52890625 0.05703125 0.0828125
3 0.24453125 0.53828125 0.0515625 0.0734375
4 0.55078125 0.81484375 0.0484375 0.07109375
4 0.5078125 0.82421875 0.05859375 0.08125
4 0.72734375 0.85859375 0.0515625 0.06796875
4 0.35 0.675 0.05078125 0.06171875
4 0.38046875 0.603125 0.059375 0.07109375
4 0.48515625 0.6765625 0.0515625 0.07265625
4 0.32421875 0.5359375 0.040625 0.0796875
5 0.3140625 0.45 0.0421875 0.0765625
5 0.2765625 0.43515625 0.04453125 0.075
5 0.16484375 0.534375 0.05 0.0796875
5 0.128125 0.61875 0.03828125 0.06328125
5 0.10078125 0.596875 0.03828125 0.059375