3 0.8046875 0.91875 0.1296875 0.159375
3 0.6921875 0.81015625 0.13515625 0.20078125
3 0.61484375 0.68046875 0.1421875 0.21953125
3 0.3703125 0.39296875 0.15546875 0.23125
3 0.2859375 0.3734375 0.1359375 0.20625
4 0.69140625 0.9078125 0.12109375 0.18125
4 0.52578125 0.64921875 0.121875 0.17421875
4 0.42734375 0.75078125 0.115625 0.16328125
4 0.446875 0.43828125 0.10703125 0.165625
5 0.41328125 0.19296875 0.11015625 0.16328125
5 0.36875 0.12109375 0.09140625 0.11171875
5 0.13125 0.26015625 0.11328125 0.171875
5 0.203125 0.40234375 0.1203125 0.1828125
5 0.471875 0.27265625 0.10390625 0.153125
5 0.53203125 0.371875 0.103125 0.16015625
5 0.809375 0.9890625 0.09765625 0.01953125