3 0.87890625 0.396875 0.09765625 0.1296875
3 0.75 0.4140625 0.09765625 0.14453125
3 0.646875 0.4609375 0.1015625 0.1640625
3 0.35859375 0.5125 0.11328125 0.16796875
3 0.28515625 0.4671875 0.096875 0.15078125
4 0.78125 0.334375 0.08828125 0.13515625
4 0.565625 0.4203125 0.09296875 0.1203125
4 0.51953125 0.26875 0.08984375 0.11015625
4 0.434375 0.53203125 0.07421875 0.125
5 0.328125 0.703125 0.08203125 0.11484375
5 0.26953125 0.72890625 0.078125 0.0640625
5 0.12578125 0.44609375 0.0828125 0.125
5 0.22890625 0.384375 0.08515625 0.1359375
5 0.40078125 0.68359375 0.0765625 0.109375
5 0.48125 0.64765625 0.071875 0.12109375
5 0.9234375 0.30234375 0.0671875 0.1203125