3 0.8953125 0.275 0.09765625 0.1765625
3 0.5375 0.16640625 0.125 0.15546875
3 0.55390625 0.32265625 0.1078125 0.159375
3 0.63828125 0.25078125 0.0828125 0.15234375
3 0.88515625 0.50703125 0.10625 0.16015625
3 0.85859375 0.5703125 0.12421875 0.16484375
3 0.79609375 0.43203125 0.11171875 0.19609375
3 0.7265625 0.45625 0.078125 0.1703125
3 0.659375 0.46484375 0.1046875 0.16640625
3 0.646875 0.65859375 0.109375 0.16484375
3 0.5296875 0.66171875 0.1140625 0.18359375
3 0.44375 0.56015625 0.08671875 0.17265625
3 0.36640625 0.51015625 0.08515625 0.15546875
4 0.75234375 0.68359375 0.115625 0.18203125
4 0.70703125 0.77109375 0.125 0.16640625
4 0.84765625 0.68046875 0.08359375 0.09296875