3 0.2421875 0.6734375 0.0671875 0.0921875
3 0.29453125 0.7296875 0.065625 0.09296875
3 0.41640625 0.60625 0.0734375 0.1
3 0.25234375 0.03515625 0.065625 0.0703125
5 0.36875 0.10234375 0.04375 0.06875
5 0.3921875 0.09765625 0.03984375 0.06171875
5 0.46640625 0.07734375 0.0421875 0.06171875
5 0.4984375 0.11015625 0.0421875 0.0609375
5 0.34765625 0.00625 0.046875 0.0125
5 0.203125 0.71484375 0.04921875 0.07890625
5 0.2140625 0.76328125 0.040625 0.06640625
5 0.26015625 0.803125 0.04375 0.065625
5 0.34375 0.66875 0.0421875 0.059375
5 0.41875 0.66953125 0.0453125 0.06953125
5 0.4421875 0.64375 0.02734375 0.0515625
5 0.46484375 0.66171875 0.0484375 0.065625
5 0.4671875 0.60859375 0.04921875 0.075
5 0.44296875 0.5234375 0.0453125 0.0703125
5 0.4984375 0.5578125 0.0453125 0.06875
5 0.55390625 0.51953125 0.0375 0.05546875
5 0.58046875 0.48515625 0.04609375 0.06015625
5 0.584375 0.4421875 0.0546875 0.06640625
5 0.603125 0.52734375 0.03984375 0.0609375