3 0.87578125 0.4203125 0.12578125 0.18359375
3 0.90859375 0.29453125 0.10703125 0.16328125
3 0.76484375 0.359375 0.08828125 0.1125
3 0.675 0.5484375 0.10546875 0.14375
3 0.60078125 0.57578125 0.103125 0.15234375
3 0.534375 0.5 0.11015625 0.15703125
4 0.51015625 0.38515625 0.090625 0.1421875
5 0.56484375 0.26875 0.08125 0.11875
5 0.65546875 0.32890625 0.09140625 0.12890625
5 0.5546875 0.37109375 0.08671875 0.1296875
5 0.6296875 0.409375 0.0765625 0.11484375
5 0.66640625 0.4640625 0.0796875 0.1234375
5 0.71640625 0.4703125 0.084375 0.12109375
5 0.540625 0.6125 0.07421875 0.11171875
5 0.77421875 0.47578125 0.07109375 0.11171875
5 0.83125 0.525 0.09921875 0.15078125
5 0.821875 0.33984375 0.06640625 0.0953125
5 0.8421875 0.35546875 0.07578125 0.11796875
5 0.784375 0.16875 0.07109375 0.11796875
5 0.7546875 0.190625 0.06953125 0.11171875
5 0.78125 0.26953125 0.065625 0.11015625
5 0.73984375 0.30859375 0.0875 0.13125