3 0.82421875 0.828125 0.12421875 0.18046875
3 0.9078125 0.76953125 0.1046875 0.16171875
3 0.77109375 0.66640625 0.08828125 0.109375
3 0.6171875 0.71171875 0.1046875 0.13984375
3 0.54921875 0.65390625 0.10078125 0.1484375
3 0.53671875 0.52890625 0.10859375 0.153125
4 0.571875 0.41875 0.0890625 0.13984375
5 0.665625 0.390625 0.0796875 0.11796875
5 0.7046875 0.5296875 0.090625 0.125
5 0.61015625 0.45546875 0.08515625 0.12890625
5 0.6484375 0.5625 0.07578125 0.1125
5 0.65 0.640625 0.07890625 0.12265625
5 0.68359375 0.696875 0.08359375 0.11875
5 0.4875 0.61796875 0.0734375 0.109375
5 0.72421875 0.7625 0.0703125 0.11015625
5 0.74296875 0.85859375 0.096875 0.1484375
5 0.821875 0.71171875 0.065625 0.09453125
5 0.8296875 0.74453125 0.0734375 0.11640625
5 0.87421875 0.54765625 0.06953125 0.11796875
5 0.8421875 0.53125 0.06796875 0.109375
5 0.825 0.6171875 0.0640625 0.109375
5 0.7765625 0.603125 0.0859375 0.1296875