3 0.7546875 0.221875 0.06875 0.11015625
3 0.790625 0.66640625 0.078125 0.103125
3 0.665625 0.5015625 0.0765625 0.10078125
3 0.49921875 0.4953125 0.08359375 0.09296875
3 0.47109375 0.38125 0.09609375 0.1296875
3 0.3109375 0.284375 0.08984375 0.1375
3 0.25234375 0.3140625 0.05703125 0.09765625
3 0.38515625 0.62109375 0.0765625 0.10546875
3 0.50078125 0.6296875 0.0671875 0.08359375
3 0.3765625 0.7828125 0.0734375 0.08125
5 0.7296875 0.19375 0.05390625 0.078125
5 0.5484375 0.31015625 0.0671875 0.10078125
4 0.63203125 0.32109375 0.0421875 0.06875
5 0.5796875 0.6140625 0.04921875 0.0859375
5 0.6390625 0.59765625 0.06171875 0.08828125
5 0.54375 0.5953125 0.05234375 0.0734375
5 0.44921875 0.49140625 0.05234375 0.07578125
5 0.39609375 0.50234375 0.04765625 0.078125
5 0.33984375 0.4328125 0.065625 0.10078125
4 0.3546875 0.4890625 0.075 0.10078125
5 0.37265625 0.2453125 0.05859375 0.09765625
5 0.20625 0.26875 0.05234375 0.0859375
5 0.4859375 0.25390625 0.05703125 0.07578125
5 0.53203125 0.18984375 0.05390625 0.08125