3 0.79140625 0.55234375 0.1328125 0.17421875
3 0.7703125 0.41640625 0.1015625 0.15
3 0.73515625 0.30078125 0.12890625 0.190625
3 0.834375 0.1703125 0.11015625 0.196875
3 0.62421875 0.68203125 0.11484375 0.1625
3 0.68046875 0.48515625 0.1171875 0.184375
3 0.559375 0.4125 0.11875 0.175
3 0.52890625 0.56328125 0.08203125 0.15
3 0.46484375 0.55390625 0.08046875 0.16953125
3 0.39375 0.55390625 0.11328125 0.17734375
3 0.3125 0.69453125 0.103125 0.14375
3 0.31171875 0.83203125 0.1078125 0.15390625
3 0.36640625 0.38046875 0.10390625 0.16640625
3 0.2546875 0.3890625 0.10234375 0.1671875
3 0.2078125 0.5109375 0.0875 0.15703125
3 0.14453125 0.56171875 0.10625 0.175
4 0.4515625 0.33203125 0.11875 0.17890625
4 0.4125 0.25859375 0.125 0.16875
4 0.61328125 0.15859375 0.1171875 0.1671875