3 0.39453125 0.9671875 0.103125 0.0609375
3 0.21171875 0.60078125 0.109375 0.15703125
3 0.390625 0.67265625 0.1078125 0.1546875
3 0.55625 0.55546875 0.109375 0.14921875
3 0.62265625 0.64609375 0.134375 0.19375
3 0.8140625 0.62109375 0.13046875 0.1984375
3 0.8609375 0.54921875 0.08828125 0.1375
3 0.62890625 0.34296875 0.1078125 0.15703125
3 0.51171875 0.421875 0.09140625 0.12734375
3 0.584375 0.17734375 0.09609375 0.1296875
5 0.42890625 0.98125 0.0765625 0.03203125
5 0.56953125 0.7734375 0.09609375 0.14453125
4 0.4828125 0.82578125 0.0640625 0.09765625
5 0.43828125 0.49609375 0.075 0.1203125
5 0.3859375 0.55546875 0.08828125 0.1296875
5 0.4796875 0.4875 0.0734375 0.1078125
5 0.6078125 0.51953125 0.075 0.1125
5 0.65703125 0.46953125 0.071875 0.11015625
5 0.73515625 0.49765625 0.09453125 0.1421875
4 0.70234375 0.45234375 0.1046875 0.14921875
5 0.76484375 0.70859375 0.08828125 0.1375
5 0.9234375 0.56015625 0.078125 0.1203125
5 0.65 0.7828125 0.078125 0.11484375
5 0.62578125 0.8796875 0.078125 0.11796875