3 0.35078125 0.63046875 0.103125 0.1390625
3 0.4453125 0.58203125 0.103125 0.16015625
3 0.515625 0.21640625 0.11171875 0.15390625
3 0.67265625 0.30859375 0.1234375 0.16015625
3 0.8578125 0.75859375 0.09296875 0.1203125
3 0.83671875 0.90703125 0.06640625 0.1203125
3 0.78203125 0.91015625 0.0953125 0.10859375
5 0.31875 0.75 0.0671875 0.12109375
5 0.38125 0.7203125 0.078125 0.1203125
5 0.3875 0.83046875 0.05078125 0.11015625
5 0.434375 0.84140625 0.0765625 0.12109375
5 0.45078125 0.7390625 0.08984375 0.11953125
5 0.50859375 0.88984375 0.08828125 0.10703125
5 0.6109375 0.79921875 0.0765625 0.115625
5 0.7109375 0.8765625 0.0796875 0.121875
5 0.79140625 0.815625 0.065625 0.10703125
5 0.70234375 0.640625 0.06953125 0.11953125
5 0.559375 0.5859375 0.065625 0.109375
5 0.50625 0.52578125 0.07421875 0.1203125
5 0.75546875 0.503125 0.06484375 0.10390625
5 0.765625 0.33984375 0.078125 0.1265625