3 0.609375 0.325 0.109375 0.15390625
3 0.53671875 0.409375 0.1125 0.17265625
3 0.546875 0.76015625 0.11953125 0.1703125
3 0.39140625 0.74921875 0.13046875 0.1796875
3 0.14140625 0.4375 0.0984375 0.134375
3 0.13046875 0.29921875 0.075 0.1265625
3 0.178125 0.27265625 0.0984375 0.125
5 0.6140625 0.20703125 0.07578125 0.12734375
5 0.565625 0.26015625 0.08515625 0.1296875
5 0.53828125 0.1671875 0.06015625 0.1125
5 0.4953125 0.178125 0.08359375 0.1296875
5 0.50078125 0.27421875 0.0953125 0.1328125
5 0.4203125 0.16875 0.0921875 0.12109375
5 0.3484375 0.29296875 0.08359375 0.125
5 0.246875 0.26953125 0.08671875 0.13203125
5 0.18828125 0.35859375 0.07265625 0.11484375
5 0.3 0.47265625 0.078125 0.1265625
5 0.4359375 0.45625 0.07265625 0.115625
5 0.49453125 0.48515625 0.08203125 0.12890625
5 0.28125 0.61640625 0.07109375 0.1109375
5 0.3046875 0.7625 0.0859375 0.13515625