3 0.65078125 0.74453125 0.05859375 0.08359375
3 0.64921875 0.79453125 0.04765625 0.06015625
3 0.42109375 0.83203125 0.04453125 0.06171875
3 0.35625 0.8609375 0.04375 0.06953125
3 0.221875 0.6125 0.04375 0.0640625
3 0.496875 0.59609375 0.04296875 0.071875
3 0.4609375 0.5984375 0.0453125 0.06328125
3 0.371875 0.5828125 0.04375 0.059375
3 0.3125 0.51328125 0.0546875 0.078125
3 0.28125 0.49609375 0.0484375 0.071875
3 0.696875 0.2765625 0.059375 0.0765625
3 0.69140625 0.221875 0.053125 0.06796875
3 0.653125 0.25625 0.053125 0.078125
3 0.840625 0.353125 0.046875 0.06484375
3 0.89296875 0.27265625 0.05390625 0.0734375
3 0.45390625 0.19453125 0.04453125 0.07578125
3 0.5015625 0.32265625 0.04375 0.065625
3 0.3578125 0.13359375 0.05703125 0.078125
3 0.34921875 0.08359375 0.04921875 0.0625
3 0.24921875 0.23203125 0.0546875 0.078125
3 0.37109375 0.52109375 0.04921875 0.0609375
3 0.36015625 0.42890625 0.04375 0.0609375
5 0.88125 0.91796875 0.03515625 0.053125
5 0.753125 0.81640625 0.03203125 0.04609375
5 0.73046875 0.7875 0.040625 0.0609375
5 0.71953125 0.84453125 0.0421875 0.05703125
5 0.834375 0.76953125 0.03125 0.04765625
5 0.81484375 0.74921875 0.02890625 0.04140625
5 0.78125 0.73125 0.04140625 0.053125
5 0.76171875 0.76484375 0.03828125 0.0578125
5 0.67734375 0.7890625 0.03671875 0.05625
5 0.646875 0.8484375 0.03203125 0.046875
5 0.6703125 0.83984375 0.03203125 0.0390625
5 0.859375 0.40234375 0.0390625 0.05390625
5 0.8296875 0.41328125 0.040625 0.0640625
5 0.7703125 0.328125 0.040625 0.059375
5 0.75078125 0.35625 0.03125 0.04921875
5 0.7125 0.36640625 0.03359375 0.0515625
5 0.7015625 0.4421875 0.03359375 0.05625
5 0.675 0.41796875 0.028125 0.0390625
5 0.65625 0.4359375 0.04453125 0.06796875
5 0.65703125 0.5140625 0.04140625 0.0625
5 0.646875 0.3671875 0.0375 0.06796875
5 0.4046875 0.78515625 0.04140625 0.06484375