3 0.4015625 0.209375 0.06640625 0.096875
3 0.41171875 0.16171875 0.05234375 0.07265625
3 0.63984375 0.21640625 0.05 0.07265625
3 0.7078125 0.215625 0.05078125 0.07890625
3 0.79375 0.51015625 0.05 0.0734375
3 0.52421875 0.415625 0.05078125 0.08046875
3 0.559375 0.428125 0.05078125 0.0734375
3 0.64296875 0.47890625 0.04921875 0.0703125
3 0.6875 0.5703125 0.06171875 0.090625
3 0.715625 0.59921875 0.05546875 0.0828125
3 0.27265625 0.6453125 0.065625 0.09140625
3 0.26875 0.7 0.059375 0.08125
3 0.31171875 0.6828125 0.0609375 0.08984375
3 0.146875 0.51328125 0.053125 0.07578125
3 0.08125 0.56953125 0.06015625 0.08671875
3 0.49375 0.821875 0.053125 0.084375
3 0.4703125 0.67890625 0.05 0.075
3 0.57578125 0.9203125 0.06328125 0.09140625
3 0.57578125 0.9671875 0.0546875 0.06484375
3 0.69921875 0.86875 0.0625 0.090625
3 0.6328125 0.5390625 0.05390625 0.0734375
3 0.62734375 0.6328125 0.04921875 0.07109375
5 0.31484375 0.0984375 0.03671875 0.053125
5 0.33125 0.1359375 0.046875 0.0703125
5 0.35234375 0.084375 0.046875 0.0671875
5 0.228125 0.11171875 0.0359375 0.0546875
5 0.24296875 0.1390625 0.0328125 0.0484375
5 0.27265625 0.16953125 0.0453125 0.06328125
5 0.296875 0.1453125 0.04375 0.06640625
5 0.38359375 0.15546875 0.0421875 0.0640625
5 0.4234375 0.11015625 0.03671875 0.05390625
5 0.39921875 0.109375 0.03515625 0.046875
5 0.1375 0.4578125 0.04375 0.06328125
5 0.16796875 0.45859375 0.04765625 0.071875
5 0.2109375 0.565625 0.046875 0.06875
5 0.23515625 0.546875 0.03671875 0.05546875
5 0.27421875 0.55234375 0.03828125 0.05859375
5 0.29765625 0.48203125 0.03984375 0.06328125
5 0.31953125 0.5171875 0.03203125 0.0453125
5 0.340625 0.50625 0.05078125 0.07734375
5 0.35390625 0.43046875 0.04765625 0.071875
5 0.3375 0.57734375 0.0453125 0.075
5 0.64765625 0.26953125 0.0484375 0.0734375