3 0.6828125 0.39609375 0.053125 0.0765625
3 0.69453125 0.3546875 0.04296875 0.05546875
3 0.521875 0.19296875 0.040625 0.05703125
3 0.47734375 0.1328125 0.03984375 0.06328125
3 0.30625 0.253125 0.03984375 0.05859375
3 0.521875 0.42578125 0.03984375 0.065625
3 0.49296875 0.403125 0.040625 0.0578125
3 0.41796875 0.3640625 0.03984375 0.0546875
3 0.353125 0.3859375 0.05 0.07109375
3 0.3234375 0.38125 0.04453125 0.065625
3 0.6 0.79765625 0.05390625 0.0703125
3 0.58125 0.83828125 0.0484375 0.0625
3 0.559375 0.78828125 0.04921875 0.07109375
3 0.734375 0.81953125 0.04296875 0.059375
3 0.75625 0.9140625 0.04921875 0.0671875
3 0.384375 0.72265625 0.040625 0.06875
3 0.45546875 0.64765625 0.03984375 0.059375
3 0.29140625 0.71640625 0.0515625 0.071875
3 0.27109375 0.75078125 0.04453125 0.0578125
3 0.2296875 0.57421875 0.05 0.071875
3 0.4015625 0.41328125 0.04453125 0.05625
3 0.36875 0.48046875 0.03984375 0.05625
5 0.9125 0.390625 0.03203125 0.0484375
5 0.78359375 0.39765625 0.0296875 0.0421875
5 0.75859375 0.4078125 0.0375 0.05546875
5 0.7640625 0.35546875 0.03828125 0.05234375
5 0.83671875 0.48203125 0.02890625 0.04375
5 0.815625 0.4875 0.0265625 0.0375
5 0.784375 0.48203125 0.0375 0.04921875
5 0.77734375 0.44453125 0.03515625 0.053125
5 0.71640625 0.37578125 0.03359375 0.0515625
5 0.70703125 0.3109375 0.0296875 0.04296875
5 0.7234375 0.33125 0.02890625 0.0359375
5 0.7625 0.79140625 0.0359375 0.04921875
5 0.74140625 0.765625 0.0375 0.0578125
5 0.671875 0.79921875 0.0375 0.05390625
5 0.66328125 0.76484375 0.02890625 0.04453125
5 0.63515625 0.73515625 0.03046875 0.046875
5 0.64609375 0.66796875 0.03125 0.0515625
5 0.61875 0.671875 0.02578125 0.03515625
5 0.60859375 0.64609375 0.040625 0.06171875
5 0.62890625 0.584375 0.03828125 0.05703125
5 0.5828125 0.69609375 0.034375 0.06171875
5 0.49609375 0.22109375 0.03828125 0.059375