3 0.3734375 0.25625 0.05859375 0.084375
3 0.37734375 0.209375 0.046875 0.06171875
3 0.59609375 0.2 0.04453125 0.0625
3 0.659375 0.18046875 0.04375 0.06953125
3 0.77421875 0.43125 0.04375 0.0640625
3 0.51171875 0.415625 0.04375 0.07109375
3 0.546875 0.41796875 0.0453125 0.0640625
3 0.63046875 0.44296875 0.04375 0.06015625
3 0.6828125 0.515625 0.0546875 0.078125
3 0.7125 0.5359375 0.0484375 0.071875
3 0.30546875 0.696875 0.05859375 0.078125
3 0.3078125 0.74921875 0.053125 0.06875
3 0.34609375 0.72109375 0.05390625 0.078125
3 0.17265625 0.60703125 0.046875 0.065625
3 0.11796875 0.678125 0.053125 0.07421875
3 0.53203125 0.803125 0.0453125 0.075
3 0.49296875 0.675 0.04375 0.065625
3 0.6203125 0.871875 0.05625 0.07890625
3 0.6265625 0.92109375 0.0484375 0.0640625
3 0.72890625 0.790625 0.0546875 0.078125
3 0.628125 0.5015625 0.0484375 0.06171875
3 0.634375 0.590625 0.04375 0.06171875
5 0.1625 0.06484375 0.03515625 0.053125
5 0.2796875 0.1765625 0.03203125 0.04609375
5 0.29921875 0.20703125 0.040625 0.0609375
5 0.31328125 0.153125 0.04140625 0.0578125
5 0.2 0.21171875 0.03125 0.04765625
5 0.21796875 0.23359375 0.02890625 0.04140625
5 0.2484375 0.25390625 0.040625 0.05390625
5 0.26875 0.225 0.03828125 0.0578125
5 0.35 0.2109375 0.03671875 0.05625
5 0.38203125 0.1578125 0.03203125 0.046875
5 0.359375 0.1640625 0.03125 0.03984375
5 0.15703125 0.55859375 0.0390625 0.05390625
5 0.1859375 0.5515625 0.040625 0.0640625
5 0.23828125 0.6390625 0.040625 0.059375
5 0.25859375 0.61484375 0.03203125 0.0484375
5 0.2953125 0.61015625 0.03359375 0.0515625
5 0.309375 0.53828125 0.034375 0.05625
5 0.33359375 0.56484375 0.028125 0.0390625
5 0.35234375 0.55 0.04453125 0.06796875
5 0.35546875 0.475 0.04140625 0.0625
5 0.3578125 0.61640625 0.03828125 0.0671875
5 0.61015625 0.24609375 0.0421875 0.06484375