3 0.24375 0.6140625 0.0859375 0.12734375
3 0.28203125 0.66328125 0.08125 0.11796875
3 0.33515625 0.771875 0.0921875 0.1296875
3 0.2828125 0.46171875 0.07890625 0.11796875
3 0.29765625 0.07421875 0.1015625 0.14609375
3 0.36171875 0.1296875 0.10625 0.1546875
3 0.5734375 0.1734375 0.09453125 0.140625
3 0.68046875 0.25625 0.11015625 0.16875
3 0.74609375 0.29140625 0.11015625 0.15234375
3 0.7484375 0.5890625 0.07421875 0.10390625
3 0.6328125 0.39453125 0.0828125 0.11796875
3 0.5875 0.328125 0.0765625 0.11015625
5 0.31328125 0.5609375 0.090625 0.13515625
5 0.55625 0.14921875 0.08515625 0.13203125