3 0.25703125 0.315625 0.10390625 0.165625
3 0.23359375 0.1125 0.08203125 0.11640625
3 0.54140625 0.428125 0.11015625 0.15546875
3 0.62578125 0.4609375 0.1046875 0.16171875
3 0.58203125 0.34921875 0.1171875 0.1640625
3 0.50390625 0.3 0.0921875 0.1421875
3 0.43828125 0.26640625 0.1 0.1484375
3 0.45078125 0.1609375 0.1109375 0.14609375
3 0.59140625 0.75234375 0.07890625 0.11484375
3 0.81328125 0.81015625 0.090625 0.13515625
3 0.76171875 0.58984375 0.05546875 0.075
5 0.19375 0.36796875 0.08203125 0.11796875
5 0.23203125 0.4390625 0.0796875 0.11796875
5 0.384375 0.38515625 0.07890625 0.11875
5 0.39453125 0.46953125 0.06171875 0.09296875
5 0.44765625 0.546875 0.078125 0.11640625
5 0.41796875 0.6765625 0.07265625 0.1125
5 0.471875 0.68671875 0.06640625 0.09453125
5 0.48828125 0.74765625 0.0828125 0.12265625
5 0.55625 0.6484375 0.08125 0.1203125
5 0.4359375 0.85546875 0.07109375 0.103125
5 0.74296875 0.7484375 0.06640625 0.09921875