3 0.23984375 0.42734375 0.084375 0.13984375
3 0.1828125 0.24609375 0.06875 0.0953125
3 0.52421875 0.42265625 0.09296875 0.125
3 0.60859375 0.4203125 0.08515625 0.13515625
3 0.5484375 0.33359375 0.09921875 0.1296875
3 0.4671875 0.31796875 0.075 0.11875
3 0.4 0.31171875 0.0828125 0.12109375
3 0.39375 0.20859375 0.09609375 0.1125
3 0.6265625 0.70625 0.06640625 0.09296875
3 0.84296875 0.67421875 0.075 0.11015625
3 0.75703125 0.4890625 0.0484375 0.05859375
5 0.18984375 0.5 0.06875 0.0953125
5 0.23828125 0.55078125 0.06640625 0.096875
5 0.3703125 0.44296875 0.06484375 0.09921875
5 0.39453125 0.51796875 0.05078125 0.07734375
5 0.4578125 0.56953125 0.065625 0.0953125
5 0.4515625 0.7015625 0.05859375 0.09453125
5 0.50390625 0.690625 0.0546875 0.07734375
5 0.52890625 0.74140625 0.06796875 0.10078125
5 0.57578125 0.621875 0.06640625 0.09921875
5 0.49921875 0.86171875 0.06015625 0.08359375
5 0.76640625 0.64296875 0.0546875 0.08203125