3 0.26484375 0.678125 0.103125 0.16015625
3 0.15234375 0.5859375 0.078125 0.11484375
3 0.4859375 0.43203125 0.10703125 0.153125
3 0.55078125 0.35859375 0.103125 0.1578125
3 0.4703125 0.340625 0.1125 0.16171875
3 0.40078125 0.39921875 0.09140625 0.13828125
3 0.34609375 0.45078125 0.09765625 0.14453125
3 0.30234375 0.3765625 0.10625 0.146875
3 0.67265625 0.56640625 0.07734375 0.1125
3 0.83046875 0.35546875 0.0890625 0.13203125
3 0.69296875 0.28359375 0.05390625 0.075
5 0.253125 0.77890625 0.0796875 0.11640625
5 0.3109375 0.77734375 0.07734375 0.11640625
5 0.37265625 0.57890625 0.07734375 0.11640625
5 0.42109375 0.6171875 0.06015625 0.0921875
5 0.4890625 0.60390625 0.0765625 0.11484375
5 0.53515625 0.71171875 0.071875 0.11015625
5 0.571875 0.659375 0.06484375 0.09296875
5 0.61015625 0.6765625 0.0796875 0.1203125
5 0.6015625 0.54375 0.07890625 0.11796875
5 0.6328125 0.796875 0.06953125 0.10078125
5 0.759375 0.39609375 0.065625 0.096875