3 0.578125 0.484375 0.05859375 0.08359375
3 0.5265625 0.4359375 0.05546875 0.07421875
3 0.53203125 0.51875 0.05703125 0.0828125
3 0.4921875 0.54765625 0.05859375 0.0890625
3 0.5921875 0.56484375 0.059375 0.09375
3 0.55078125 0.5671875 0.0546875 0.06484375
3 0.63359375 0.47109375 0.08125 0.09296875
3 0.725 0.875 0.06640625 0.07109375
3 0.88515625 0.2765625 0.0671875 0.096875
5 0.66640625 0.3703125 0.0453125 0.07109375
5 0.63828125 0.3953125 0.053125 0.0796875
5 0.6671875 0.43046875 0.04453125 0.0671875
5 0.7046875 0.565625 0.040625 0.065625
4 0.68671875 0.88984375 0.03125 0.046875