3 0.43359375 0.46171875 0.06796875 0.1
3 0.459375 0.53984375 0.06328125 0.090625
3 0.4828125 0.4671875 0.0671875 0.09921875
3 0.525 0.475 0.06953125 0.10546875
3 0.44921875 0.38359375 0.071875 0.11015625
3 0.484375 0.4140625 0.0609375 0.0828125
3 0.3828125 0.42890625 0.08984375 0.1203125
3 0.44453125 0.03671875 0.0734375 0.0734375
3 0.109375 0.39765625 0.07890625 0.11640625
5 0.321875 0.4875 0.0546875 0.08359375
5 0.353125 0.48828125 0.06328125 0.09453125
5 0.34140625 0.4375 0.053125 0.0796875
5 0.35703125 0.296875 0.05 0.0765625
4 0.48203125 0.04375 0.0375 0.05625