3 0.4328125 0.46796875 0.06171875 0.0890625
3 0.4859375 0.434375 0.0578125 0.0796875
3 0.47265625 0.51171875 0.06015625 0.0890625
3 0.50703125 0.546875 0.0625 0.09453125
3 0.41171875 0.540625 0.0640625 0.09921875
3 0.45078125 0.55234375 0.05625 0.071875
3 0.38203125 0.44375 0.08359375 0.103125
3 0.25546875 0.803125 0.06796875 0.0796875
3 0.16484375 0.20390625 0.07109375 0.10390625
5 0.36171875 0.34140625 0.0484375 0.075
5 0.38515625 0.37109375 0.05625 0.084375
5 0.3546875 0.39765625 0.04765625 0.07109375
5 0.30625 0.51640625 0.04453125 0.06875
4 0.28984375 0.82578125 0.03359375 0.05