3 0.58203125 0.46953125 0.06796875 0.0984375
3 0.5234375 0.4265625 0.0640625 0.0875
3 0.5359375 0.51484375 0.06640625 0.09765625
3 0.4953125 0.55234375 0.06875 0.10390625
3 0.60390625 0.55390625 0.0703125 0.11015625
3 0.559375 0.5640625 0.0625 0.078125
3 0.64140625 0.4453125 0.09296875 0.1125
3 0.77109375 0.865625 0.07578125 0.08671875
3 0.89765625 0.19140625 0.078125 0.11484375
5 0.66875 0.33125 0.053125 0.0828125
5 0.640625 0.3625 0.0625 0.09375
5 0.67421875 0.39609375 0.05234375 0.07890625
5 0.725 0.5359375 0.0484375 0.0765625
4 0.73125 0.8890625 0.03671875 0.05546875