3 0.19453125 0.4609375 0.13828125 0.203125
3 0.31328125 0.4453125 0.1625 0.23125
3 0.36953125 0.53359375 0.1328125 0.19375
3 0.35 0.671875 0.10546875 0.15859375
3 0.36484375 0.80390625 0.134375 0.15703125
3 0.43359375 0.775 0.14609375 0.2
3 0.50859375 0.88203125 0.11171875 0.1421875
3 0.50703125 0.46171875 0.1328125 0.19140625
3 0.54296875 0.59453125 0.11953125 0.18515625
3 0.63828125 0.59140625 0.1390625 0.19296875
3 0.73671875 0.6515625 0.115625 0.184375
3 0.62734375 0.471875 0.14140625 0.2125
3 0.7125 0.24609375 0.115625 0.15390625
3 0.60703125 0.325 0.11640625 0.1796875
4 0.55390625 0.2078125 0.121875 0.171875
5 0.6265625 0.22734375 0.08515625 0.12734375
5 0.54375 0.134375 0.090625 0.11328125