3 0.7421875 0.715625 0.0234375 0.03828125
3 0.7640625 0.60859375 0.02734375 0.0265625
3 0.7625 0.5984375 0.021875 0.0203125
3 0.78984375 0.4125 0.0265625 0.03671875
3 0.73984375 0.39921875 0.02109375 0.0359375
3 0.3671875 0.52109375 0.021875 0.034375
3 0.37890625 0.48359375 0.02734375 0.040625
3 0.38515625 0.4390625 0.02890625 0.0375
3 0.29921875 0.5625 0.0265625 0.03828125
5 0.78515625 0.44765625 0.0171875 0.028125
5 0.7953125 0.43671875 0.0203125 0.028125
5 0.7796875 0.4234375 0.015625 0.021875
5 0.77265625 0.44375 0.0203125 0.03125
5 0.79375 0.54921875 0.01875 0.025
5 0.753125 0.44453125 0.0171875 0.0234375
5 0.7546875 0.4265625 0.01796875 0.02578125
5 0.74140625 0.43046875 0.0171875 0.025
5 0.75234375 0.40859375 0.01796875 0.028125
5 0.7671875 0.38984375 0.01875 0.0265625
5 0.75078125 0.384375 0.01640625 0.0234375