3 0.34765625 0.7796875 0.053125 0.04765625
3 0.36328125 0.7640625 0.040625 0.04765625
3 0.4265625 0.3875 0.0515625 0.07734375
3 0.5265625 0.43046875 0.0484375 0.07265625
3 0.628125 0.8796875 0.08515625 0.1125
5 0.4125 0.459375 0.03671875 0.05625
5 0.40234375 0.4203125 0.0390625 0.05390625
5 0.43671875 0.4203125 0.03125 0.04140625
5 0.4421875 0.46796875 0.0390625 0.05390625
5 0.47265625 0.496875 0.03515625 0.05
5 0.48359375 0.46171875 0.03359375 0.04921875
5 0.49609375 0.434375 0.03828125 0.05234375
5 0.48125 0.37890625 0.034375 0.05
5 0.5171875 0.38515625 0.03984375 0.05390625
5 0.50234375 0.49296875 0.03515625 0.0515625