3 0.68359375 0.26640625 0.053125 0.05
3 0.6671875 0.28203125 0.04140625 0.0515625
3 0.590625 0.6515625 0.053125 0.0796875
3 0.4921875 0.60078125 0.05 0.07578125
3 0.40703125 0.14453125 0.0875 0.11796875
5 0.6078125 0.58125 0.03828125 0.05859375
5 0.615625 0.62109375 0.040625 0.05625
5 0.58125 0.61796875 0.03203125 0.04296875
5 0.578125 0.57109375 0.03984375 0.05625
5 0.5484375 0.53828125 0.03671875 0.05234375
5 0.53671875 0.57265625 0.03515625 0.05
5 0.52265625 0.59921875 0.0390625 0.05390625
5 0.53671875 0.65546875 0.03515625 0.0515625
5 0.5 0.64765625 0.040625 0.05546875
5 0.51953125 0.54140625 0.03671875 0.05234375