3 0.6421875 0.51875 0.13984375 0.19609375
3 0.66328125 0.6296875 0.134375 0.18515625
3 0.56484375 0.54609375 0.11484375 0.19296875
3 0.88359375 0.6578125 0.13828125 0.18046875
3 0.2375 0.19609375 0.15390625 0.221875
5 0.915625 0.34765625 0.10703125 0.146875
5 0.9046875 0.5890625 0.11484375 0.165625
5 0.78125 0.44609375 0.10234375 0.15390625
5 0.71796875 0.3515625 0.10546875 0.1578125
5 0.62421875 0.3796875 0.096875 0.1265625
5 0.59375 0.434375 0.0921875 0.125
5 0.3296875 0.1359375 0.103125 0.15234375
5 0.240625 0.334375 0.1078125 0.159375
5 0.15546875 0.26484375 0.08828125 0.1390625
5 0.15625 0.146875 0.0890625 0.14296875
5 0.1953125 0.07578125 0.08359375 0.090625