3 0.72890625 0.55546875 0.0671875 0.0890625
3 0.6328125 0.621875 0.06328125 0.084375
3 0.61015625 0.5421875 0.05390625 0.07578125
3 0.6625 0.5296875 0.05234375 0.071875
3 0.63828125 0.49765625 0.0453125 0.0640625
3 0.57578125 0.4609375 0.0515625 0.06953125
3 0.53515625 0.3796875 0.06640625 0.0828125
4 0.65390625 0.7109375 0.046875 0.071875
4 0.68671875 0.503125 0.046875 0.07265625
4 0.6078125 0.4640625 0.0484375 0.07265625
5 0.55859375 0.6015625 0.04921875 0.07109375
5 0.2703125 0.2234375 0.04765625 0.06953125
5 0.2375 0.16640625 0.04453125 0.059375