3 0.71796875 0.6 0.06953125 0.0953125
3 0.61796875 0.64453125 0.065625 0.090625
3 0.60390625 0.5625 0.05625 0.08046875
3 0.65546875 0.56171875 0.05390625 0.0765625
3 0.63515625 0.525 0.04765625 0.0671875
3 0.57734375 0.4765625 0.053125 0.0734375
3 0.5453125 0.38984375 0.06796875 0.08984375
4 0.63125 0.7359375 0.05 0.07578125
4 0.68203125 0.540625 0.04921875 0.07578125
4 0.60859375 0.48671875 0.05078125 0.0765625
5 0.54765625 0.61015625 0.05078125 0.075
5 0.3015625 0.18359375 0.04921875 0.07265625
5 0.275 0.121875 0.04609375 0.0640625