3 0.315625 0.296875 0.0734375 0.103125
3 0.35234375 0.44765625 0.06953125 0.0984375
3 0.40703125 0.41484375 0.059375 0.08671875
3 0.375 0.34921875 0.0578125 0.0828125
3 0.4078125 0.353125 0.05 0.07265625
3 0.4703125 0.39453125 0.05625 0.0796875
3 0.53828125 0.37890625 0.07109375 0.09765625
4 0.29453125 0.4875 0.053125 0.08046875
4 0.3703125 0.3046875 0.053125 0.08125
4 0.4453125 0.36171875 0.0546875 0.08203125
5 0.415625 0.51328125 0.0546875 0.08046875
5 0.80234375 0.553125 0.053125 0.078125
5 0.85234375 0.546875 0.0484375 0.06875