3 0.6390625 0.5078125 0.0671875 0.09921875
3 0.5484375 0.571875 0.05234375 0.07109375
3 0.4578125 0.5859375 0.05625 0.08046875
3 0.428125 0.540625 0.0578125 0.08046875
3 0.4125 0.5828125 0.0453125 0.071875
3 0.54609375 0.46015625 0.059375 0.0890625
4 0.6046875 0.53828125 0.046875 0.071875
4 0.5671875 0.521875 0.0375 0.0578125
5 0.575 0.5765625 0.03359375 0.05234375
5 0.51875 0.57421875 0.0359375 0.05703125
5 0.55390625 0.3890625 0.0359375 0.0515625
5 0.55625 0.3453125 0.0359375 0.0609375
5 0.53671875 0.35859375 0.03984375 0.05625