3 0.8625 0.040625 0.05390625 0.08125
3 0.8 0.1171875 0.16171875 0.234375
3 0.7203125 0.10859375 0.1609375 0.21640625
3 0.6296875 0.28984375 0.14140625 0.20625
3 0.54375 0.20546875 0.1421875 0.21015625
3 0.4609375 0.30546875 0.1390625 0.21640625
3 0.34609375 0.33984375 0.140625 0.21015625
3 0.52890625 0.37734375 0.134375 0.21328125
3 0.596875 0.49453125 0.15390625 0.2109375
3 0.54375 0.68203125 0.146875 0.21328125
3 0.82734375 0.78828125 0.14453125 0.14375
4 0.69375 0.54453125 0.12109375 0.18359375
4 0.50078125 0.7859375 0.1109375 0.16796875
5 0.6265625 0.6046875 0.08671875 0.13671875
5 0.60703125 0.84921875 0.084375 0.11328125
5 0.75546875 0.78046875 0.08984375 0.13359375
5 0.7359375 0.615625 0.09140625 0.1375