3 0.87890625 0.65390625 0.0203125 0.0296875
3 0.87890625 0.63125 0.02265625 0.02890625
3 0.809375 0.53125 0.02109375 0.03203125
3 0.80703125 0.55 0.0171875 0.021875
3 0.79140625 0.53984375 0.025 0.034375
3 0.77265625 0.52265625 0.02265625 0.03515625
3 0.7328125 0.51640625 0.0296875 0.040625
3 0.74765625 0.56484375 0.02421875 0.03671875
3 0.7546875 0.58125 0.01953125 0.021875
3 0.7515625 0.61953125 0.0234375 0.03515625
3 0.72421875 0.6234375 0.0203125 0.03125
3 0.7109375 0.60703125 0.02421875 0.03359375
3 0.69765625 0.62890625 0.02734375 0.03828125
3 0.67578125 0.5875 0.0265625 0.0390625
3 0.71171875 0.68828125 0.0234375 0.03203125
3 0.6875 0.69765625 0.0296875 0.0421875
3 0.76328125 0.690625 0.01875 0.0265625
3 0.74921875 0.7 0.01796875 0.02578125
3 0.73828125 0.7109375 0.0203125 0.02890625
3 0.68984375 0.7390625 0.02421875 0.034375
3 0.66640625 0.71015625 0.02578125 0.0390625
3 0.5640625 0.6390625 0.03125 0.0421875
3 0.4578125 0.4890625 0.04765625 0.06640625
3 0.434375 0.57421875 0.04140625 0.059375
3 0.48671875 0.56328125 0.03046875 0.0421875
3 0.53828125 0.36484375 0.040625 0.059375
3 0.65546875 0.2890625 0.0390625 0.05703125
3 0.59453125 0.225 0.04609375 0.0609375
3 0.740625 0.08046875 0.0453125 0.06953125
3 0.4875 0.3515625 0.0234375 0.0328125
3 0.5046875 0.36328125 0.021875 0.03203125
3 0.50078125 0.33359375 0.02109375 0.0296875
3 0.51328125 0.31796875 0.02265625 0.03203125
3 0.496875 0.46171875 0.0328125 0.0515625
3 0.27734375 0.896875 0.034375 0.04921875
3 0.34296875 0.734375 0.0203125 0.02890625
4 0.75078125 0.5375 0.02265625 0.03359375
4 0.7984375 0.48203125 0.0171875 0.0234375
4 0.71015625 0.6296875 0.02265625 0.03046875
5 0.77578125 0.4828125 0.021875 0.03125
5 0.79765625 0.46953125 0.0140625 0.02109375
5 0.7890625 0.46328125 0.0125 0.01953125
5 0.78828125 0.47890625 0.01171875 0.0171875
5 0.78984375 0.49375 0.0140625 0.01875
5 0.79609375 0.51171875 0.015625 0.02265625
5 0.7578125 0.52265625 0.0171875 0.0265625
5 0.7484375 0.51328125 0.0125 0.01953125
5 0.73984375 0.58671875 0.01640625 0.025
5 0.69296875 0.60078125 0.01484375 0.02265625
5 0.69375 0.58828125 0.0203125 0.0296875
5 0.66328125 0.68125 0.02265625 0.0328125
5 0.6625 0.6625 0.02109375 0.02734375
5 0.64921875 0.65546875 0.01796875 0.028125
4 0.7859375 0.67578125 0.01875 0.028125
4 0.74609375 0.68203125 0.01953125 0.025
4 0.64921875 0.7390625 0.0203125 0.03203125
5 0.659375 0.81171875 0.01953125 0.03125
5 0.58046875 0.66953125 0.01796875 0.02734375
5 0.5625 0.665625 0.01953125 0.028125