3 0.2296875 0.01953125 0.0234375 0.034375
3 0.22109375 0.040625 0.025 0.03359375
3 0.240625 0.19296875 0.02421875 0.03671875
3 0.25078125 0.17890625 0.01953125 0.02578125
3 0.26015625 0.203125 0.028125 0.03984375
3 0.2703125 0.23515625 0.02578125 0.040625
3 0.303125 0.27734375 0.034375 0.046875
3 0.31015625 0.221875 0.02734375 0.0421875
3 0.3109375 0.2 0.02109375 0.02578125
3 0.32890625 0.16796875 0.02734375 0.040625
3 0.3546875 0.190625 0.0234375 0.03515625
3 0.359375 0.21796875 0.02734375 0.03828125
3 0.38046875 0.2109375 0.03125 0.04375
3 0.3828125 0.26796875 0.03046875 0.0453125
3 0.39296875 0.14453125 0.0265625 0.03671875
3 0.41796875 0.15859375 0.03359375 0.04921875
3 0.34765625 0.09453125 0.02109375 0.03046875
3 0.3640625 0.1 0.0203125 0.02890625
3 0.378125 0.1 0.0234375 0.03359375
3 0.4328125 0.11953125 0.02734375 0.0390625
3 0.4421875 0.16796875 0.0296875 0.04453125
3 0.50390625 0.32578125 0.03515625 0.0484375
3 0.5359375 0.55703125 0.05390625 0.0765625
3 0.5921875 0.503125 0.046875 0.06796875
3 0.540625 0.46484375 0.03515625 0.0484375
3 0.4125 0.5921875 0.046875 0.06796875
3 0.27734375 0.5515625 0.04453125 0.065625
3 0.30546875 0.66484375 0.05234375 0.07109375
3 0.11640625 0.6578125 0.05234375 0.07890625
3 0.45234375 0.6515625 0.0265625 0.03828125
3 0.4421875 0.62578125 0.025 0.03671875
3 0.43359375 0.6546875 0.02421875 0.034375
3 0.41640625 0.6578125 0.02578125 0.03671875
3 0.48984375 0.5453125 0.03828125 0.05859375
3 0.8640625 0.3625 0.0390625 0.05625
3 0.7390625 0.44609375 0.0234375 0.03359375
4 0.29609375 0.2421875 0.0265625 0.0390625
4 0.23046875 0.246875 0.01953125 0.0265625
4 0.3703125 0.1984375 0.025 0.03515625
5 0.25078125 0.2671875 0.025 0.03671875
5 0.2265625 0.259375 0.01640625 0.0234375
5 0.23125 0.27265625 0.01484375 0.021875
5 0.23828125 0.259375 0.01328125 0.01953125
5 0.24296875 0.24453125 0.015625 0.021875
5 0.24453125 0.2234375 0.01796875 0.0265625
5 0.2828125 0.24921875 0.01953125 0.03046875
5 0.2875 0.26640625 0.0140625 0.021875
5 0.32578125 0.209375 0.01875 0.028125
5 0.3734375 0.23984375 0.01640625 0.02578125
5 0.3671875 0.25 0.0234375 0.034375
5 0.4328125 0.196875 0.02578125 0.0375
5 0.42578125 0.21328125 0.02421875 0.03203125
5 0.43515625 0.23203125 0.02109375 0.0328125
4 0.32109375 0.08671875 0.021875 0.03203125
4 0.359375 0.11875 0.021875 0.02890625
4 0.46875 0.1578125 0.0234375 0.0359375
5 0.48984375 0.084375 0.02265625 0.0359375
5 0.5015625 0.28359375 0.0203125 0.03125
5 0.515625 0.30390625 0.021875 0.03203125