3 0.784375 0.9875 0.02421875 0.02421875
3 0.79296875 0.971875 0.02578125 0.034375
3 0.77109375 0.81640625 0.025 0.0375
3 0.76171875 0.83125 0.0203125 0.02578125
3 0.7515625 0.80625 0.028125 0.03984375
3 0.74140625 0.7734375 0.0265625 0.04140625
3 0.7078125 0.73125 0.034375 0.04765625
3 0.70078125 0.78828125 0.028125 0.04296875
3 0.7 0.81015625 0.021875 0.02578125
3 0.68203125 0.84296875 0.02734375 0.04140625
3 0.65546875 0.82109375 0.02421875 0.0359375
3 0.65 0.79296875 0.02734375 0.0390625
3 0.628125 0.80078125 0.03203125 0.04453125
3 0.6265625 0.7421875 0.03125 0.04609375
3 0.61640625 0.86796875 0.02734375 0.0375
3 0.590625 0.85390625 0.034375 0.04921875
3 0.6625 0.91796875 0.021875 0.03125
3 0.64609375 0.91328125 0.02109375 0.0296875
3 0.63203125 0.9140625 0.02421875 0.034375
3 0.57578125 0.89453125 0.02734375 0.03984375
3 0.56640625 0.8453125 0.03046875 0.0453125
3 0.50234375 0.68515625 0.0359375 0.04921875
3 0.4671875 0.44921875 0.0546875 0.078125
3 0.4109375 0.5046875 0.04765625 0.06875
3 0.46328125 0.54375 0.03515625 0.05
3 0.59296875 0.4109375 0.04765625 0.06875
3 0.73125 0.45078125 0.0453125 0.06640625
3 0.70234375 0.33515625 0.053125 0.071875
3 0.8953125 0.3390625 0.053125 0.08125
3 0.55234375 0.35078125 0.02734375 0.03828125
3 0.5625 0.37734375 0.025 0.0375
3 0.571875 0.34765625 0.02421875 0.034375
3 0.5890625 0.34375 0.0265625 0.0375
3 0.51484375 0.46015625 0.0390625 0.059375
3 0.13359375 0.653125 0.03984375 0.05703125
3 0.2609375 0.56640625 0.02421875 0.034375
4 0.71484375 0.7671875 0.0265625 0.03984375
4 0.78203125 0.7609375 0.0203125 0.02734375
4 0.63984375 0.8125 0.02578125 0.0359375
5 0.7609375 0.740625 0.02578125 0.03671875
5 0.7859375 0.7484375 0.01640625 0.02421875
5 0.78046875 0.734375 0.01484375 0.021875
5 0.7734375 0.7484375 0.0140625 0.01953125
5 0.76875 0.76328125 0.01640625 0.02265625
5 0.7671875 0.78515625 0.01875 0.02734375
5 0.728125 0.76015625 0.0203125 0.03046875
5 0.72265625 0.7421875 0.01484375 0.02265625
5 0.684375 0.80078125 0.01953125 0.02890625
5 0.6359375 0.7703125 0.0171875 0.02578125
5 0.6421875 0.76015625 0.02421875 0.034375
5 0.57578125 0.815625 0.02578125 0.03828125
5 0.58203125 0.7984375 0.02421875 0.03203125
5 0.5734375 0.7796875 0.02109375 0.0328125
4 0.68984375 0.92578125 0.021875 0.0328125
4 0.65078125 0.89375 0.021875 0.0296875
4 0.5390625 0.85625 0.02421875 0.03671875
5 0.51796875 0.93125 0.0234375 0.0359375
5 0.5046875 0.728125 0.02109375 0.03203125
5 0.48984375 0.7078125 0.02265625 0.0328125