3 0.2671875 0.934375 0.0203125 0.03046875
3 0.259375 0.915625 0.02265625 0.0296875
3 0.275 0.78125 0.02109375 0.0328125
3 0.28359375 0.79375 0.0171875 0.02265625
3 0.2921875 0.77265625 0.025 0.03515625
3 0.30078125 0.74375 0.0234375 0.0359375
3 0.32890625 0.70625 0.0296875 0.0421875
3 0.3359375 0.75546875 0.02421875 0.0375
3 0.33671875 0.77421875 0.01875 0.02265625
3 0.35234375 0.8015625 0.02421875 0.0359375
3 0.375 0.78125 0.02109375 0.03125
3 0.3796875 0.75703125 0.02421875 0.034375
3 0.3984375 0.76328125 0.02734375 0.0390625
3 0.39921875 0.7125 0.02734375 0.03984375
3 0.409375 0.82109375 0.0234375 0.0328125
3 0.43125 0.8078125 0.0296875 0.04296875
3 0.3703125 0.865625 0.01875 0.02734375
3 0.384375 0.8609375 0.01796875 0.02578125
3 0.396875 0.8609375 0.02109375 0.0296875
3 0.44453125 0.8421875 0.02421875 0.034375
3 0.45234375 0.8 0.02578125 0.03984375
3 0.5046875 0.659375 0.03125 0.04296875
3 0.53125 0.45546875 0.04765625 0.06796875
3 0.58125 0.5015625 0.04140625 0.06015625
3 0.53671875 0.53671875 0.03046875 0.04296875
3 0.42265625 0.42734375 0.04140625 0.06015625
3 0.30390625 0.465625 0.03984375 0.0578125
3 0.32734375 0.365625 0.04609375 0.06328125
3 0.16171875 0.375 0.04609375 0.0703125
3 0.45703125 0.37421875 0.0234375 0.03359375
3 0.4484375 0.396875 0.021875 0.0328125
3 0.440625 0.371875 0.02109375 0.03046875
3 0.425 0.36953125 0.02265625 0.0328125
3 0.490625 0.46640625 0.03359375 0.0515625
3 0.821875 0.6203125 0.034375 0.05
3 0.7109375 0.54921875 0.02109375 0.0296875
4 0.32265625 0.7375 0.0234375 0.034375
4 0.265625 0.734375 0.0171875 0.0234375
4 0.3890625 0.77421875 0.02265625 0.03125
5 0.2828125 0.715625 0.021875 0.03203125
5 0.26171875 0.7234375 0.01484375 0.02109375
5 0.26640625 0.71171875 0.0125 0.01953125
5 0.27265625 0.7234375 0.01171875 0.0171875
5 0.2765625 0.7359375 0.0140625 0.01953125
5 0.278125 0.7546875 0.01640625 0.0234375
5 0.31171875 0.73125 0.0171875 0.02734375
5 0.315625 0.71640625 0.0125 0.01953125
5 0.35 0.765625 0.0171875 0.025
5 0.39140625 0.7375 0.01484375 0.02265625
5 0.3859375 0.72890625 0.02109375 0.0296875
5 0.44375 0.77421875 0.02265625 0.03359375
5 0.4375 0.759375 0.02109375 0.028125
5 0.4453125 0.74375 0.01875 0.02890625
4 0.346875 0.8734375 0.01953125 0.028125
4 0.38046875 0.84453125 0.01875 0.02578125
4 0.47578125 0.8078125 0.02109375 0.03203125
5 0.4953125 0.871875 0.0203125 0.03125
5 0.50390625 0.696875 0.01796875 0.028125
5 0.515625 0.67890625 0.01953125 0.028125