3 0.29765625 0.51484375 0.04140625 0.0625
3 0.3140625 0.53671875 0.034375 0.0453125
3 0.32734375 0.50234375 0.0421875 0.06484375
3 0.34140625 0.45 0.04609375 0.07109375
3 0.39453125 0.3796875 0.05234375 0.07421875
3 0.40703125 0.4640625 0.0484375 0.071875
3 0.4078125 0.49921875 0.03828125 0.04921875
3 0.4375 0.546875 0.0453125 0.06328125
3 0.47578125 0.51484375 0.04140625 0.059375
3 0.4828125 0.465625 0.04453125 0.0640625
3 0.51953125 0.4765625 0.05 0.075
3 0.51953125 0.38671875 0.05234375 0.0765625
3 0.51796875 0.5296875 0.0453125 0.06328125
3 0.5390625 0.58359375 0.04296875 0.0625
3 0.57890625 0.5546875 0.05703125 0.084375
3 0.61640625 0.54296875 0.04765625 0.07109375
3 0.6046875 0.61796875 0.0453125 0.0703125
3 0.71484375 0.6296875 0.04921875 0.06796875
3 0.7109375 0.2875 0.0578125 0.08515625
4 0.278125 0.4328125 0.03046875 0.0453125
4 0.38203125 0.43515625 0.040625 0.0625
4 0.5015625 0.49921875 0.04609375 0.06328125
4 0.44921875 0.553125 0.03046875 0.046875
4 0.66015625 0.559375 0.04140625 0.059375
4 0.63203125 0.615625 0.0265625 0.0390625
5 0.69609375 0.67265625 0.040625 0.059375
5 0.6796875 0.5609375 0.03046875 0.046875
5 0.60390625 0.50078125 0.040625 0.06328125
5 0.5921875 0.47265625 0.03828125 0.05078125
5 0.60625 0.44140625 0.040625 0.0578125
5 0.61953125 0.46953125 0.03125 0.04453125
5 0.50546875 0.43203125 0.028125 0.03828125
5 0.4953125 0.41953125 0.03828125 0.05859375
5 0.43125 0.48125 0.03515625 0.05
5 0.3625 0.428125 0.0328125 0.05
5 0.3125 0.396875 0.03984375 0.05859375
5 0.303125 0.46796875 0.02578125 0.0359375