3 0.28359375 0.590625 0.03828125 0.05859375
3 0.296875 0.559375 0.034375 0.03828125
3 0.31796875 0.58984375 0.03828125 0.0609375
3 0.34453125 0.6375 0.0421875 0.0671875
3 0.415625 0.6859375 0.05 0.0671875
3 0.41015625 0.590625 0.0453125 0.06640625
3 0.40390625 0.553125 0.03828125 0.04140625
3 0.425 0.4890625 0.04375 0.05703125
3 0.471875 0.50390625 0.0390625 0.05390625
3 0.48984375 0.55234375 0.0421875 0.0578125
3 0.52578125 0.5234375 0.04609375 0.0703125
3 0.5453125 0.61796875 0.0484375 0.0703125
3 0.5125 0.46796875 0.04296875 0.05625
3 0.52421875 0.40078125 0.040625 0.05703125
3 0.571875 0.4125 0.053125 0.07734375
3 0.6140625 0.40625 0.04453125 0.065625
3 0.5859375 0.3328125 0.04140625 0.06640625
3 0.6984375 0.2671875 0.046875 0.06015625
3 0.76875 0.6296875 0.0546875 0.078125
4 0.28203125 0.6859375 0.02890625 0.04140625
4 0.38984375 0.6328125 0.0375 0.059375
4 0.503125 0.5078125 0.04453125 0.05546875
4 0.4359375 0.4765625 0.028125 0.04375
4 0.65703125 0.3671875 0.0390625 0.05390625
4 0.6140625 0.321875 0.025 0.0359375
5 0.6703125 0.23125 0.03828125 0.05390625
5 0.6765625 0.35703125 0.02734375 0.04453125
5 0.609375 0.45703125 0.0375 0.06015625
5 0.603125 0.4921875 0.03828125 0.04375
5 0.625 0.51875 0.0390625 0.05234375
5 0.6328125 0.48203125 0.0296875 0.040625
5 0.52109375 0.57734375 0.02734375 0.034375
5 0.51328125 0.59453125 0.0359375 0.0546875
5 0.43203125 0.5609375 0.0328125 0.04609375
5 0.37109375 0.65 0.03046875 0.04609375
5 0.325 0.70703125 0.03828125 0.053125
5 0.3 0.63671875 0.025 0.03203125