3 0.40859375 0.70546875 0.0421875 0.0640625
3 0.6625 0.3703125 0.0484375 0.0734375
3 0.65390625 0.315625 0.0625 0.0875
3 0.43203125 0.31484375 0.059375 0.08515625
3 0.41484375 0.26875 0.03984375 0.06015625
3 0.48828125 0.1703125 0.04453125 0.0703125
3 0.49609375 0.096875 0.0375 0.05703125
3 0.24453125 0.4546875 0.04296875 0.0640625
3 0.21015625 0.44375 0.03828125 0.05390625
3 0.11171875 0.46015625 0.04453125 0.06484375
3 0.18359375 0.5890625 0.04375 0.0609375
5 0.66484375 0.45390625 0.0390625 0.06015625
4 0.509375 0.1859375 0.0453125 0.06953125
4 0.38984375 0.7625 0.03671875 0.05390625
4 0.3578125 0.74765625 0.040625 0.059375
4 0.3921875 0.6765625 0.0359375 0.0546875
5 0.3796875 0.6625 0.0359375 0.053125
5 0.365625 0.65 0.03671875 0.0546875
5 0.43515625 0.68671875 0.03359375 0.04921875
5 0.41875 0.66796875 0.0359375 0.0546875
5 0.4421875 0.65703125 0.0265625 0.03828125
5 0.48515625 0.6984375 0.03359375 0.0515625
5 0.465625 0.63984375 0.0375 0.04921875
5 0.38125 0.4984375 0.03125 0.04609375
5 0.37265625 0.46171875 0.03125 0.04453125
5 0.2296875 0.615625 0.034375 0.05
5 0.22734375 0.58984375 0.02890625 0.040625
5 0.2296875 0.52578125 0.03359375 0.053125
5 0.22421875 0.47890625 0.03203125 0.0453125
5 0.17578125 0.375 0.03359375 0.04453125
5 0.14453125 0.35859375 0.0296875 0.04609375
5 0.1125 0.37734375 0.0328125 0.046875
5 0.11953125 0.3359375 0.0375 0.05546875
5 0.1015625 0.3359375 0.02109375 0.03046875
5 0.075 0.36875 0.03671875 0.05234375
5 0.0546875 0.371875 0.03515625 0.05078125
5 0.0453125 0.4109375 0.03515625 0.04921875
5 0.02890625 0.46484375 0.0328125 0.04140625
5 0.084375 0.25390625 0.0296875 0.04921875