3 0.50625 0.2484375 0.034375 0.05234375
3 0.41328125 0.75546875 0.03828125 0.0609375
3 0.4421875 0.79609375 0.0546875 0.06640625
3 0.634375 0.60625 0.05078125 0.065625
3 0.6671875 0.6328125 0.03203125 0.05
3 0.640625 0.78046875 0.034375 0.06015625
3 0.66171875 0.85078125 0.03046875 0.046875
3 0.74453125 0.32578125 0.0359375 0.0515625
3 0.778125 0.30625 0.03359375 0.040625
3 0.85703125 0.2078125 0.0375 0.05078125
3 0.74609375 0.15703125 0.03828125 0.04609375
5 0.3796875 0.68515625 0.03125 0.05
4 0.61640625 0.784375 0.0359375 0.0578125
4 0.5015625 0.1828125 0.03046875 0.04296875
4 0.534375 0.16875 0.03515625 0.046875
4 0.53203125 0.259375 0.02890625 0.0453125
5 0.5484375 0.2609375 0.03046875 0.0421875
5 0.565625 0.259375 0.0296875 0.04453125
5 0.49140625 0.2875 0.028125 0.03984375
5 0.5125 0.2890625 0.02890625 0.0453125
5 0.49609375 0.31875 0.02265625 0.0296875
5 0.44296875 0.31953125 0.0265625 0.04296875
5 0.4828125 0.35390625 0.03359375 0.03515625
5 0.60859375 0.4046875 0.02578125 0.0375
5 0.63046875 0.428125 0.0265625 0.034375
5 0.69609375 0.1734375 0.02890625 0.03984375
5 0.7078125 0.19375 0.025 0.03125
5 0.73046875 0.25078125 0.02578125 0.0453125
5 0.75234375 0.2875 0.028125 0.034375
5 0.834375 0.3359375 0.03125 0.03125
5 0.8671875 0.32421875 0.0234375 0.0390625
5 0.8875 0.28046875 0.028125 0.03671875
5 0.89765625 0.321875 0.03046875 0.04453125
5 0.91328125 0.30625 0.0171875 0.02421875
5 0.92421875 0.25546875 0.03125 0.03984375
5 0.940625 0.2359375 0.0296875 0.03984375
5 0.93359375 0.19375 0.03125 0.03671875
5 0.92734375 0.1328125 0.03125 0.0265625
5 0.95859375 0.36328125 0.021875 0.04375