3 0.39765625 0.5046875 0.05703125 0.08359375
3 0.65546875 0.82265625 0.06015625 0.090625
3 0.70078125 0.834375 0.06015625 0.084375
3 0.83984375 0.7953125 0.05546875 0.0859375
3 0.9 0.3328125 0.08125 0.115625
3 0.96875 0.42109375 0.05390625 0.090625
4 0.4171875 0.42734375 0.05625 0.0828125
4 0.4625 0.440625 0.05390625 0.078125
4 0.42265625 0.54375 0.03671875 0.0609375
5 0.4421875 0.56328125 0.04765625 0.07265625
5 0.46796875 0.57890625 0.04609375 0.075
5 0.659375 0.5953125 0.04296875 0.06171875
5 0.66484375 0.62890625 0.03984375 0.053125
5 0.6671875 0.71875 0.046875 0.071875
5 0.6796875 0.78515625 0.03828125 0.05390625
5 0.63125 0.80859375 0.04375 0.07734375
5 0.76171875 0.92890625 0.04375 0.06640625
5 0.803125 0.94609375 0.04765625 0.0734375
5 0.840625 0.90703125 0.04375 0.0703125
5 0.828125 0.9640625 0.0375 0.06796875