3 0.6 0.43359375 0.04921875 0.06875
3 0.2640625 0.30390625 0.05 0.0765625
3 0.21796875 0.32265625 0.0515625 0.06796875
3 0.09765625 0.45078125 0.0453125 0.0734375
3 0.17734375 0.92734375 0.0703125 0.09375
3 0.0859375 0.88984375 0.0421875 0.08125
4 0.6046875 0.51875 0.04765625 0.06875
4 0.55859375 0.5359375 0.04609375 0.0640625
4 0.565625 0.4125 0.028125 0.05390625
5 0.54140625 0.40703125 0.03984375 0.06171875
5 0.5125 0.409375 0.03671875 0.065625
5 0.3265625 0.52109375 0.03671875 0.05078125
5 0.31171875 0.4921875 0.03515625 0.04140625
5 0.28359375 0.41015625 0.03828125 0.0609375
5 0.25234375 0.35546875 0.0328125 0.04375
5 0.290625 0.30078125 0.03359375 0.0703125
5 0.13203125 0.2734375 0.03671875 0.05546875
5 0.08828125 0.284375 0.0390625 0.0625
5 0.06484375 0.34609375 0.03515625 0.0609375
5 0.059375 0.284375 0.028125 0.0625