3 0.5921875 0.70546875 0.04921875 0.07265625
3 0.5765625 0.65703125 0.0453125 0.071875
3 0.51171875 0.80625 0.04609375 0.06640625
3 0.2671875 0.1109375 0.04765625 0.0765625
3 0.20546875 0.1875 0.05625 0.08359375
5 0.46875 0.25859375 0.0390625 0.0609375
5 0.465625 0.1703125 0.0328125 0.0515625
5 0.434375 0.19765625 0.040625 0.05625
5 0.33984375 0.04609375 0.04921875 0.0703125
5 0.3078125 0.0421875 0.03515625 0.0484375
5 0.29765625 0.08515625 0.034375 0.05859375
5 0.203125 0.2359375 0.05234375 0.0765625
5 0.45703125 0.59453125 0.04375 0.0671875
5 0.44765625 0.65390625 0.040625 0.065625
5 0.31640625 0.47578125 0.0421875 0.0578125
5 0.2640625 0.478125 0.04296875 0.06015625
5 0.27109375 0.5734375 0.03828125 0.05390625
4 0.21796875 0.5390625 0.034375 0.05625
5 0.61171875 0.9875 0.04609375 0.0234375