3 0.65859375 0.58125 0.04765625 0.0703125
3 0.62578125 0.55703125 0.04375 0.06953125
3 0.6359375 0.7375 0.04453125 0.0640625
3 0.15078125 0.409375 0.0453125 0.07421875
3 0.1328125 0.52890625 0.0546875 0.08046875
5 0.3734375 0.33828125 0.0375 0.059375
5 0.334375 0.27109375 0.03203125 0.04921875
5 0.32109375 0.321875 0.03984375 0.05390625
5 0.18203125 0.28984375 0.04765625 0.0671875
5 0.1546875 0.31640625 0.034375 0.04609375
5 0.1640625 0.36015625 0.0328125 0.0578125
5 0.1515625 0.56953125 0.05078125 0.0734375
5 0.50390625 0.61875 0.0421875 0.06484375
5 0.52109375 0.675 0.0390625 0.06328125
5 0.3421875 0.65546875 0.04140625 0.0546875
5 0.30078125 0.70625 0.04140625 0.0578125
5 0.34609375 0.77578125 0.0375 0.0515625
4 0.28984375 0.79765625 0.0328125 0.05546875
5 0.80078125 0.80703125 0.04453125 0.065625