3 0.31171875 0.2265625 0.13046875 0.190625
3 0.409375 0.271875 0.13359375 0.1984375
3 0.51796875 0.25390625 0.15078125 0.2125
3 0.440625 0.3953125 0.13828125 0.203125
3 0.5328125 0.55078125 0.15078125 0.2328125
3 0.59921875 0.75 0.121875 0.1765625
3 0.64921875 0.896875 0.1296875 0.1828125
3 0.58203125 0.9515625 0.11328125 0.09609375
3 0.71015625 0.9265625 0.0859375 0.146875
5 0.50546875 0.56796875 0.1140625 0.15703125
4 0.38046875 0.54375 0.13046875 0.1828125
4 0.5015625 0.35859375 0.08515625 0.1234375