3 0.58046875 0.62421875 0.03828125 0.05546875
3 0.54765625 0.6078125 0.0375 0.0671875
3 0.51796875 0.61640625 0.040625 0.05390625
3 0.49140625 0.6484375 0.0390625 0.06015625
3 0.4546875 0.6703125 0.0328125 0.05234375
3 0.60078125 0.3921875 0.02890625 0.04765625
3 0.421875 0.36875 0.0375 0.04921875
3 0.13046875 0.36171875 0.03046875 0.05234375
3 0.384375 0.17109375 0.0390625 0.05390625
3 0.3390625 0.17265625 0.04296875 0.05625
3 0.07109375 0.34140625 0.0265625 0.06484375
5 0.60078125 0.653125 0.0265625 0.0421875
5 0.57734375 0.709375 0.02421875 0.03515625
5 0.56015625 0.7328125 0.02421875 0.034375
5 0.50859375 0.73125 0.02734375 0.03125
5 0.59609375 0.45625 0.02421875 0.03828125
5 0.340625 0.32734375 0.0296875 0.04140625