3 0.43515625 0.39921875 0.1453125 0.21484375
3 0.5265625 0.48515625 0.1359375 0.1984375
3 0.578125 0.43125 0.08515625 0.14921875
3 0.696875 0.21875 0.115625 0.175
3 0.49453125 0.65859375 0.1265625 0.18828125
3 0.51015625 0.58828125 0.109375 0.1671875
3 0.45546875 0.85390625 0.125 0.19609375
3 0.36328125 0.98359375 0.13828125 0.03203125
4 0.28671875 0.91953125 0.13984375 0.16015625
4 0.74375 0.0125 0.11484375 0.025
4 0.74296875 0.221875 0.12890625 0.190625
5 0.5953125 0.04921875 0.11328125 0.0984375
5 0.80625 0.06171875 0.11953125 0.12265625
5 0.8421875 0.14140625 0.11484375 0.16796875
5 0.4140625 0.878125 0.11484375 0.165625