3 0.87890625 0.5546875 0.0453125 0.059375
3 0.84609375 0.5328125 0.03828125 0.05390625
3 0.7671875 0.44921875 0.046875 0.0671875
3 0.703125 0.36171875 0.0390625 0.05625
3 0.72421875 0.37109375 0.0296875 0.04296875
3 0.784375 0.3234375 0.0375 0.05234375
3 0.78046875 0.28515625 0.03515625 0.04765625
3 0.64453125 0.2140625 0.03125 0.04296875
3 0.6375 0.2390625 0.0296875 0.03671875
3 0.6796875 0.253125 0.02109375 0.0390625
3 0.596875 0.2359375 0.04609375 0.06640625
3 0.5671875 0.221875 0.03984375 0.0609375
3 0.53984375 0.19609375 0.03828125 0.0578125
3 0.62421875 0.41328125 0.04296875 0.0609375
3 0.60078125 0.3828125 0.03359375 0.05
3 0.64375 0.63125 0.0421875 0.059375
3 0.56015625 0.62265625 0.0453125 0.059375
3 0.640625 0.58359375 0.034375 0.04921875
3 0.603125 0.5734375 0.0375 0.0546875
3 0.60078125 0.4734375 0.03984375 0.05390625
3 0.53515625 0.403125 0.040625 0.05625
3 0.5015625 0.41875 0.03828125 0.06171875
3 0.378125 0.37265625 0.0421875 0.0609375
3 0.69140625 0.90078125 0.03125 0.04375
3 0.72109375 0.875 0.03359375 0.04375
3 0.5984375 0.9140625 0.03046875 0.04609375
3 0.64609375 0.92578125 0.0359375 0.0484375
3 0.62734375 0.95078125 0.03984375 0.0515625
4 0.74609375 0.4796875 0.028125 0.04375
5 0.75625 0.50546875 0.02734375 0.0390625
5 0.6453125 0.43359375 0.02578125 0.040625
5 0.64765625 0.40390625 0.03046875 0.04453125
5 0.7890625 0.36953125 0.0234375 0.03515625
5 0.7453125 0.315625 0.0265625 0.0390625
4 0.8078125 0.99375 0.0359375 0.0109375