3 0.28828125 0.6578125 0.06328125 0.096875
3 0.3703125 0.5140625 0.05859375 0.08671875
3 0.3984375 0.50234375 0.05625 0.08828125
3 0.425 0.4390625 0.0671875 0.09375
3 0.52578125 0.4203125 0.05234375 0.0828125
3 0.45546875 0.6625 0.0421875 0.06796875
3 0.47109375 0.565625 0.053125 0.0765625
3 0.53203125 0.5265625 0.04140625 0.06875
3 0.55 0.50703125 0.05234375 0.08203125
3 0.58671875 0.42265625 0.04453125 0.0703125
3 0.58671875 0.38125 0.04296875 0.06328125
3 0.59375 0.32109375 0.05234375 0.078125
4 0.31875 0.81015625 0.05 0.0703125
4 0.34921875 0.7796875 0.04921875 0.07578125
5 0.365625 0.72578125 0.0390625 0.0609375
5 0.38046875 0.7015625 0.04296875 0.06171875
4 0.43125 0.67109375 0.05078125 0.07265625
4 0.4796875 0.63046875 0.04375 0.0703125
4 0.49921875 0.5703125 0.046875 0.0703125
4 0.5515625 0.296875 0.046875 0.07265625
5 0.33046875 0.72265625 0.05234375 0.078125
5 0.3125 0.659375 0.04453125 0.0765625
5 0.34453125 0.5875 0.046875 0.06953125
5 0.3703125 0.6171875 0.04375 0.06328125
5 0.39921875 0.64140625 0.04296875 0.06484375
5 0.409375 0.603125 0.04296875 0.06640625
5 0.44296875 0.60390625 0.040625 0.06328125
5 0.3875 0.55859375 0.04296875 0.06484375
5 0.421875 0.546875 0.04453125 0.06953125
5 0.44453125 0.47265625 0.05078125 0.07421875
5 0.5015625 0.49765625 0.0421875 0.0671875
5 0.5296875 0.46953125 0.03984375 0.06015625
5 0.559375 0.4421875 0.03984375 0.06484375
5 0.54453125 0.36015625 0.046875 0.071875