3 0.30546875 0.14375 0.090625 0.13828125
3 0.365625 0.12890625 0.07578125 0.11484375
3 0.5453125 0.20859375 0.1 0.1296875
3 0.55625 0.29375 0.078125 0.090625
3 0.73125 0.26015625 0.08203125 0.1078125
3 0.80625 0.2984375 0.07265625 0.096875
3 0.7265625 0.325 0.0765625 0.08828125
3 0.28125 0.640625 0.0734375 0.1078125
3 0.2890625 0.76640625 0.06328125 0.08984375
3 0.35 0.41015625 0.08125 0.12265625
4 0.21015625 0.628125 0.084375 0.11875
4 0.11484375 0.66796875 0.0890625 0.125
4 0.16640625 0.578125 0.07109375 0.11796875
4 0.471875 0.75078125 0.08203125 0.12109375
4 0.51875 0.35390625 0.0671875 0.0921875
4 0.83125 0.22734375 0.08125 0.0921875
4 0.89375 0.35 0.08984375 0.13359375