3 0.2640625 0.84140625 0.0828125 0.12890625
3 0.32421875 0.87109375 0.06953125 0.10546875
3 0.5125 0.834375 0.09453125 0.11484375
3 0.5328125 0.75078125 0.07421875 0.0796875
3 0.7046875 0.8265625 0.0765625 0.096875
3 0.78359375 0.80625 0.06875 0.08828125
3 0.70625 0.76015625 0.07421875 0.075
3 0.29296875 0.33671875 0.06875 0.09921875
3 0.31484375 0.21328125 0.05859375 0.08125
3 0.33828125 0.584375 0.0734375 0.1125
4 0.2203125 0.3328125 0.078125 0.10625
4 0.1296875 0.26953125 0.0828125 0.11484375
4 0.171875 0.37109375 0.06484375 0.11015625
4 0.49765625 0.27265625 0.075 0.11171875
4 0.5015625 0.68125 0.06171875 0.08359375
4 0.8015625 0.88359375 0.07734375 0.078125
4 0.87734375 0.77578125 0.08203125 0.12265625