3 0.240625 0.7390625 0.0734375 0.11484375
3 0.29140625 0.784375 0.0609375 0.09296875
3 0.46875 0.80859375 0.08515625 0.1015625
3 0.49921875 0.7375 0.06796875 0.06875
3 0.646875 0.86015625 0.06953125 0.0859375
3 0.721875 0.86484375 0.0609375 0.07578125
3 0.65703125 0.8 0.06796875 0.06484375
3 0.3359375 0.28515625 0.06015625 0.08828125
3 0.371875 0.178125 0.05234375 0.07265625
3 0.34296875 0.52734375 0.065625 0.10078125
4 0.26953125 0.259375 0.0703125 0.09453125
4 0.19453125 0.1734375 0.0734375 0.1015625
4 0.21953125 0.2796875 0.05625 0.09921875
4 0.53125 0.28828125 0.0671875 0.09921875
4 0.4796875 0.665625 0.05625 0.0734375
4 0.72734375 0.94140625 0.07109375 0.0671875
4 0.81171875 0.865625 0.0734375 0.109375