3 0.3078125 0.48515625 0.06484375 0.08984375
3 0.29375 0.796875 0.05 0.0484375
3 0.35703125 0.91953125 0.06953125 0.0859375
3 0.4046875 0.646875 0.05546875 0.075
3 0.38125 0.521875 0.0546875 0.075
3 0.35234375 0.46171875 0.05390625 0.0875
3 0.4046875 0.47890625 0.05703125 0.0875
3 0.38671875 0.38671875 0.05703125 0.08671875
3 0.4546875 0.321875 0.06484375 0.0828125
3 0.51328125 0.3265625 0.05546875 0.090625
3 0.52578125 0.68203125 0.053125 0.084375
3 0.58203125 0.6640625 0.04921875 0.06796875
3 0.6703125 0.36015625 0.08203125 0.1109375
3 0.64140625 0.19296875 0.053125 0.0953125
4 0.53515625 0.6015625 0.0515625 0.0703125
4 0.59296875 0.6390625 0.0421875 0.059375
4 0.46015625 0.42578125 0.05 0.0703125
5 0.4921875 0.4984375 0.0390625 0.06015625
5 0.43046875 0.440625 0.04296875 0.059375
5 0.43515625 0.36875 0.05625 0.06640625
5 0.5125 0.40546875 0.0453125 0.07109375
5 0.55625 0.31171875 0.04609375 0.06875
5 0.67265625 0.26875 0.0453125 0.06953125
5 0.61171875 0.13125 0.03203125 0.05390625