3 0.303125 0.5484375 0.07734375 0.1109375
3 0.33359375 0.86640625 0.05703125 0.06484375
3 0.415625 0.9578125 0.08203125 0.08359375
3 0.425 0.6796875 0.06640625 0.09375
3 0.3828125 0.5609375 0.06640625 0.09296875
3 0.3453125 0.509375 0.0671875 0.10546875
3 0.4 0.51015625 0.06953125 0.10625
3 0.36875 0.42265625 0.06953125 0.10546875
3 0.428125 0.33515625 0.07734375 0.10390625
3 0.4875 0.32109375 0.06875 0.109375
3 0.5515625 0.67578125 0.065625 0.10234375
3 0.60625 0.63984375 0.059375 0.084375
3 0.6515625 0.3046875 0.0984375 0.1375
3 0.59765625 0.1453125 0.0671875 0.1125
4 0.55 0.59140625 0.0625 0.0875
4 0.61328125 0.6109375 0.05078125 0.0734375
4 0.4484375 0.43828125 0.06015625 0.08671875
5 0.49140625 0.5015625 0.04765625 0.0734375
5 0.42109375 0.46328125 0.0515625 0.0734375
5 0.415625 0.3890625 0.06640625 0.08515625
5 0.4984375 0.40078125 0.05625 0.0859375
5 0.5296875 0.2921875 0.05625 0.08359375
5 0.640625 0.21171875 0.05546875 0.084375
5 0.559375 0.0921875 0.03984375 0.06484375