3 0.521875 0.340625 0.09921875 0.1515625
3 0.425 0.4640625 0.0921875 0.13671875
3 0.49296875 0.52578125 0.08203125 0.11875
3 0.5109375 0.62890625 0.1046875 0.15234375
3 0.46015625 0.71484375 0.109375 0.1671875
3 0.58046875 0.90390625 0.1234375 0.178125
3 0.46796875 0.91328125 0.09453125 0.14453125
3 0.4140625 0.91875 0.09140625 0.10390625
3 0.7015625 0.6390625 0.08984375 0.13046875
5 0.434375 0.2828125 0.0796875 0.1171875
5 0.49296875 0.37734375 0.07578125 0.115625
5 0.57421875 0.3796875 0.07578125 0.1203125
5 0.6109375 0.2578125 0.065625 0.096875
5 0.6453125 0.50859375 0.07734375 0.1203125
5 0.6046875 0.63359375 0.08203125 0.12578125
5 0.61953125 0.8 0.0703125 0.109375
5 0.54765625 0.79765625 0.06328125 0.09375
5 0.4375 0.78046875 0.06484375 0.08828125
5 0.4296875 0.82734375 0.071875 0.09296875
5 0.52734375 0.93828125 0.0609375 0.09140625
5 0.53046875 0.978125 0.0640625 0.04375
5 0.409375 0.8765625 0.05 0.0734375
5 0.46796875 0.56484375 0.07109375 0.10234375
5 0.52890625 0.5359375 0.08515625 0.12734375
5 0.5390625 0.465625 0.06796875 0.1