3 0.5265625 0.66015625 0.075 0.11640625
3 0.58125 0.49375 0.0703125 0.103125
3 0.5046875 0.478125 0.0640625 0.08828125
3 0.46171875 0.396875 0.08125 0.11328125
3 0.4859375 0.290625 0.08125 0.1296875
3 0.3296875 0.1921875 0.096875 0.13046875
3 0.428125 0.11875 0.0703125 0.11171875
3 0.47421875 0.0828125 0.08359375 0.0578125
3 0.28984375 0.496875 0.06953125 0.096875
5 0.61953125 0.6609375 0.06171875 0.0875
5 0.54296875 0.61015625 0.0578125 0.08828125
5 0.46953125 0.6546875 0.0546875 0.0953125
5 0.46796875 0.784375 0.05078125 0.071875
5 0.3734375 0.58125 0.05703125 0.09375
5 0.378125 0.446875 0.06015625 0.09765625
5 0.321875 0.30703125 0.05234375 0.08515625
5 0.3859375 0.2671875 0.04921875 0.0703125
5 0.4890625 0.21875 0.053125 0.0609375
5 0.48359375 0.17265625 0.0609375 0.0609375
5 0.36796875 0.13125 0.04609375 0.0703125
5 0.34921875 0.07734375 0.0515625 0.0640625
5 0.4890625 0.11796875 0.03828125 0.05546875
5 0.5171875 0.42890625 0.05625 0.075
5 0.4703125 0.48984375 0.065625 0.09609375
5 0.4796875 0.55859375 0.05234375 0.075