3 0.52109375 0.65546875 0.075 0.11640625
3 0.57890625 0.49921875 0.0703125 0.103125
3 0.50546875 0.47890625 0.06328125 0.08828125
3 0.46640625 0.39765625 0.08125 0.11328125
3 0.4921875 0.29765625 0.08125 0.1296875
3 0.34453125 0.19296875 0.096875 0.13046875
3 0.44140625 0.128125 0.07109375 0.1109375
3 0.48671875 0.09609375 0.08203125 0.0609375
3 0.29765625 0.484375 0.06953125 0.096875
5 0.6109375 0.66171875 0.06171875 0.08828125
5 0.53828125 0.60859375 0.0578125 0.08828125
5 0.46640625 0.64765625 0.05546875 0.09453125
5 0.46171875 0.77265625 0.05078125 0.071875
5 0.37578125 0.57109375 0.0578125 0.09375
5 0.38359375 0.44140625 0.0609375 0.09765625
5 0.33359375 0.303125 0.05234375 0.084375
5 0.396875 0.26875 0.04921875 0.0703125
5 0.496875 0.22890625 0.05234375 0.06171875
5 0.49375 0.18359375 0.06015625 0.0625
5 0.38359375 0.13671875 0.04609375 0.0703125
5 0.36640625 0.08359375 0.0515625 0.06484375
5 0.5 0.13125 0.03828125 0.05546875
5 0.51875 0.4328125 0.05625 0.07578125
5 0.471875 0.48828125 0.06484375 0.09609375
5 0.47890625 0.55546875 0.05234375 0.075