3 0.3984375 0.5015625 0.07265625 0.103125
3 0.43203125 0.55546875 0.078125 0.115625
3 0.47578125 0.54375 0.0953125 0.13125
3 0.45 0.45390625 0.07890625 0.11484375
3 0.47421875 0.61875 0.078125 0.11875
3 0.53359375 0.7296875 0.07890625 0.11796875
3 0.63671875 0.72109375 0.0921875 0.1296875
3 0.61953125 0.4296875 0.0671875 0.1015625
3 0.5765625 0.41484375 0.06015625 0.10078125
3 0.6515625 0.49453125 0.06015625 0.103125
3 0.796875 0.57265625 0.06484375 0.08671875
3 0.86328125 0.3796875 0.0640625 0.10234375
3 0.83046875 0.32421875 0.06953125 0.1015625
3 0.91171875 0.35859375 0.0578125 0.0953125
3 0.946875 0.4109375 0.0609375 0.1078125
4 0.3640625 0.5546875 0.07578125 0.1078125
4 0.5546875 0.46953125 0.065625 0.09609375
4 0.61875 0.79609375 0.06484375 0.0984375
4 0.8828125 0.31875 0.05078125 0.0796875
5 0.4859375 0.46171875 0.06171875 0.103125
5 0.41484375 0.43671875 0.0484375 0.0921875
5 0.57109375 0.6453125 0.06640625 0.0984375
5 0.5828125 0.71953125 0.05390625 0.084375
5 0.6515625 0.85390625 0.0703125 0.10390625
5 0.6703125 0.7921875 0.05390625 0.07890625
5 0.85703125 0.71875 0.05625 0.07890625
5 0.86328125 0.7796875 0.04609375 0.084375