3 0.58125 0.6125 0.0765625 0.11015625
3 0.53046875 0.6171875 0.0828125 0.12265625
3 0.503125 0.56171875 0.10078125 0.140625
3 0.565625 0.521875 0.08359375 0.121875
3 0.46875 0.62109375 0.0828125 0.12578125
3 0.37109375 0.640625 0.08359375 0.12578125
3 0.29765625 0.52421875 0.09765625 0.13828125
3 0.44921875 0.32265625 0.07109375 0.1078125
3 0.48828125 0.35703125 0.06484375 0.10625
3 0.39375 0.3375 0.06484375 0.10859375
3 0.24765625 0.24140625 0.06875 0.09296875
3 0.28828125 0.03984375 0.06875 0.07890625
3 0.33984375 0.03671875 0.0734375 0.07265625
3 0.2609375 0.00390625 0.0625 0.0078125
3 0.2109375 0.00859375 0.065625 0.01640625
4 0.58203125 0.68984375 0.0796875 0.115625
4 0.47890625 0.421875 0.06953125 0.10234375
4 0.27578125 0.6 0.06953125 0.1046875
5 0.534375 0.48984375 0.065625 0.10859375
5 0.6 0.54609375 0.05234375 0.096875
5 0.3828125 0.5375 0.0703125 0.1046875
5 0.3390625 0.58046875 0.0578125 0.0890625
5 0.2234375 0.6078125 0.075 0.11015625
5 0.2390625 0.5421875 0.05703125 0.084375
5 0.1328125 0.2875 0.059375 0.084375
5 0.09921875 0.3265625 0.04921875 0.08828125