3 0.78515625 0.690625 0.06640625 0.09921875
3 0.7765625 0.7484375 0.071875 0.0953125
3 0.73828125 0.73359375 0.07109375 0.1015625
3 0.703125 0.71328125 0.0703125 0.10078125
3 0.73671875 0.60234375 0.0625 0.0921875
3 0.765625 0.60859375 0.04140625 0.0734375
3 0.75546875 0.65859375 0.059375 0.08359375
3 0.65625 0.65625 0.06953125 0.1046875
3 0.61015625 0.74375 0.07265625 0.10390625
3 0.67734375 0.79765625 0.07265625 0.10703125
3 0.528125 0.70625 0.06484375 0.0953125
3 0.56875 0.64453125 0.075 0.1171875
3 0.41328125 0.70234375 0.0734375 0.10546875
3 0.51796875 0.49609375 0.075 0.11328125
3 0.4734375 0.4640625 0.065625 0.08984375
3 0.46328125 0.409375 0.0546875 0.07734375
3 0.40625 0.440625 0.07890625 0.11875
3 0.34921875 0.5609375 0.08046875 0.1171875
3 0.3484375 0.63984375 0.0765625 0.11328125
3 0.2484375 0.57109375 0.07421875 0.1109375
3 0.26640625 0.70546875 0.084375 0.121875
3 0.30703125 0.40546875 0.06484375 0.096875
3 0.10546875 0.3953125 0.07421875 0.1125
3 0.06328125 0.515625 0.07265625 0.1078125
4 0.6 0.66328125 0.07734375 0.11015625
4 0.62734375 0.775 0.06875 0.09609375
4 0.52890625 0.62734375 0.07109375 0.1078125
4 0.4953125 0.54765625 0.06015625 0.09609375
5 0.1625 0.3875 0.065625 0.1015625
5 0.1484375 0.46640625 0.0578125 0.0890625
4 0.103125 0.459375 0.06953125 0.10078125
5 0.16640625 0.496875 0.053125 0.075
5 0.12578125 0.525 0.0453125 0.0609375
5 0.14765625 0.53984375 0.05078125 0.065625
5 0.15 0.57578125 0.06953125 0.09453125
5 0.0796875 0.5328125 0.06796875 0.1046875
5 0.26484375 0.51875 0.0546875 0.078125
5 0.29375 0.57421875 0.06796875 0.10234375
5 0.38359375 0.48671875 0.06875 0.096875
5 0.39765625 0.53125 0.06015625 0.078125
5 0.43203125 0.5765625 0.05859375 0.08828125
5 0.403125 0.63046875 0.0625 0.09296875
5 0.4421875 0.65234375 0.0515625 0.0765625
5 0.66328125 0.6140625 0.05703125 0.08671875
5 0.66015625 0.72421875 0.05625 0.0859375