3 0.61171875 0.30234375 0.06875 0.10703125
3 0.5625 0.3390625 0.08671875 0.12734375
3 0.509375 0.421875 0.0671875 0.0890625
3 0.56953125 0.57265625 0.07421875 0.1171875
3 0.46796875 0.64453125 0.06640625 0.10078125
5 0.6515625 0.2671875 0.05546875 0.08046875
5 0.634375 0.33203125 0.04765625 0.0703125
5 0.465625 0.3796875 0.04375 0.06171875
5 0.61875 0.05 0.0453125 0.06171875
5 0.61171875 0.090625 0.0375 0.05546875
5 0.571875 0.128125 0.0625 0.090625
5 0.57734375 0.0625 0.05625 0.0734375
5 0.54453125 0.07578125 0.05390625 0.06953125
5 0.50703125 0.09296875 0.04921875 0.065625
5 0.5140625 0.196875 0.05078125 0.071875
5 0.5734375 0.24453125 0.03125 0.04765625
5 0.52265625 0.2671875 0.0390625 0.0625
5 0.45546875 0.446875 0.05546875 0.08046875
5 0.49921875 0.475 0.04921875 0.07421875
5 0.52890625 0.51015625 0.0453125 0.0609375
5 0.6046875 0.72265625 0.05234375 0.08359375
5 0.49921875 0.7859375 0.0484375 0.075
5 0.46328125 0.8171875 0.059375 0.0921875
5 0.45546875 0.8828125 0.05625 0.08671875
5 0.52265625 0.8921875 0.03984375 0.04375
4 0.4859375 0.7296875 0.06796875 0.09609375