3 0.67890625 0.65859375 0.09296875 0.13125
3 0.671875 0.5625 0.075 0.10546875
3 0.62734375 0.521875 0.0640625 0.10546875
3 0.59140625 0.37421875 0.06875 0.10078125
3 0.471875 0.1125 0.0703125 0.09375
3 0.571875 0.7078125 0.08203125 0.121875
5 0.60078125 0.93515625 0.0609375 0.059375
5 0.6703125 0.7984375 0.059375 0.08203125
5 0.75234375 0.6703125 0.0578125 0.0953125
5 0.66875 0.64453125 0.0578125 0.08125
5 0.61015625 0.63671875 0.05703125 0.0859375
5 0.59453125 0.6890625 0.059375 0.08359375
5 0.48515625 0.571875 0.05078125 0.08046875
5 0.45234375 0.46875 0.05 0.07421875
5 0.41640625 0.44296875 0.05390625 0.084375
5 0.50703125 0.44921875 0.0515625 0.08125
5 0.490625 0.3859375 0.0484375 0.078125
5 0.5390625 0.325 0.06484375 0.09921875
5 0.4671875 0.3046875 0.034375 0.0484375
4 0.5375 0.16328125 0.07265625 0.10546875
5 0.33671875 0.434375 0.0515625 0.0734375