3 0.3140625 0.328125 0.05546875 0.075
4 0.34375 0.73046875 0.03984375 0.06640625
4 0.26875 0.5515625 0.05390625 0.08125
4 0.35859375 0.31953125 0.04609375 0.06484375
5 0.3375 0.20546875 0.03984375 0.05546875
5 0.29140625 0.29453125 0.04296875 0.0671875
5 0.3359375 0.26484375 0.03515625 0.0609375
5 0.3640625 0.27421875 0.034375 0.0390625
5 0.3890625 0.3359375 0.0328125 0.05859375
5 0.40625 0.41015625 0.0390625 0.0609375
5 0.3828125 0.44765625 0.0328125 0.04765625
5 0.37890625 0.515625 0.03203125 0.05390625
5 0.2828125 0.446875 0.03984375 0.0578125
5 0.24609375 0.42578125 0.040625 0.06484375
5 0.28671875 0.66328125 0.040625 0.05859375
5 0.24921875 0.5953125 0.034375 0.05625
5 0.31171875 0.7078125 0.0390625 0.05