3 0.209375 0.459375 0.07265625 0.10546875
3 0.12890625 0.671875 0.07265625 0.09921875
3 0.38125 0.48828125 0.059375 0.08671875
3 0.36328125 0.540625 0.05234375 0.07578125
3 0.4421875 0.6328125 0.05 0.0796875
3 0.48125 0.51875 0.05625 0.0640625
3 0.371875 0.171875 0.0640625 0.07578125
3 0.353125 0.109375 0.06640625 0.0609375
3 0.44296875 0.31328125 0.05859375 0.08671875
3 0.45703125 0.38984375 0.04296875 0.078125
3 0.52578125 0.42265625 0.05234375 0.08359375
3 0.58125 0.43359375 0.046875 0.075
3 0.6109375 0.4875 0.05703125 0.07578125
3 0.63046875 0.39375 0.0421875 0.06875
3 0.67421875 0.45 0.05546875 0.06953125
3 0.68359375 0.35625 0.04765625 0.06875
3 0.71171875 0.675 0.04765625 0.08671875
3 0.75078125 0.69296875 0.06640625 0.08671875
5 0.77734375 0.45078125 0.0375 0.06640625
5 0.76328125 0.5125 0.0421875 0.06953125
5 0.321875 0.515625 0.03984375 0.06484375
5 0.29765625 0.4875 0.0453125 0.05625
5 0.3359375 0.4109375 0.0375 0.05
5 0.36796875 0.38046875 0.03046875 0.04765625
5 0.4 0.4078125 0.04296875 0.06015625
5 0.37109375 0.27109375 0.0546875 0.0640625
5 0.396875 0.3265625 0.04296875 0.06484375
5 0.48984375 0.38203125 0.05546875 0.08203125
5 0.42109375 0.1953125 0.0359375 0.04765625
5 0.47109375 0.221875 0.0421875 0.05390625
5 0.503125 0.203125 0.0296875 0.05
5 0.56328125 0.35625 0.05 0.078125
5 0.71953125 0.26328125 0.0515625 0.07578125
5 0.77265625 0.21171875 0.0484375 0.06875