3 0.81953125 0.57890625 0.075 0.109375
3 0.903125 0.3625 0.07421875 0.103125
3 0.64375 0.546875 0.0609375 0.08984375
3 0.6625 0.49375 0.0546875 0.078125
3 0.58203125 0.39765625 0.0515625 0.08203125
3 0.54140625 0.515625 0.0578125 0.06484375
3 0.6515625 0.87109375 0.06484375 0.078125
3 0.66953125 0.9359375 0.06796875 0.0640625
3 0.5796875 0.725 0.0609375 0.08984375
3 0.565625 0.646875 0.0453125 0.08125
3 0.4953125 0.6125 0.05390625 0.08671875
3 0.43828125 0.60078125 0.0484375 0.07578125
3 0.4078125 0.54453125 0.059375 0.0796875
3 0.38828125 0.640625 0.04375 0.06953125
3 0.34375 0.5828125 0.05703125 0.07265625
3 0.3328125 0.67734375 0.0484375 0.06953125
3 0.30703125 0.35234375 0.0484375 0.08984375
3 0.26640625 0.3328125 0.06796875 0.08984375
5 0.23828125 0.5796875 0.0390625 0.06640625
5 0.253125 0.51640625 0.04296875 0.07265625
5 0.7046875 0.5203125 0.04140625 0.0671875
5 0.72890625 0.5484375 0.04609375 0.0578125
5 0.68984375 0.62734375 0.0390625 0.0515625
5 0.65625 0.6578125 0.03203125 0.04921875
5 0.62421875 0.62890625 0.04375 0.0625
5 0.65234375 0.76953125 0.05625 0.06640625
5 0.62734375 0.7125 0.0453125 0.0671875
5 0.53203125 0.6546875 0.05703125 0.084375
5 0.60078125 0.84609375 0.03671875 0.05
5 0.54921875 0.81875 0.04296875 0.05625
5 0.5171875 0.83671875 0.03125 0.0515625
5 0.45703125 0.6796875 0.0515625 0.08203125
5 0.29609375 0.771875 0.053125 0.078125
5 0.2421875 0.82421875 0.05078125 0.06953125