3 0.6796875 0.43125 0.1078125 0.1671875
3 0.61328125 0.36171875 0.0921875 0.12109375
3 0.5390625 0.33203125 0.08828125 0.12421875
3 0.59609375 0.43046875 0.09921875 0.1484375
3 0.5375 0.4828125 0.0734375 0.096875
3 0.478125 0.4046875 0.08984375 0.13828125
3 0.40546875 0.39375 0.09375 0.13359375
3 0.35703125 0.484375 0.078125 0.1203125
3 0.46953125 0.5125 0.08125 0.128125
3 0.54140625 0.58671875 0.0984375 0.14375
3 0.45546875 0.62421875 0.0875 0.1203125
3 0.4625 0.728125 0.09296875 0.12265625
4 0.41640625 0.54140625 0.07421875 0.121875
5 0.3828125 0.590625 0.0703125 0.1171875