3 0.30390625 0.58671875 0.121875 0.18828125
3 0.3796875 0.6640625 0.10390625 0.1359375
3 0.46171875 0.6953125 0.09921875 0.13984375
3 0.39765625 0.5859375 0.11171875 0.1671875
3 0.46328125 0.52734375 0.0828125 0.10859375
3 0.53046875 0.61328125 0.10078125 0.15546875
3 0.6109375 0.62421875 0.10546875 0.15
3 0.66484375 0.521875 0.08828125 0.13515625
3 0.53828125 0.49296875 0.09140625 0.14453125
3 0.4578125 0.4109375 0.1109375 0.1625
3 0.55390625 0.3671875 0.0984375 0.13515625
3 0.5453125 0.2515625 0.1046875 0.13828125
4 0.59765625 0.459375 0.08359375 0.1375
5 0.63515625 0.40390625 0.07890625 0.13203125