3 0.7359375 0.109375 0.05546875 0.0796875
3 0.68828125 0.0171875 0.065625 0.034375
3 0.74375 0.16640625 0.06171875 0.07578125
3 0.78203125 0.34140625 0.046875 0.07265625
3 0.75859375 0.4109375 0.059375 0.08203125
3 0.73125 0.465625 0.065625 0.08359375
3 0.6734375 0.58828125 0.0671875 0.09296875
3 0.66640625 0.6640625 0.0671875 0.0953125
3 0.528125 0.61171875 0.06875 0.103125
3 0.5296875 0.71484375 0.075 0.1078125
3 0.13203125 0.53671875 0.06484375 0.0859375
3 0.14375 0.609375 0.0796875 0.11171875
3 0.203125 0.99609375 0.0609375 0.00625
3 0.46640625 0.1890625 0.06171875 0.08671875
5 0.61328125 0.7171875 0.06015625 0.09296875
5 0.6171875 0.6390625 0.053125 0.0796875
5 0.590625 0.87109375 0.0515625 0.08359375
5 0.5078125 0.86015625 0.04375 0.0609375
5 0.6640625 0.09296875 0.05 0.07578125
5 0.8265625 0.11015625 0.05234375 0.0734375
5 0.4375 0.23125 0.05 0.078125
4 0.58125 0.1546875 0.053125 0.07734375
4 0.23046875 0.7375 0.0484375 0.06640625
4 0.209375 0.771875 0.05234375 0.08359375
5 0.20625 0.97265625 0.046875 0.05234375
5 0.165625 0.68828125 0.04140625 0.06484375
5 0.13828125 0.66640625 0.0375 0.05859375
5 0.1125 0.69609375 0.03984375 0.07109375
5 0.165625 0.7359375 0.04296875 0.0671875
5 0.1390625 0.78671875 0.03984375 0.0609375
5 0.246875 0.71484375 0.03984375 0.06015625