3 0.390625 0.7171875 0.12421875 0.16875
3 0.3671875 0.57734375 0.15546875 0.2328125
3 0.63828125 0.80859375 0.13203125 0.19140625
3 0.77421875 0.78203125 0.09453125 0.1421875
3 0.70390625 0.53828125 0.1375 0.1984375
3 0.51484375 0.353125 0.1109375 0.16640625
4 0.1953125 0.30234375 0.1 0.14921875
4 0.2390625 0.25625 0.109375 0.13515625
5 0.1578125 0.359375 0.0796875 0.10546875
5 0.31796875 0.4203125 0.09296875 0.13984375
5 0.32578125 0.31015625 0.08359375 0.1296875
5 0.3796875 0.4671875 0.0796875 0.1203125
5 0.3828125 0.22890625 0.0765625 0.11484375
5 0.47734375 0.2671875 0.1046875 0.1421875
5 0.43515625 0.15546875 0.08359375 0.11484375
5 0.5125 0.6703125 0.09609375 0.14453125
5 0.57265625 0.6984375 0.09296875 0.1421875
5 0.6796875 0.8703125 0.09140625 0.12734375
5 0.93671875 0.62109375 0.115625 0.16875
5 0.84453125 0.7796875 0.09765625 0.13203125
5 0.69921875 0.721875 0.08515625 0.13984375
5 0.79296875 0.1765625 0.1125 0.171875
5 0.85859375 0.1078125 0.09296875 0.15703125
5 0.78984375 0.0640625 0.103125 0.12734375
5 0.8296875 0.0125 0.08203125 0.02421875
5 0.80546875 0.27109375 0.09140625 0.125