3 0.1796875 0.78984375 0.07890625 0.11171875
3 0.07734375 0.54375 0.0859375 0.1234375
3 0.37578125 0.73203125 0.084375 0.12109375
3 0.3515625 0.65390625 0.06640625 0.096875
3 0.43515625 0.540625 0.06796875 0.09296875
3 0.30859375 0.32109375 0.059375 0.0859375
3 0.46015625 0.09375 0.0703125 0.096875
3 0.4546875 0.9265625 0.06875 0.1125
3 0.54609375 0.7921875 0.06484375 0.10625
3 0.4859375 0.66875 0.0546875 0.08203125
3 0.5953125 0.73984375 0.05390625 0.08125
3 0.63046875 0.69140625 0.05546875 0.08984375
3 0.66015625 0.78984375 0.03984375 0.06953125
3 0.721875 0.82421875 0.05859375 0.08203125
3 0.70625 0.725 0.0515625 0.084375
3 0.73046875 0.45703125 0.046875 0.0953125
3 0.7765625 0.434375 0.07734375 0.09453125
3 0.93203125 0.62890625 0.04921875 0.1078125
3 0.97265625 0.63203125 0.05234375 0.109375
5 0.38046875 0.95859375 0.06328125 0.08125
5 0.3265625 0.82890625 0.05 0.075
5 0.40078125 0.8171875 0.059375 0.08359375
5 0.390625 0.909375 0.0546875 0.08359375
5 0.42421875 0.875 0.0484375 0.0734375
5 0.4984375 0.8328125 0.06796875 0.08671875
5 0.58359375 0.84921875 0.05546875 0.08125
5 0.3046875 0.70546875 0.0453125 0.06953125
5 0.26953125 0.5109375 0.04375 0.0640625
5 0.37265625 0.58828125 0.03984375 0.0640625
5 0.81796875 0.7 0.04609375 0.08671875