3 0.09296875 0.44375 0.078125 0.1203125
3 0.25625 0.3671875 0.0796875 0.109375
3 0.2640625 0.453125 0.06796875 0.09921875
3 0.37109375 0.37421875 0.0671875 0.0921875
3 0.30625 0.2546875 0.07578125 0.1125
3 0.378125 0.24140625 0.08125 0.12265625
3 0.434375 0.26015625 0.05234375 0.0796875
3 0.46953125 0.27734375 0.05703125 0.08671875
3 0.48671875 0.2484375 0.04609375 0.07265625
3 0.471875 0.19375 0.04921875 0.07109375
3 0.51015625 0.1375 0.06015625 0.08125
3 0.521875 0.215625 0.05703125 0.08828125
3 0.60703125 0.39921875 0.06171875 0.09921875
3 0.64375 0.39609375 0.06640625 0.0953125
3 0.7546875 0.13515625 0.06875 0.103125
3 0.796875 0.45859375 0.046875 0.0734375
3 0.8296875 0.44765625 0.05546875 0.08359375
3 0.84140625 0.3921875 0.0453125 0.0734375
3 0.878125 0.40546875 0.053125 0.078125
3 0.31796875 0.74140625 0.06015625 0.08359375
3 0.48671875 0.82421875 0.07109375 0.09921875
3 0.25703125 0.97890625 0.05625 0.040625
5 0.2015625 0.93046875 0.03359375 0.0625
5 0.2328125 0.77421875 0.0375 0.05390625
5 0.20390625 0.76015625 0.0421875 0.06015625
5 0.1984375 0.8140625 0.04765625 0.06484375
5 0.221875 0.83984375 0.03671875 0.05234375
5 0.25234375 0.84140625 0.05 0.06953125
5 0.2390625 0.615625 0.04140625 0.0625
5 0.29921875 0.49140625 0.04296875 0.06640625
5 0.2109375 0.4390625 0.04609375 0.07109375
5 0.37421875 0.346875 0.0359375 0.05390625
5 0.39140625 0.3 0.0390625 0.05390625
5 0.2578125 0.29921875 0.0515625 0.07578125
5 0.22109375 0.28828125 0.0421875 0.0625
5 0.19921875 0.3296875 0.05078125 0.07109375
5 0.5234375 0.83515625 0.05 0.075
5 0.559375 0.82265625 0.0515625 0.0796875
5 0.5671875 0.8828125 0.05390625 0.075
5 0.53046875 0.884375 0.0359375 0.04765625
5 0.4828125 0.89921875 0.0421875 0.06015625
5 0.50390625 0.9125 0.03203125 0.0453125
5 0.803125 0.36484375 0.04765625 0.06875
5 0.815625 0.40390625 0.0390625 0.0578125
5 0.9015625 0.61875 0.0453125 0.0640625
5 0.61328125 0.1625 0.0515625 0.08203125
5 0.6828125 0.07265625 0.0515625 0.08203125
5 0.61171875 0.22578125 0.03984375 0.06875
5 0.61015625 0.2828125 0.0390625 0.0609375