3 0.12109375 0.38046875 0.04140625 0.0625
3 0.1890625 0.3765625 0.04765625 0.075
3 0.2265625 0.3734375 0.05234375 0.07109375
3 0.246875 0.31640625 0.04296875 0.06875
3 0.28515625 0.3515625 0.04921875 0.05859375
3 0.30546875 0.29453125 0.05390625 0.075
3 0.33671875 0.79296875 0.059375 0.090625
3 0.51015625 0.625 0.0640625 0.090625
3 0.61171875 0.48125 0.05703125 0.07265625
5 0.28203125 0.57578125 0.0390625 0.05859375
5 0.29921875 0.62109375 0.03125 0.0453125
5 0.30234375 0.6578125 0.02890625 0.04296875
5 0.32734375 0.65234375 0.03046875 0.04296875
5 0.359375 0.62109375 0.0453125 0.06875
5 0.38828125 0.5828125 0.0359375 0.05546875
5 0.4140625 0.6 0.02890625 0.040625
5 0.42734375 0.5625 0.0375 0.05390625
5 0.37578125 0.4609375 0.0359375 0.04921875
5 0.36015625 0.49296875 0.03671875 0.046875
5 0.334375 0.53203125 0.04140625 0.0640625
5 0.209375 0.28203125 0.04375 0.0640625