3 0.79609375 0.97265625 0.0484375 0.0515625
3 0.73671875 0.92734375 0.05625 0.08671875
3 0.70234375 0.89609375 0.06015625 0.08359375
3 0.66171875 0.92734375 0.0515625 0.0796875
3 0.6421875 0.8625 0.05546875 0.07265625
3 0.60234375 0.89375 0.06171875 0.08828125
3 0.77265625 0.43125 0.06953125 0.10546875
3 0.55546875 0.42265625 0.0734375 0.1078125
3 0.40859375 0.45625 0.06484375 0.08671875
5 0.734375 0.66953125 0.04609375 0.06953125
5 0.73671875 0.61484375 0.0359375 0.05390625
5 0.7484375 0.5796875 0.0328125 0.04921875
5 0.72578125 0.5625 0.034375 0.0515625
5 0.68515625 0.5609375 0.0515625 0.078125
5 0.64453125 0.56875 0.04140625 0.0640625
5 0.62890625 0.5296875 0.03359375 0.04765625
5 0.60234375 0.5515625 0.04296875 0.0640625
5 0.60625 0.6859375 0.040625 0.0578125
5 0.63359375 0.67265625 0.04140625 0.05625
5 0.67109375 0.66015625 0.04921875 0.0734375
5 0.68046875 0.97578125 0.05078125 0.0453125