0 0.8078125 0.48828125 0.05625 0.07265625
0 0.8203125 0.7078125 0.046875 0.071875
0 0.79921875 0.76171875 0.053125 0.0671875
0 0.83671875 0.78203125 0.04140625 0.04453125
0 0.8234375 0.83984375 0.03515625 0.04609375
0 0.86953125 0.1734375 0.05546875 0.0734375
0 0.9765625 0.203125 0.046875 0.06015625
0 0.72578125 0.44609375 0.05390625 0.08125
0 0.69609375 0.4515625 0.04765625 0.07109375
0 0.65625 0.42421875 0.05703125 0.084375
0 0.57578125 0.42265625 0.0515625 0.06796875
0 0.571875 0.5359375 0.05 0.075
0 0.58671875 0.19453125 0.04921875 0.06875
0 0.56796875 0.2453125 0.04765625 0.05
0 0.46953125 0.5265625 0.03515625 0.05546875
0 0.4453125 0.5609375 0.04453125 0.06796875
0 0.3921875 0.5109375 0.05703125 0.07890625
0 0.434375 0.459375 0.04453125 0.06796875
0 0.36484375 0.58515625 0.046875 0.06953125
0 0.26640625 0.453125 0.05859375 0.08125
0 0.2359375 0.37734375 0.0609375 0.08515625
0 0.31328125 0.71484375 0.03828125 0.0578125
0 0.23359375 0.015625 0.0578125 0.03125
1 0.925 0.7375 0.040625 0.0609375
1 0.89375 0.6609375 0.03515625 0.05
1 0.903125 0.815625 0.034375 0.0515625
1 0.89765625 0.8546875 0.046875 0.0640625
1 0.878125 0.91015625 0.0421875 0.05
1 0.853125 0.875 0.04296875 0.06640625
1 0.83671875 0.8265625 0.0484375 0.07421875
1 0.85859375 0.778125 0.0359375 0.04921875
1 0.7953125 0.7 0.03359375 0.05
1 0.7984375 0.6359375 0.03515625 0.05234375
1 0.87890625 0.5703125 0.034375 0.0546875
1 0.7296875 0.49765625 0.034375 0.053125
1 0.79921875 0.425 0.03984375 0.059375
1 0.72421875 0.39375 0.03828125 0.0578125
1 0.66640625 0.41953125 0.02734375 0.04609375
1 0.92421875 0.37421875 0.02734375 0.03984375
1 0.9296875 0.2046875 0.0421875 0.06796875
1 0.60625 0.16171875 0.03515625 0.05078125
1 0.5671875 0.13203125 0.0375 0.0546875
1 0.4421875 0.090625 0.0359375 0.05
1 0.38828125 0.134375 0.02578125 0.03984375
1 0.365625 0.0921875 0.0390625 0.05859375
1 0.38671875 0.08671875 0.0265625 0.04140625
2 0.3296875 0.109375 0.04921875 0.07109375
1 0.39140625 0.2046875 0.040625 0.06171875
1 0.3375 0.20390625 0.040625 0.0625
1 0.30234375 0.13828125 0.04140625 0.05703125
1 0.428125 0.3234375 0.03359375 0.0515625
1 0.42265625 0.428125 0.03203125 0.046875
1 0.38828125 0.44921875 0.0359375 0.05234375
1 0.29921875 0.46796875 0.03203125 0.06171875
1 0.3453125 0.54375 0.0390625 0.05625
1 0.34375 0.61328125 0.0390625 0.0546875
1 0.36953125 0.64453125 0.0375 0.0546875
1 0.340625 0.65234375 0.03359375 0.046875
1 0.3421875 0.7640625 0.040625 0.0671875