0 0.1890625 0.559375 0.0359375 0.05390625
0 0.18984375 0.5078125 0.040625 0.0578125
0 0.15859375 0.51015625 0.028125 0.0421875
0 0.15078125 0.46328125 0.03671875 0.0484375
0 0.10390625 0.54296875 0.0359375 0.04453125
0 0.29296875 0.6484375 0.0421875 0.059375
0 0.30625 0.69765625 0.02890625 0.0421875
0 0.271875 0.71875 0.0359375 0.05546875
0 0.353125 0.70234375 0.04140625 0.05234375
0 0.3703125 0.67109375 0.03046875 0.04765625
0 0.40546875 0.66953125 0.0390625 0.0625
0 0.52734375 0.79765625 0.03125 0.05234375
0 0.525 0.75625 0.03359375 0.040625
0 0.55703125 0.725 0.02421875 0.03515625
0 0.46953125 0.6109375 0.03515625 0.0546875
0 0.440625 0.52109375 0.0375 0.05234375
0 0.47578125 0.51953125 0.02734375 0.05546875
0 0.528125 0.42109375 0.034375 0.0453125
0 0.5203125 0.4640625 0.03515625 0.04765625
0 0.584375 0.4234375 0.0359375 0.05546875
0 0.56484375 0.49375 0.028125 0.05546875
0 0.60390625 0.484375 0.03359375 0.04453125
0 0.58359375 0.3484375 0.03359375 0.04609375
0 0.534375 0.26875 0.02734375 0.0390625
0 0.58359375 0.2109375 0.028125 0.040625
0 0.70078125 0.384375 0.046875 0.0625
0 0.6671875 0.43203125 0.034375 0.03828125
0 0.7484375 0.421875 0.046875 0.0640625
0 0.68828125 0.56796875 0.0453125 0.04140625
0 0.69921875 0.61953125 0.02890625 0.03125
0 0.696875 0.6390625 0.0359375 0.0328125
0 0.86640625 0.725 0.03828125 0.05546875
2 0.75546875 0.69296875 0.03828125 0.05625
2 0.50390625 0.834375 0.021875 0.03828125
2 0.403125 0.51875 0.0375 0.05
1 0.0875 0.44296875 0.03046875 0.0390625
1 0.11796875 0.45234375 0.0296875 0.04609375
1 0.1453125 0.4765625 0.034375 0.04921875
1 0.14296875 0.52890625 0.02421875 0.03515625
1 0.08828125 0.49609375 0.03125 0.05
1 0.09609375 0.53203125 0.02734375 0.03515625
1 0.10234375 0.60546875 0.028125 0.0421875
1 0.15 0.64375 0.025 0.03671875
1 0.215625 0.5484375 0.0265625 0.0390625
1 0.23125 0.5984375 0.02265625 0.03828125
1 0.28125 0.54375 0.02734375 0.040625
1 0.2359375 0.528125 0.01796875 0.028125
1 0.2625 0.596875 0.01796875 0.03125
1 0.1890625 0.70625 0.025 0.0375
1 0.3265625 0.6609375 0.025 0.040625
1 0.29296875 0.7640625 0.02890625 0.04453125
1 0.36171875 0.7359375 0.03046875 0.04609375
1 0.39921875 0.68046875 0.02265625 0.03828125
1 0.50390625 0.79609375 0.021875 0.04140625
1 0.5234375 0.8390625 0.02265625 0.03515625
1 0.5625 0.83828125 0.02578125 0.0359375
1 0.67109375 0.7828125 0.025 0.034375
1 0.73203125 0.73125 0.02890625 0.040625
1 0.71875 0.74609375 0.0203125 0.034375
1 0.70234375 0.715625 0.01953125 0.0265625
1 0.67890625 0.66171875 0.03046875 0.04765625
1 0.71953125 0.62421875 0.03046875 0.04375
1 0.76640625 0.65 0.02734375 0.03515625
1 0.67109375 0.38515625 0.02578125 0.0359375
1 0.6125 0.36328125 0.028125 0.0375
1 0.5921875 0.3078125 0.03046875 0.04453125
1 0.56328125 0.3046875 0.028125 0.04375
1 0.58515625 0.278125 0.02734375 0.0328125
1 0.54921875 0.18984375 0.03046875 0.04296875
1 0.51796875 0.321875 0.021875 0.0421875
1 0.44375 0.3171875 0.02578125 0.040625
1 0.6203125 0.43671875 0.0171875 0.03046875
1 0.55546875 0.44765625 0.02421875 0.0328125
1 0.58828125 0.50546875 0.0234375 0.040625
1 0.60859375 0.46484375 0.02734375 0.04140625
1 0.475 0.565625 0.02421875 0.03125
2 0.1984375 0.89453125 0.02421875 0.04296875
1 0.2125 0.8875 0.01796875 0.02578125