1 0.1953125 0.0453125 0.034375 0.05234375
1 0.23828125 0.04375 0.034375 0.05
1 0.24765625 0.09296875 0.03515625 0.0515625
1 0.2234375 0.0109375 0.02421875 0.021875
1 0.184375 0.08203125 0.028125 0.0453125
1 0.21953125 0.1296875 0.02578125 0.0375
1 0.153125 0.1453125 0.0296875 0.04296875
1 0.1703125 0.22421875 0.028125 0.04140625
1 0.26484375 0.221875 0.02734375 0.04140625
1 0.25234375 0.28046875 0.028125 0.03828125
1 0.31484375 0.29453125 0.028125 0.0390625
1 0.16953125 0.3140625 0.025 0.0390625
1 0.21875 0.46953125 0.03046875 0.04609375
1 0.29375 0.428125 0.02734375 0.04375
1 0.284375 0.521875 0.0328125 0.04296875
1 0.33984375 0.52109375 0.02421875 0.0375
1 0.3640625 0.728125 0.02578125 0.03984375
1 0.3546875 0.778125 0.03046875 0.03828125
1 0.38515625 0.82109375 0.02890625 0.0390625
1 0.55703125 0.81484375 0.03203125 0.04765625
1 0.49375 0.89921875 0.025 0.0375
1 0.55 0.8796875 0.01484375 0.02578125
1 0.54296875 0.921875 0.0171875 0.03125
1 0.56484375 0.9265625 0.0296875 0.04375
1 0.6296875 0.90234375 0.028125 0.040625
1 0.6046875 0.8328125 0.03046875 0.05
1 0.6625 0.83359375 0.0234375 0.04296875
1 0.51171875 0.7 0.01875 0.03984375
1 0.54140625 0.69296875 0.02734375 0.04140625
1 0.56328125 0.59609375 0.02578125 0.04375
1 0.5984375 0.59140625 0.025 0.03984375
1 0.62265625 0.58046875 0.0203125 0.03046875
1 0.68203125 0.6046875 0.02890625 0.04921875
1 0.653125 0.5203125 0.02734375 0.04609375
1 0.66484375 0.45546875 0.03203125 0.04609375
1 0.66953125 0.4203125 0.02265625 0.03359375
1 0.64609375 0.4234375 0.0359375 0.046875
1 0.6 0.37890625 0.02578125 0.0359375
1 0.68984375 0.3203125 0.02890625 0.0484375
1 0.55 0.3 0.0328125 0.0390625
1 0.571875 0.52109375 0.021875 0.03984375
1 0.53515625 0.53984375 0.0265625 0.03515625
1 0.4515625 0.51953125 0.025 0.0375
1 0.065625 0.62890625 0.03359375 0.05859375
0 0.02109375 0.61640625 0.034375 0.05625
0 0.1078125 0.684375 0.040625 0.0625
0 0.25234375 0.0875 0.04765625 0.06328125
0 0.184375 0.09765625 0.040625 0.03828125
0 0.24140625 0.1328125 0.034375 0.04921875
0 0.26484375 0.15859375 0.046875 0.06328125
0 0.23984375 0.203125 0.0390625 0.0546875
0 0.27578125 0.3828125 0.0421875 0.06171875
0 0.22421875 0.4109375 0.04140625 0.05546875
0 0.25625 0.4375 0.040625 0.046875
0 0.29140625 0.4828125 0.0359375 0.04921875
0 0.32109375 0.4875 0.03515625 0.04609375
0 0.353125 0.521875 0.03984375 0.05625
0 0.44609375 0.4484375 0.0359375 0.059375
2 0.41953125 0.4015625 0.0453125 0.0625
0 0.42578125 0.54609375 0.040625 0.0609375
0 0.475 0.48671875 0.03203125 0.0484375
0 0.53515625 0.490625 0.0328125 0.05
0 0.56328125 0.4671875 0.034375 0.05
0 0.60234375 0.534375 0.04453125 0.06796875
0 0.63984375 0.47265625 0.034375 0.05546875
0 0.5546875 0.56015625 0.0296875 0.04609375
0 0.5859375 0.60546875 0.02890625 0.04140625
0 0.71171875 0.63203125 0.0484375 0.0703125
0 0.72734375 0.7125 0.04921875 0.06953125
0 0.6109375 0.75546875 0.0453125 0.046875
0 0.6046875 0.8125 0.04453125 0.03671875
0 0.58203125 0.81640625 0.025 0.059375
2 0.60234375 0.91796875 0.034375 0.0484375
0 0.98203125 0.49453125 0.03359375 0.06640625
0 0.7046875 0.37109375 0.028125 0.04375
0 0.9390625 0.5578125 0.03359375 0.05546875
2 0.3453125 0.75234375 0.02421875 0.03984375
0 0.3765625 0.7515625 0.034375 0.04765625
0 0.39609375 0.72109375 0.03359375 0.0515625
0 0.4359375 0.7328125 0.01953125 0.034375
0 0.64140625 0.36328125 0.0296875 0.040625