3 0.61484375 0.025 0.0890625 0.05
3 0.7671875 0.55546875 0.10078125 0.14921875
3 0.703125 0.6015625 0.08671875 0.1296875
3 0.7375 0.69453125 0.10703125 0.15703125
3 0.61328125 0.63359375 0.0921875 0.1375
3 0.57734375 0.696875 0.0859375 0.13125
3 0.5125 0.71875 0.10390625 0.16328125
3 0.40546875 0.871875 0.10078125 0.15078125
3 0.24296875 0.5328125 0.09140625 0.13515625
3 0.25234375 0.61328125 0.0890625 0.1234375
5 0.715625 0.0015625 0.090625 0.003125
5 0.93125 0.5296875 0.07421875 0.1140625
5 0.71328125 0.46953125 0.07890625 0.125
5 0.58125 0.57265625 0.084375 0.12109375
5 0.6703125 0.6890625 0.07578125 0.11484375
5 0.5203125 0.69453125 0.05703125 0.09296875
5 0.16015625 0.47578125 0.07109375 0.10546875
5 0.2390625 0.43828125 0.06640625 0.09921875
5 0.2828125 0.52109375 0.06640625 0.10625