3 0.7921875 0.47890625 0.11015625 0.1640625
3 0.721875 0.4265625 0.09453125 0.1421875
3 0.76015625 0.32578125 0.11796875 0.171875
3 0.6234375 0.390625 0.1015625 0.15078125
3 0.584375 0.3203125 0.09375 0.14375
3 0.5140625 0.2953125 0.11328125 0.17890625
3 0.39921875 0.12578125 0.11015625 0.165625
3 0.2171875 0.49375 0.1 0.146875
3 0.228125 0.40546875 0.09765625 0.1375
5 0.96484375 0.51015625 0.06953125 0.125
5 0.7328125 0.57265625 0.0875 0.1375
5 0.58828125 0.45625 0.0921875 0.13515625
5 0.68671875 0.33125 0.08359375 0.12734375
5 0.5234375 0.321875 0.06328125 0.1015625
5 0.12734375 0.5546875 0.07890625 0.11640625
5 0.2125 0.59765625 0.07265625 0.109375
5 0.26171875 0.50625 0.0734375 0.11796875