3 0.20859375 0.109375 0.08828125 0.08203125
3 0.2828125 0.77890625 0.08671875 0.12890625
3 0.36171875 0.76640625 0.0734375 0.11171875
3 0.365625 0.88515625 0.0953125 0.1296875
3 0.46015625 0.7171875 0.08125 0.11484375
3 0.51953125 0.74609375 0.07265625 0.11640625
3 0.58828125 0.709375 0.08515625 0.146875
3 0.74921875 0.76171875 0.0859375 0.13125
3 0.771875 0.296875 0.0796875 0.1125
3 0.7953125 0.38125 0.08359375 0.09765625
5 0.08984375 0.1453125 0.078125 0.11640625
5 0.11796875 0.89765625 0.06171875 0.1015625
5 0.3 0.64921875 0.06484375 0.1125
5 0.46640625 0.63203125 0.07578125 0.10078125
5 0.4265625 0.8203125 0.0640625 0.1015625
5 0.571875 0.69453125 0.0453125 0.0859375
5 0.82734375 0.1703125 0.06171875 0.090625
5 0.73828125 0.203125 0.05703125 0.0859375
5 0.7296875 0.32109375 0.05390625 0.09765625