3 0.471875 0.48125 0.14609375 0.2265625
3 0.60234375 0.4875 0.13671875 0.19765625
3 0.61796875 0.621875 0.153125 0.20546875
3 0.4296875 0.7296875 0.1640625 0.2375
3 0.28359375 0.82265625 0.1421875 0.16953125
3 0.3546875 0.83828125 0.11484375 0.1875
3 0.846875 0.43515625 0.1328125 0.19609375
3 0.93984375 0.5140625 0.11875 0.203125
5 0.39921875 0.57265625 0.128125 0.184375
5 0.40390625 0.45703125 0.07578125 0.13828125
5 0.434375 0.88203125 0.11875 0.18359375
4 0.2546875 0.61640625 0.125 0.18984375