3 0.68046875 0.37109375 0.09921875 0.1421875
3 0.63125 0.296875 0.10703125 0.15078125
3 0.68515625 0.24296875 0.08828125 0.1234375
3 0.640625 0.14921875 0.09765625 0.1484375
3 0.71171875 0.7609375 0.1078125 0.14921875
3 0.61953125 0.7140625 0.11015625 0.16015625
3 0.5296875 0.9015625 0.0890625 0.1265625
3 0.465625 0.9421875 0.109375 0.1125
3 0.33671875 0.96796875 0.1046875 0.0609375
3 0.29921875 0.8375 0.10859375 0.16015625
3 0.2421875 0.91640625 0.10546875 0.1640625
5 0.8453125 0.25390625 0.07578125 0.11484375
5 0.8109375 0.41015625 0.06640625 0.0953125
5 0.8171875 0.57578125 0.0703125 0.103125
5 0.66015625 0.5125 0.071875 0.10625
5 0.634375 0.409375 0.07421875 0.10546875
5 0.72109375 0.2328125 0.0671875 0.0953125
5 0.67109375 0.165625 0.096875 0.1421875
5 0.784375 0.140625 0.08125 0.11796875
5 0.76484375 0.071875 0.0921875 0.13125
5 0.6859375 0.07265625 0.0875 0.12734375
5 0.71328125 0.0203125 0.0734375 0.040625
5 0.584375 0.7984375 0.07578125 0.11640625
5 0.5375 0.53125 0.07265625 0.109375