3 0.68984375 0.625 0.096875 0.13984375
3 0.6984375 0.52265625 0.1046875 0.1484375
3 0.759375 0.553125 0.0875 0.12109375
3 0.78125 0.44296875 0.09609375 0.14609375
3 0.50703125 0.9 0.10625 0.1484375
3 0.475 0.7640625 0.10859375 0.1578125
3 0.32265625 0.7734375 0.08828125 0.125
3 0.2546875 0.73359375 0.10859375 0.140625
3 0.1453125 0.61796875 0.103125 0.1546875
3 0.215625 0.46640625 0.10703125 0.1578125
3 0.13828125 0.44765625 0.10390625 0.16328125
5 0.8515625 0.74609375 0.075 0.1140625
5 0.74921875 0.8015625 0.065625 0.09296875
5 0.6671875 0.91015625 0.06953125 0.1015625
5 0.60390625 0.6890625 0.07109375 0.10546875
5 0.64140625 0.59453125 0.07265625 0.103125
5 0.78671875 0.58828125 0.06640625 0.0953125
5 0.790625 0.4890625 0.09453125 0.13984375
5 0.8734375 0.60625 0.0796875 0.11484375
5 0.896875 0.54140625 0.090625 0.12890625
5 0.84765625 0.4484375 0.08671875 0.125
5 0.9078125 0.43046875 0.07265625 0.10078125
5 0.409375 0.77421875 0.07421875 0.11484375
5 0.51953125 0.55625 0.07109375 0.1078125