3 0.3265625 0.33984375 0.11171875 0.16328125
3 0.384375 0.2609375 0.12109375 0.171875
3 0.325 0.196875 0.10078125 0.140625
3 0.378125 0.09453125 0.1109375 0.16875
3 0.27734375 0.775 0.121875 0.17265625
3 0.3828125 0.7296875 0.125 0.1828125
3 0.47734375 0.9359375 0.1015625 0.125
3 0.546875 0.96484375 0.1234375 0.0671875
3 0.73671875 0.89296875 0.12421875 0.1828125
3 0.7984375 0.94609375 0.12109375 0.10546875
5 0.14609375 0.19609375 0.0875 0.13203125
5 0.178125 0.37421875 0.07578125 0.109375
5 0.165625 0.56015625 0.0796875 0.11796875
5 0.34375 0.5015625 0.08203125 0.12265625
5 0.37734375 0.38671875 0.084375 0.11875
5 0.28515625 0.1828125 0.07578125 0.11015625
5 0.34375 0.1109375 0.11015625 0.16328125
5 0.2171875 0.07421875 0.0921875 0.13359375
5 0.24140625 0.03671875 0.10390625 0.0734375
5 0.3296875 0.03828125 0.1 0.0765625
5 0.303125 0.00078125 0.08359375 0.0015625
5 0.41875 0.82734375 0.08671875 0.13203125
5 0.48125 0.53125 0.08359375 0.1234375