3 0.8828125 0.515625 0.07109375 0.1078125
3 0.81484375 0.559375 0.0765625 0.09921875
3 0.8046875 0.61875 0.07109375 0.090625
3 0.88125 0.7984375 0.06015625 0.0859375
3 0.84609375 0.85703125 0.0703125 0.09765625
3 0.7609375 0.84921875 0.06015625 0.08046875
3 0.7859375 0.93125 0.0609375 0.08671875
3 0.7875 0.43125 0.07890625 0.11953125
3 0.74453125 0.43125 0.0609375 0.09609375
3 0.7046875 0.39296875 0.08046875 0.12578125
3 0.59609375 0.3671875 0.07890625 0.115625
3 0.57890625 0.5109375 0.07265625 0.1171875
3 0.5375 0.46484375 0.0703125 0.11484375
3 0.45625 0.46328125 0.06015625 0.0890625
3 0.42578125 0.49921875 0.075 0.10703125
3 0.35078125 0.428125 0.08203125 0.1203125
3 0.41484375 0.36953125 0.07421875 0.1109375
3 0.3625 0.33046875 0.06796875 0.10078125
3 0.62265625 0.1265625 0.06171875 0.08359375
3 0.20390625 0.2984375 0.08046875 0.11640625
3 0.16953125 0.196875 0.07890625 0.11875
3 0.31953125 0.65625 0.0640625 0.09140625
3 0.29140625 0.41484375 0.059375 0.0796875
5 0.86796875 0.95 0.05078125 0.096875
5 0.834375 0.9421875 0.046875 0.07265625
5 0.84765625 0.7765625 0.0546875 0.0765625
5 0.80859375 0.7875 0.0421875 0.06171875
5 0.76796875 0.69921875 0.05390625 0.08359375
5 0.85546875 0.6984375 0.046875 0.06796875
5 0.7890625 0.503125 0.05078125 0.07421875
5 0.88671875 0.43515625 0.05703125 0.08671875
5 0.8328125 0.434375 0.04296875 0.0640625
5 0.79296875 0.37421875 0.05390625 0.084375
5 0.80625 0.33046875 0.04140625 0.05625
5 0.765625 0.36015625 0.03828125 0.06875
5 0.74609375 0.371875 0.04375 0.07109375
5 0.71796875 0.38515625 0.04296875 0.06875
5 0.80703125 0.46484375 0.040625 0.06171875
5 0.62265625 0.42265625 0.0390625 0.059375
5 0.5625 0.41640625 0.04609375 0.0671875
5 0.63984375 0.5046875 0.04765625 0.0703125
4 0.60859375 0.553125 0.059375 0.08984375
5 0.446875 0.40546875 0.04921875 0.07265625
5 0.39921875 0.434375 0.05078125 0.07890625
5 0.40234375 0.3234375 0.0484375 0.06953125
5 0.35625 0.340625 0.053125 0.07890625
5 0.325 0.3578125 0.0390625 0.05859375
5 0.45 0.30078125 0.046875 0.0640625
5 0.46328125 0.1796875 0.053125 0.08359375
5 0.4265625 0.1921875 0.0484375 0.0734375
5 0.371875 0.23515625 0.05 0.07578125
5 0.33125 0.18046875 0.0421875 0.075
5 0.240625 0.3359375 0.05234375 0.08359375
5 0.4484375 0.73515625 0.053125 0.078125
5 0.396875 0.58515625 0.046875 0.0671875
5 0.36875 0.628125 0.05078125 0.07578125
5 0.3046875 0.58125 0.05546875 0.08203125
5 0.278125 0.5359375 0.05859375 0.08828125
5 0.28515625 0.44921875 0.05 0.0734375
5 0.3921875 0.0375 0.0640625 0.07421875
5 0.32421875 0.025 0.0609375 0.05