3 0.8453125 0.40625 0.0578125 0.08828125
3 0.78984375 0.46484375 0.06484375 0.0765625
3 0.78828125 0.52109375 0.0609375 0.06953125
3 0.8796875 0.6609375 0.04921875 0.06953125
3 0.85546875 0.72265625 0.05859375 0.078125
3 0.778125 0.73984375 0.05 0.06328125
3 0.8109375 0.80625 0.05078125 0.06875
3 0.74921875 0.3578125 0.0640625 0.09765625
3 0.7109375 0.3703125 0.0484375 0.0796875
3 0.66953125 0.346875 0.06484375 0.103125
3 0.56953125 0.3546875 0.06484375 0.09375
3 0.571875 0.4890625 0.0578125 0.09765625
3 0.52890625 0.45859375 0.05546875 0.09609375
3 0.45546875 0.48125 0.04921875 0.071875
3 0.4328125 0.52109375 0.0625 0.08515625
3 0.35703125 0.47890625 0.06796875 0.096875
3 0.40703125 0.4078125 0.06015625 0.090625
3 0.35546875 0.3875 0.05546875 0.08203125
3 0.5625 0.13125 0.0515625 0.065625
3 0.20859375 0.4046875 0.06640625 0.09375
3 0.165625 0.32265625 0.06484375 0.096875
3 0.3578125 0.6921875 0.053125 0.0734375
3 0.3015625 0.484375 0.04921875 0.06328125
5 0.88671875 0.80078125 0.03828125 0.08359375
5 0.85546875 0.80234375 0.0375 0.06015625
5 0.846875 0.65 0.0453125 0.0609375
5 0.81328125 0.67109375 0.034375 0.05
5 0.765625 0.60390625 0.04296875 0.06875
5 0.84375 0.578125 0.0390625 0.0546875
5 0.759375 0.421875 0.0421875 0.059375
5 0.8390625 0.3328125 0.04609375 0.07109375
5 0.78984375 0.34765625 0.034375 0.05234375
5 0.746875 0.3046875 0.04375 0.06953125
5 0.753125 0.26171875 0.03515625 0.04375
5 0.7203125 0.3 0.0296875 0.059375
5 0.7046875 0.31640625 0.034375 0.059375
5 0.68125 0.3359375 0.034375 0.05703125
5 0.77109375 0.38203125 0.03359375 0.05
5 0.6 0.396875 0.03203125 0.04921875
5 0.5453125 0.4078125 0.03828125 0.05390625
5 0.62578125 0.465625 0.0390625 0.05703125
4 0.60390625 0.51796875 0.04765625 0.0734375
5 0.440625 0.43125 0.03984375 0.059375
5 0.40078125 0.47109375 0.04140625 0.06484375
5 0.38984375 0.3703125 0.03984375 0.05546875
5 0.35 0.39921875 0.04296875 0.0640625
5 0.325 0.4234375 0.03203125 0.046875
5 0.4296875 0.33671875 0.03984375 0.05078125
5 0.42578125 0.22421875 0.0421875 0.06875
5 0.39453125 0.24609375 0.0390625 0.06015625
5 0.3515625 0.3 0.040625 0.06171875
5 0.30859375 0.2625 0.0328125 0.0640625
5 0.24609375 0.42734375 0.0421875 0.06953125
5 0.48359375 0.7265625 0.04296875 0.06328125
5 0.41796875 0.60703125 0.0390625 0.053125
5 0.39765625 0.653125 0.0421875 0.0609375
5 0.33515625 0.62890625 0.0453125 0.06640625
5 0.3046875 0.596875 0.04765625 0.071875
5 0.30078125 0.51640625 0.04140625 0.059375
5 0.34296875 0.1046875 0.0515625 0.08203125
5 0.28125 0.11015625 0.05078125 0.065625