3 0.14609375 0.68671875 0.0546875 0.084375
3 0.19921875 0.6109375 0.06484375 0.0703125
3 0.19453125 0.55078125 0.06015625 0.06328125
3 0.08359375 0.4234375 0.04765625 0.065625
3 0.10234375 0.3515625 0.0578125 0.07265625
3 0.18359375 0.31484375 0.04921875 0.05859375
3 0.14140625 0.2515625 0.04921875 0.06484375
3 0.25390625 0.71640625 0.0609375 0.09375
3 0.29375 0.69375 0.0453125 0.07734375
3 0.33984375 0.709375 0.06171875 0.1
3 0.44609375 0.678125 0.06171875 0.0890625
3 0.4296875 0.53515625 0.0546875 0.09453125
3 0.478125 0.55703125 0.05234375 0.09375
3 0.5546875 0.51640625 0.046875 0.06875
3 0.57421875 0.46796875 0.06015625 0.08046875
3 0.66015625 0.49609375 0.06484375 0.0921875
3 0.61328125 0.5828125 0.0578125 0.0859375
3 0.67109375 0.5921875 0.053125 0.078125
3 0.47578125 0.91484375 0.05078125 0.0609375
3 0.82578125 0.540625 0.0640625 0.08828125
3 0.88046875 0.61796875 0.06171875 0.09296875
3 0.63671875 0.26796875 0.0515625 0.06953125
3 0.71875 0.47734375 0.04921875 0.05859375
5 0.0609375 0.27578125 0.03359375 0.084375
5 0.09375 0.26640625 0.0359375 0.0578125
5 0.11953125 0.4265625 0.04453125 0.05703125
5 0.153125 0.396875 0.0328125 0.04765625
5 0.21015625 0.4578125 0.040625 0.06640625
5 0.1296875 0.503125 0.0375 0.0515625
5 0.2359375 0.65 0.040625 0.05625
5 0.1609375 0.7640625 0.04375 0.06796875
5 0.2109375 0.73671875 0.0328125 0.05
5 0.26171875 0.77265625 0.04140625 0.0671875
5 0.259375 0.81953125 0.034375 0.040625
5 0.28984375 0.77109375 0.0265625 0.05859375
5 0.30625 0.75 0.03203125 0.0578125
5 0.32890625 0.7234375 0.03203125 0.05546875
5 0.228125 0.6953125 0.03203125 0.0484375
5 0.40859375 0.63984375 0.03046875 0.046875
5 0.46640625 0.61484375 0.03671875 0.0515625
5 0.37421875 0.57265625 0.03828125 0.05390625
4 0.3921875 0.51171875 0.0453125 0.07109375
5 0.57578125 0.565625 0.03828125 0.05625
5 0.6140625 0.5140625 0.0390625 0.0625
5 0.6359375 0.61875 0.03828125 0.05234375
5 0.675 0.5796875 0.04140625 0.06171875
5 0.7 0.54765625 0.03046875 0.0453125
5 0.596875 0.66484375 0.0390625 0.046875
5 0.6125 0.78359375 0.03984375 0.06640625
5 0.64375 0.753125 0.0375 0.0578125
5 0.684375 0.6859375 0.0390625 0.059375
5 0.734375 0.715625 0.0296875 0.06328125
5 0.78359375 0.525 0.0390625 0.06796875
5 0.49921875 0.26015625 0.04140625 0.06015625
5 0.58203125 0.3734375 0.0375 0.05078125
5 0.5984375 0.31953125 0.03984375 0.05859375
5 0.66796875 0.33046875 0.04296875 0.0640625
5 0.703125 0.3578125 0.0453125 0.06953125
5 0.715625 0.44296875 0.03984375 0.05625
5 0.71328125 0.8921875 0.04921875 0.07890625
5 0.77890625 0.871875 0.04921875 0.0609375