3 0.86796875 0.48984375 0.06640625 0.10078125
3 0.80390625 0.53671875 0.07265625 0.0921875
3 0.79609375 0.59453125 0.0671875 0.084375
3 0.875 0.76171875 0.05625 0.08125
3 0.84296875 0.81953125 0.06640625 0.09140625
3 0.7609375 0.81796875 0.05703125 0.075
3 0.7875 0.8953125 0.0578125 0.08125
3 0.77421875 0.415625 0.07421875 0.1125
3 0.7328125 0.41875 0.05703125 0.090625
3 0.69296875 0.384375 0.07578125 0.11875
3 0.58828125 0.36640625 0.07421875 0.109375
3 0.57578125 0.50625 0.06796875 0.11015625
3 0.53515625 0.4640625 0.065625 0.10859375
3 0.45625 0.46796875 0.05625 0.08359375
3 0.428125 0.50390625 0.07109375 0.1
3 0.3546875 0.440625 0.07734375 0.11328125
3 0.41484375 0.38046875 0.06953125 0.1046875
3 0.36328125 0.346875 0.06328125 0.09453125
3 0.60703125 0.13359375 0.05859375 0.078125
3 0.209375 0.3265625 0.07578125 0.109375
3 0.17421875 0.23125 0.07421875 0.1125
3 0.33125 0.6625 0.0609375 0.0859375
3 0.296875 0.4328125 0.05625 0.075
5 0.86640625 0.90859375 0.04765625 0.0921875
5 0.834375 0.90234375 0.04453125 0.06875
5 0.8421875 0.74296875 0.0515625 0.071875
5 0.80546875 0.75546875 0.03984375 0.0578125
5 0.76328125 0.67421875 0.05078125 0.07890625
5 0.846875 0.6671875 0.04453125 0.06328125
5 0.77734375 0.484375 0.0484375 0.06953125
5 0.86953125 0.41171875 0.053125 0.08203125
5 0.8171875 0.415625 0.03984375 0.06015625
5 0.77734375 0.36015625 0.05078125 0.0796875
5 0.7890625 0.3171875 0.0390625 0.05234375
5 0.75078125 0.3484375 0.0359375 0.065625
5 0.73203125 0.3609375 0.040625 0.0671875
5 0.70625 0.37578125 0.03984375 0.06484375
5 0.79375 0.44609375 0.03828125 0.05859375
5 0.615625 0.41796875 0.03671875 0.05625
5 0.5578125 0.415625 0.04375 0.06328125
5 0.634375 0.4953125 0.0453125 0.065625
4 0.60546875 0.54453125 0.05546875 0.084375
5 0.44609375 0.41328125 0.04609375 0.06875
5 0.40078125 0.44375 0.0484375 0.07421875
5 0.40078125 0.3375 0.0453125 0.06484375
5 0.35703125 0.35703125 0.05 0.07421875
5 0.328125 0.375 0.03671875 0.0546875
5 0.44609375 0.3125 0.04453125 0.06015625
5 0.4546875 0.1953125 0.04921875 0.078125
5 0.4203125 0.21015625 0.0453125 0.06953125
5 0.36953125 0.2546875 0.046875 0.07109375
5 0.32890625 0.2046875 0.0390625 0.07109375
5 0.24609375 0.359375 0.04921875 0.07890625
5 0.45703125 0.7296875 0.05 0.0734375
5 0.403125 0.5890625 0.04453125 0.0625
5 0.37734375 0.63125 0.0484375 0.07109375
5 0.31484375 0.590625 0.05234375 0.07734375
5 0.2875 0.55 0.0546875 0.0828125
5 0.2921875 0.465625 0.04765625 0.06875
5 0.3828125 0.05078125 0.06015625 0.09375
5 0.31796875 0.040625 0.05703125 0.078125