3 0.23671875 0.109375 0.07734375 0.1125
3 0.253125 0.2171875 0.07109375 0.10703125
3 0.34375 0.1671875 0.065625 0.08984375
3 0.36875 0.2171875 0.059375 0.08515625
3 0.41875 0.2328125 0.0765625 0.11796875
3 0.50234375 0.3375 0.06484375 0.090625
3 0.43671875 0.4515625 0.06875 0.1046875
3 0.49140625 0.4671875 0.06796875 0.1078125
3 0.63046875 0.6421875 0.06953125 0.103125
3 0.79609375 0.73828125 0.0828125 0.1234375
3 0.86640625 0.7 0.08828125 0.13671875
3 0.61953125 0.73828125 0.05703125 0.08671875
5 0.159375 0.26328125 0.053125 0.07734375
5 0.12890625 0.3296875 0.053125 0.078125
5 0.30390625 0.2109375 0.0546875 0.08359375
5 0.409375 0.21015625 0.04453125 0.06328125
5 0.275 0.05078125 0.0625 0.0953125
5 0.36796875 0.1171875 0.06328125 0.0875
5 0.8078125 0.3390625 0.0671875 0.10078125
5 0.8609375 0.40625 0.06484375 0.0953125
5 0.66640625 0.73984375 0.05390625 0.0828125
5 0.628125 0.80546875 0.05859375 0.08671875
5 0.584375 0.80234375 0.053125 0.08125
5 0.60625 0.84765625 0.03828125 0.05859375
5 0.54453125 0.95546875 0.06875 0.0890625
5 0.67265625 0.5828125 0.053125 0.078125
5 0.65078125 0.525 0.046875 0.0703125
5 0.41328125 0.75234375 0.053125 0.0796875