3 0.884375 0.38203125 0.04140625 0.05859375
3 0.846875 0.359375 0.0359375 0.05234375
3 0.821875 0.3859375 0.04140625 0.05625
3 0.88671875 0.4984375 0.04375 0.07109375
3 0.85078125 0.22734375 0.03984375 0.0578125
3 0.7625 0.13125 0.0515625 0.06640625
3 0.71328125 0.70390625 0.05 0.07265625
3 0.75546875 0.6890625 0.05234375 0.06953125
3 0.5078125 0.84375 0.0375 0.05234375
3 0.4578125 0.9265625 0.03671875 0.05625
3 0.43359375 0.87109375 0.03828125 0.0609375
3 0.37578125 0.62421875 0.03671875 0.06015625
3 0.33671875 0.58828125 0.03984375 0.05390625
3 0.315625 0.66796875 0.03671875 0.05390625
3 0.28515625 0.66015625 0.0328125 0.0578125
3 0.25703125 0.68359375 0.040625 0.06953125
3 0.1953125 0.68046875 0.0390625 0.05625
3 0.20859375 0.859375 0.03671875 0.05625
3 0.38671875 0.45390625 0.03828125 0.05546875
3 0.3703125 0.4109375 0.03984375 0.06015625
3 0.19140625 0.59609375 0.04375 0.075
4 0.87578125 0.28984375 0.0328125 0.05
5 0.87890625 0.33125 0.03671875 0.05234375
5 0.7296875 0.1359375 0.0375 0.05390625
5 0.7328125 0.09609375 0.028125 0.0453125
5 0.90390625 0.48203125 0.0328125 0.0453125
5 0.76484375 0.70625 0.03671875 0.0515625
5 0.7546875 0.76328125 0.03671875 0.0515625
5 0.47578125 0.83984375 0.034375 0.0515625
5 0.4921875 0.87265625 0.02890625 0.04140625
5 0.46171875 0.8875 0.0296875 0.04140625
4 0.2671875 0.9796875 0.0296875 0.03828125
5 0.2125 0.98984375 0.02890625 0.0171875
5 0.19765625 0.91015625 0.0296875 0.04375
5 0.2296875 0.88515625 0.0296875 0.0453125
5 0.3703125 0.671875 0.034375 0.04921875
5 0.31796875 0.61875 0.0296875 0.04140625
5 0.3140625 0.6984375 0.03125 0.04375
5 0.43046875 0.55859375 0.0296875 0.040625
5 0.36875 0.509375 0.02734375 0.03828125
5 0.3640625 0.4609375 0.028125 0.04140625
5 0.3140625 0.50703125 0.03203125 0.05
5 0.4390625 0.4859375 0.028125 0.03828125
5 0.46484375 0.42421875 0.028125 0.04140625
5 0.41171875 0.39609375 0.025 0.03828125
5 0.3921875 0.35859375 0.03828125 0.05546875
5 0.44609375 0.36796875 0.028125 0.040625
5 0.440625 0.33671875 0.03671875 0.05234375
5 0.40625 0.31953125 0.03828125 0.05625
5 0.12421875 0.44765625 0.0296875 0.04375
4 0.47734375 0.70625 0.0234375 0.04140625
5 0.465625 0.71015625 0.01953125 0.03046875
5 0.428125 0.7640625 0.028125 0.040625