3 0.11015625 0.49453125 0.0375 0.05
3 0.14375 0.53359375 0.03203125 0.0453125
3 0.17421875 0.51796875 0.03828125 0.04765625
3 0.1296875 0.3765625 0.0375 0.0625
3 0.11484375 0.66484375 0.0359375 0.05
3 0.1859375 0.7984375 0.04765625 0.05546875
3 0.3421875 0.24296875 0.04375 0.0625
3 0.29765625 0.23984375 0.04765625 0.05859375
3 0.575 0.1890625 0.0328125 0.046875
3 0.640625 0.1265625 0.03203125 0.05
3 0.65546875 0.1921875 0.0328125 0.05390625
3 0.66796875 0.465625 0.03203125 0.05390625
3 0.7 0.51796875 0.03671875 0.0453125
3 0.7359375 0.44609375 0.03203125 0.046875
3 0.7640625 0.4671875 0.02734375 0.05234375
3 0.79765625 0.45625 0.034375 0.0640625
3 0.859375 0.48515625 0.03515625 0.04921875
3 0.87890625 0.2984375 0.03203125 0.05
3 0.6234375 0.63203125 0.03359375 0.04765625
3 0.6328125 0.68125 0.03515625 0.05390625
3 0.84765625 0.57109375 0.03671875 0.06875
4 0.1015625 0.59140625 0.02890625 0.0453125
5 0.10703125 0.54765625 0.0328125 0.046875
5 0.2203125 0.8078125 0.034375 0.046875
5 0.209375 0.84609375 0.0234375 0.040625
5 0.11015625 0.3859375 0.02890625 0.0390625
5 0.290625 0.2203125 0.0328125 0.0453125
5 0.31171875 0.16640625 0.0328125 0.04296875
5 0.6078125 0.20703125 0.03046875 0.04375
5 0.59609375 0.16640625 0.02421875 0.03671875
5 0.6296875 0.16484375 0.02578125 0.03515625
4 0.84375 0.15078125 0.025 0.0390625
5 0.9015625 0.15234375 0.025 0.03515625
5 0.9 0.2515625 0.025 0.0390625
5 0.86328125 0.2640625 0.025 0.040625
5 0.68203125 0.41953125 0.03046875 0.04296875
5 0.725 0.4953125 0.02578125 0.03671875
5 0.74296875 0.4171875 0.02734375 0.03828125
5 0.6 0.50859375 0.02578125 0.034375
5 0.653125 0.58359375 0.02421875 0.03203125
5 0.64765625 0.634375 0.02421875 0.03515625
5 0.70703125 0.609375 0.028125 0.04375
5 0.578125 0.578125 0.025 0.03203125
5 0.53984375 0.62890625 0.02421875 0.03671875
5 0.58828125 0.6796875 0.021875 0.0328125
5 0.60078125 0.725 0.034375 0.04765625
5 0.54921875 0.69375 0.02421875 0.034375
5 0.54765625 0.72734375 0.03203125 0.0453125
5 0.57890625 0.7578125 0.034375 0.05
5 0.8875 0.7484375 0.02578125 0.0390625
4 0.5796875 0.340625 0.01953125 0.03671875
5 0.59296875 0.34140625 0.0171875 0.028125
5 0.640625 0.30234375 0.02421875 0.034375