3 0.72890625 0.79296875 0.05234375 0.078125
3 0.62109375 0.77734375 0.065625 0.090625
3 0.5796875 0.81328125 0.046875 0.06484375
3 0.53046875 0.86015625 0.0390625 0.05859375
3 0.5015625 0.89140625 0.0515625 0.075
3 0.76875 0.23203125 0.04296875 0.06484375
3 0.725 0.23671875 0.0515625 0.07109375
3 0.50703125 0.34296875 0.03984375 0.05859375
3 0.44140625 0.4171875 0.04140625 0.0625
3 0.42265625 0.3625 0.03515625 0.05546875
3 0.1921875 0.77890625 0.040625 0.0625
3 0.17578125 0.659375 0.02890625 0.046875
3 0.13828125 0.59296875 0.03515625 0.0640625
3 0.23515625 0.59296875 0.03125 0.04140625
3 0.23125 0.55234375 0.04765625 0.06640625
3 0.1921875 0.30546875 0.034375 0.05390625
3 0.17890625 0.26484375 0.0328125 0.0390625
5 0.88984375 0.453125 0.0328125 0.05
5 0.8859375 0.50234375 0.02890625 0.04375
5 0.778125 0.25078125 0.0421875 0.05234375
5 0.76328125 0.309375 0.03046875 0.04765625
5 0.465625 0.33125 0.0375 0.0515625
5 0.4828125 0.36796875 0.03203125 0.040625
5 0.45078125 0.3765625 0.02734375 0.03515625
5 0.23125 0.5078125 0.02890625 0.04296875
5 0.21796875 0.5265625 0.0234375 0.03828125
5 0.22265625 0.478125 0.021875 0.03671875
4 0.23984375 0.446875 0.02265625 0.03828125
5 0.18125 0.453125 0.0296875 0.04375
5 0.17578125 0.35390625 0.028125 0.04296875
5 0.20859375 0.33515625 0.021875 0.0328125
5 0.2109375 0.29140625 0.02265625 0.04140625
5 0.20078125 0.6015625 0.0296875 0.04375
5 0.171875 0.765625 0.025 0.03203125
5 0.146875 0.7625 0.028125 0.03828125
5 0.153125 0.72265625 0.0234375 0.0328125
5 0.17109375 0.6859375 0.021875 0.03515625
5 0.1203125 0.6875 0.025 0.03203125
5 0.66171875 0.8375 0.0390625 0.0578125
5 0.634375 0.834375 0.03671875 0.05625
5 0.696875 0.87890625 0.040625 0.0453125
5 0.65234375 0.878125 0.0375 0.0453125
5 0.59453125 0.90078125 0.0359375 0.03671875
5 0.5875 0.86484375 0.03515625 0.04765625
5 0.56484375 0.8375 0.0390625 0.05
5 0.5578125 0.87890625 0.03359375 0.05234375
5 0.49375 0.91875 0.03515625 0.04765625
5 0.3765625 0.14140625 0.03359375 0.05
5 0.31171875 0.1578125 0.03515625 0.05
5 0.4234375 0.25 0.02890625 0.0390625
5 0.46875 0.2 0.021875 0.0296875
5 0.4984375 0.16953125 0.02890625 0.03828125
4 0.48203125 0.19765625 0.02109375 0.0390625