3 0.8015625 0.3515625 0.06875 0.103125
3 0.68671875 0.30859375 0.084375 0.12265625
3 0.653125 0.24921875 0.059375 0.08671875
3 0.6140625 0.17421875 0.0515625 0.07578125
3 0.59140625 0.1265625 0.0671875 0.09765625
3 0.70625 0.94765625 0.05625 0.084375
3 0.66328125 0.92109375 0.065625 0.09453125
3 0.46484375 0.6921875 0.05078125 0.07578125
3 0.415625 0.58125 0.05390625 0.08125
3 0.3828125 0.62734375 0.046875 0.07109375
3 0.246875 0.07421875 0.05390625 0.08203125
3 0.2015625 0.18828125 0.03828125 0.06015625
3 0.146875 0.2359375 0.04921875 0.0796875
3 0.24609375 0.28828125 0.03828125 0.05625
3 0.2328125 0.328125 0.0609375 0.08984375
3 0.13203125 0.559375 0.04609375 0.06953125
3 0.109375 0.59453125 0.03984375 0.05390625
5 0.884375 0.7875 0.04296875 0.06484375
5 0.8921875 0.734375 0.0375 0.0578125
5 0.7203125 0.93359375 0.053125 0.0734375
5 0.7203125 0.86640625 0.03984375 0.0609375
5 0.41953125 0.68203125 0.0484375 0.06953125
5 0.4453125 0.65234375 0.03984375 0.05546875
5 0.415625 0.6265625 0.03359375 0.04765625
5 0.221875 0.3734375 0.0375 0.05625
5 0.21171875 0.346875 0.03203125 0.04921875
5 0.20546875 0.39921875 0.03046875 0.046875
4 0.21640625 0.44140625 0.03046875 0.04765625
5 0.15703125 0.40234375 0.03828125 0.0578125
5 0.12734375 0.5015625 0.03671875 0.05546875
5 0.15703125 0.53828125 0.028125 0.04296875
5 0.1484375 0.584375 0.03203125 0.0515625
5 0.21328125 0.2609375 0.03828125 0.05625
5 0.22265625 0.07578125 0.03125 0.04375
5 0.19765625 0.065625 0.03515625 0.05
5 0.19375 0.1109375 0.03125 0.0453125
5 0.203125 0.15859375 0.02890625 0.0453125
5 0.1515625 0.12890625 0.03203125 0.04375
5 0.74296875 0.26875 0.0515625 0.075
5 0.71484375 0.25703125 0.0484375 0.0734375
5 0.78984375 0.2453125 0.05 0.06640625
5 0.74296875 0.221875 0.046875 0.0640625
5 0.68984375 0.16796875 0.04140625 0.05390625
5 0.67421875 0.20078125 0.04609375 0.0640625
5 0.64375 0.21640625 0.05 0.06953125
5 0.646875 0.16953125 0.0453125 0.0671875
5 0.59140625 0.09453125 0.0453125 0.0640625
5 0.28203125 0.828125 0.04296875 0.06484375
5 0.2203125 0.77734375 0.0453125 0.06640625
5 0.35703125 0.74296875 0.0359375 0.0515625
5 0.39140625 0.81875 0.028125 0.0390625
5 0.41484375 0.86640625 0.03671875 0.0515625
4 0.4046875 0.82890625 0.0296875 0.04765625