3 0.83359375 0.63671875 0.271875 0.37890625
3 0.84609375 0.359375 0.27109375 0.39921875
3 0.5515625 0.328125 0.27890625 0.39921875
3 0.453125 0.1640625 0.25078125 0.32578125
3 0.396875 0.61796875 0.284375 0.43515625
3 0.1796875 0.55859375 0.19140625 0.328125
3 0.11484375 0.596875 0.2171875 0.33359375
4 0.5515625 0.59609375 0.22734375 0.3421875
4 0.134375 0.81328125 0.12109375 0.23125
4 0.95078125 0.44140625 0.09609375 0.26328125
5 0.36875 0.33828125 0.203125 0.3015625
5 0.26328125 0.496875 0.1828125 0.30234375