3 0.24765625 0.26875 0.22265625 0.28203125
3 0.18203125 0.5078125 0.215625 0.31015625
3 0.43828125 0.665625 0.22421875 0.30390625
3 0.49375 0.8546875 0.2125 0.23125
3 0.63203125 0.47578125 0.22109375 0.34453125
3 0.81328125 0.625 0.13671875 0.27734375
3 0.878125 0.61953125 0.16796875 0.265625
4 0.490625 0.428125 0.17734375 0.27109375
4 0.90390625 0.41953125 0.0796875 0.2046875
4 0.09375 0.38359375 0.07265625 0.24296875
5 0.60234375 0.7375 0.1609375 0.234375
5 0.72734375 0.64296875 0.1359375 0.2515625