3 0.18359375 0.5390625 0.03984375 0.05390625
3 0.190625 0.5 0.04609375 0.046875
3 0.32734375 0.4546875 0.0453125 0.05390625
3 0.31328125 0.140625 0.05390625 0.0640625
3 0.28046875 0.0796875 0.05703125 0.0734375
3 0.1796875 0.0453125 0.05078125 0.05390625
3 0.6046875 0.66640625 0.065625 0.09453125
3 0.61171875 0.571875 0.0578125 0.0921875
3 0.6484375 0.89921875 0.0859375 0.11875
3 0.70078125 0.7828125 0.04765625 0.0671875
3 0.7515625 0.42265625 0.034375 0.05390625
3 0.74609375 0.39609375 0.04609375 0.0515625
3 0.63828125 0.1390625 0.04375 0.05234375
3 0.6015625 0.171875 0.0375 0.05
3 0.85234375 0.3109375 0.05078125 0.07109375
5 0.18359375 0.09453125 0.02734375 0.04921875
5 0.1578125 0.1125 0.02578125 0.0390625
5 0.1578125 0.19765625 0.02265625 0.03671875
5 0.13203125 0.2171875 0.0203125 0.03671875
5 0.18984375 0.28984375 0.0328125 0.04765625
5 0.234375 0.28515625 0.0375 0.046875
5 0.26328125 0.33359375 0.03046875 0.04140625
4 0.24453125 0.35390625 0.03828125 0.03671875
5 0.215625 0.37734375 0.034375 0.046875
5 0.153125 0.38515625 0.021875 0.034375
5 0.13515625 0.53046875 0.02890625 0.0390625
5 0.15859375 0.52265625 0.02734375 0.03828125
5 0.14609375 0.49921875 0.02734375 0.03828125
5 0.16015625 0.47578125 0.02265625 0.03046875
5 0.1796875 0.60859375 0.02265625 0.03515625
5 0.19921875 0.56875 0.02578125 0.04140625
5 0.13828125 0.67109375 0.02734375 0.04765625
5 0.07421875 0.77421875 0.03125 0.04140625
5 0.07421875 0.7359375 0.021875 0.03828125
5 0.10390625 0.6953125 0.02890625 0.03515625
4 0.65078125 0.73828125 0.04921875 0.0671875
5 0.59453125 0.85703125 0.053125 0.07734375
5 0.5765625 0.79609375 0.053125 0.07734375
5 0.62109375 0.759375 0.0484375 0.08203125
5 0.6578125 0.67578125 0.06015625 0.084375
5 0.65078125 0.6140625 0.05 0.07109375
5 0.69921875 0.71171875 0.03515625 0.06015625
5 0.77421875 0.63359375 0.03203125 0.0515625
5 0.75703125 0.603125 0.02890625 0.03203125
5 0.78359375 0.590625 0.03671875 0.04921875
5 0.721875 0.5390625 0.03515625 0.04375
5 0.77734375 0.890625 0.02890625 0.04921875
5 0.78125 0.91953125 0.025 0.040625
5 0.83203125 0.9390625 0.02734375 0.0453125
5 0.81484375 0.89453125 0.02734375 0.0390625
5 0.87578125 0.8890625 0.03203125 0.04765625
5 0.88828125 0.81875 0.034375 0.0515625
5 0.59765625 0.2890625 0.0375 0.05625
5 0.56484375 0.21953125 0.0328125 0.04375
4 0.625 0.21640625 0.03125 0.04296875
5 0.63125 0.17734375 0.034375 0.04140625
5 0.903125 0.21484375 0.03828125 0.0578125
5 0.6578125 0.3796875 0.028125 0.0390625
5 0.69140625 0.43125 0.03203125 0.04140625
5 0.6734375 0.34609375 0.02109375 0.0328125
5 0.703125 0.328125 0.0296875 0.0390625
5 0.90390625 0.47734375 0.0375 0.04765625