3 0.8265625 0.52109375 0.03984375 0.05390625
3 0.81796875 0.55859375 0.0453125 0.046875
3 0.68515625 0.590625 0.0453125 0.05390625
3 0.6875 0.89296875 0.053125 0.06484375
3 0.7171875 0.9546875 0.05703125 0.07578125
3 0.81171875 0.98359375 0.05 0.03046875
3 0.4265625 0.365625 0.06640625 0.09453125
3 0.41640625 0.45625 0.0578125 0.090625
3 0.39296875 0.13828125 0.08515625 0.1203125
3 0.33828125 0.24609375 0.04765625 0.0671875
3 0.27734375 0.58671875 0.034375 0.05390625
3 0.28125 0.61328125 0.04609375 0.05234375
3 0.37578125 0.86796875 0.04296875 0.05234375
3 0.4125 0.83984375 0.03671875 0.05
3 0.1765625 0.6859375 0.05078125 0.06953125
5 0.81015625 0.94765625 0.02734375 0.04765625
5 0.8359375 0.9328125 0.02578125 0.0390625
5 0.83828125 0.8515625 0.0234375 0.03671875
5 0.8640625 0.834375 0.0203125 0.03671875
5 0.8109375 0.76015625 0.0328125 0.04765625
5 0.76875 0.76015625 0.03671875 0.04765625
5 0.7421875 0.71171875 0.03046875 0.04140625
4 0.7609375 0.69453125 0.0375 0.03828125
5 0.7890625 0.6734375 0.034375 0.04765625
5 0.84921875 0.671875 0.021875 0.034375
5 0.871875 0.53359375 0.02890625 0.040625
5 0.84921875 0.53828125 0.02734375 0.03828125
5 0.86171875 0.56328125 0.02734375 0.03828125
5 0.84609375 0.58359375 0.021875 0.03203125
5 0.8328125 0.45546875 0.02265625 0.03515625
5 0.81171875 0.49140625 0.02578125 0.04140625
5 0.87421875 0.3984375 0.028125 0.046875
5 0.93984375 0.3046875 0.03125 0.04296875
5 0.9390625 0.3421875 0.02265625 0.03671875
5 0.9078125 0.37734375 0.02890625 0.03671875
4 0.384375 0.29140625 0.0484375 0.06875
5 0.44296875 0.18359375 0.053125 0.07734375
5 0.45859375 0.24296875 0.053125 0.078125
5 0.4140625 0.275 0.04921875 0.08203125
5 0.3765625 0.3515625 0.059375 0.0859375
5 0.38046875 0.41171875 0.05078125 0.07109375
5 0.3375 0.3140625 0.03515625 0.05859375
5 0.2625 0.38203125 0.03203125 0.0515625
5 0.278125 0.4140625 0.02890625 0.03203125
5 0.2515625 0.4234375 0.0359375 0.05
5 0.309375 0.47734375 0.034375 0.0453125
5 0.26875 0.1359375 0.028125 0.04921875
5 0.265625 0.10703125 0.025 0.040625
5 0.21796875 0.08515625 0.02734375 0.0453125
5 0.2328125 0.12890625 0.02578125 0.03828125
5 0.175 0.12890625 0.03203125 0.04765625
5 0.16015625 0.19609375 0.034375 0.0515625
5 0.41875 0.72734375 0.0375 0.05546875
5 0.44921875 0.79765625 0.03203125 0.04375
4 0.390625 0.79609375 0.03046875 0.04296875
5 0.3828125 0.83203125 0.03359375 0.04140625
5 0.1234375 0.77421875 0.03828125 0.05625
5 0.365625 0.63515625 0.02734375 0.03828125
5 0.334375 0.58359375 0.03203125 0.04140625
5 0.34921875 0.6671875 0.02109375 0.0328125
5 0.31953125 0.68125 0.0296875 0.0390625
5 0.1328125 0.52265625 0.03671875 0.04765625