3 0.81328125 0.8890625 0.04296875 0.05546875
3 0.71953125 0.896875 0.0484375 0.05859375
3 0.68984375 0.5984375 0.040625 0.05234375
3 0.6546875 0.54375 0.04296875 0.05859375
3 0.7296875 0.40859375 0.046875 0.06484375
3 0.71484375 0.3625 0.0453125 0.05546875
3 0.753125 0.35078125 0.03984375 0.04765625
3 0.740625 0.296875 0.03984375 0.05234375
3 0.67734375 0.28828125 0.03984375 0.05234375
3 0.75 0.0609375 0.04921875 0.0578125
3 0.6125 0.62734375 0.0390625 0.05859375
3 0.5890625 0.6125 0.03125 0.0453125
3 0.55234375 0.62265625 0.0453125 0.05625
3 0.48125 0.60625 0.04609375 0.05546875
3 0.4890625 0.51328125 0.0390625 0.0640625
3 0.4546875 0.52734375 0.04296875 0.06484375
3 0.40234375 0.49609375 0.040625 0.040625
3 0.41328125 0.459375 0.0234375 0.034375
3 0.38203125 0.46484375 0.03671875 0.04921875
3 0.3296875 0.4984375 0.0390625 0.05625
3 0.36015625 0.55859375 0.0375 0.05234375
3 0.3203125 0.55546875 0.0421875 0.05546875
3 0.21328125 0.5234375 0.05625 0.07109375
3 0.17734375 0.58515625 0.0453125 0.06484375
3 0.31328125 0.42578125 0.0421875 0.0578125
3 0.46953125 0.815625 0.05078125 0.05546875
3 0.46015625 0.76875 0.04296875 0.04375
3 0.1421875 0.92890625 0.046875 0.05625
5 0.8078125 0.2953125 0.03671875 0.0515625
5 0.77109375 0.2703125 0.03359375 0.05234375
5 0.753125 0.3078125 0.0359375 0.0515625
5 0.8203125 0.40546875 0.02890625 0.04140625
5 0.8078125 0.3359375 0.02578125 0.03203125
5 0.76640625 0.35859375 0.02421875 0.03828125
5 0.7828125 0.4671875 0.025 0.03671875
5 0.70078125 0.4671875 0.025 0.040625
5 0.70234375 0.41328125 0.025 0.0390625
5 0.63984375 0.44609375 0.02578125 0.04375
5 0.76328125 0.54453125 0.03046875 0.040625
5 0.68046875 0.65625 0.03125 0.04765625
5 0.6109375 0.6671875 0.03203125 0.0453125
5 0.56328125 0.6328125 0.02578125 0.0328125
5 0.625 0.575 0.0296875 0.04765625
4 0.79375 0.72578125 0.025 0.04140625
4 0.51484375 0.49296875 0.03046875 0.046875
5 0.7640625 0.7203125 0.02421875 0.03515625
5 0.73125 0.7796875 0.02421875 0.034375
5 0.771875 0.87421875 0.03125 0.0453125
5 0.78828125 0.91953125 0.0296875 0.04296875
5 0.75078125 0.925 0.02421875 0.0328125
5 0.81171875 0.6984375 0.0328125 0.03671875