3 0.76171875 0.52890625 0.06484375 0.09453125
3 0.7015625 0.4859375 0.08046875 0.11328125
3 0.7609375 0.271875 0.0640625 0.09453125
3 0.72578125 0.215625 0.071875 0.0890625
3 0.77421875 0.184375 0.05546875 0.07890625
3 0.6703125 0.6046875 0.0625 0.09765625
3 0.6328125 0.60390625 0.05234375 0.08203125
3 0.59140625 0.63828125 0.06640625 0.09765625
3 0.49453125 0.66171875 0.0671875 0.09375
3 0.484375 0.52890625 0.065625 0.10859375
3 0.44453125 0.57421875 0.05703125 0.090625
3 0.328125 0.653125 0.06015625 0.0921875
3 0.27265625 0.60859375 0.06015625 0.09765625
3 0.2359375 0.51484375 0.06640625 0.0953125
3 0.14140625 0.7125 0.06328125 0.1015625
3 0.515625 0.87109375 0.05234375 0.078125
5 0.78046875 0.07109375 0.05625 0.0859375
5 0.80390625 0.03359375 0.0421875 0.065625
5 0.8234375 0.08828125 0.0359375 0.06875
5 0.8359375 0.13515625 0.03203125 0.0578125
5 0.79921875 0.184375 0.04140625 0.06015625
5 0.765625 0.134375 0.06171875 0.09296875
5 0.73125 0.2890625 0.04375 0.06640625
5 0.7421875 0.36328125 0.0453125 0.0671875
5 0.8453125 0.309375 0.0421875 0.0625
5 0.84140625 0.42109375 0.04453125 0.06796875
5 0.6765625 0.53828125 0.04375 0.06796875
5 0.76171875 0.60390625 0.05 0.075
5 0.67734375 0.65703125 0.0484375 0.071875
5 0.609375 0.640625 0.0390625 0.059375
4 0.51328125 0.4859375 0.04296875 0.065625
5 0.27734375 0.67265625 0.0484375 0.07421875
5 0.31796875 0.690625 0.040625 0.0609375
5 0.234375 0.45546875 0.0515625 0.0765625
5 0.20859375 0.49453125 0.05546875 0.08125
5 0.2125 0.57734375 0.05078125 0.0765625
5 0.30859375 0.9609375 0.0578125 0.07734375
5 0.24296875 0.97265625 0.05234375 0.0546875