3 0.459375 0.184375 0.1328125 0.19453125
3 0.42578125 0.3734375 0.15 0.21171875
3 0.72265625 0.52265625 0.1296875 0.18515625
3 0.74375 0.65234375 0.146875 0.209375
3 0.82109375 0.61484375 0.11796875 0.16171875
3 0.21875 0.3890625 0.1171875 0.1703125
5 0.79375 0.27734375 0.09140625 0.13515625
5 0.85703125 0.56015625 0.09609375 0.13984375
5 0.85234375 0.66328125 0.1140625 0.13828125
5 0.95234375 0.528125 0.065625 0.11015625
5 0.67890625 0.15546875 0.103125 0.15703125
5 0.60859375 0.453125 0.09453125 0.14375
5 0.6609375 0.57265625 0.09140625 0.1359375
5 0.34296875 0.36484375 0.09765625 0.14453125