3 0.4125 0.3609375 0.12109375 0.17734375
3 0.41484375 0.4734375 0.13515625 0.1921875
3 0.55859375 0.3515625 0.14453125 0.21796875
3 0.57265625 0.5296875 0.1390625 0.20859375
3 0.54921875 0.72890625 0.128125 0.1890625
3 0.8671875 0.73125 0.1375 0.21484375
5 0.471875 0.8328125 0.10390625 0.16015625
5 0.55 0.84453125 0.1109375 0.1640625
5 0.62890625 0.715625 0.10078125 0.15703125
5 0.79609375 0.6859375 0.090625 0.15703125
5 0.65546875 0.4328125 0.103125 0.1546875
5 0.61171875 0.31171875 0.0859375 0.13359375
5 0.67421875 0.53515625 0.07109375 0.10390625