3 0.64921875 0.54609375 0.1015625 0.14375
3 0.60234375 0.4609375 0.11484375 0.15234375
3 0.54140625 0.6859375 0.11796875 0.18125
3 0.45859375 0.56328125 0.11328125 0.17265625
3 0.39609375 0.3890625 0.10703125 0.153125
3 0.15234375 0.67734375 0.109375 0.1828125
5 0.41328125 0.2390625 0.0828125 0.13515625
5 0.34765625 0.3015625 0.09296875 0.13203125
5 0.340625 0.471875 0.0796875 0.13203125
5 0.22421875 0.64765625 0.06640625 0.140625
5 0.43515625 0.71328125 0.084375 0.12734375
5 0.5171875 0.76484375 0.06875 0.1125
5 0.37890625 0.6515625 0.05859375 0.084375