3 0.6328125 0.390625 0.1171875 0.16796875
3 0.61484375 0.50390625 0.13125 0.17734375
3 0.48671875 0.334375 0.13671875 0.20859375
3 0.44765625 0.51015625 0.13125 0.1984375
3 0.4421875 0.71875 0.12265625 0.17734375
3 0.1203125 0.61875 0.128125 0.20859375
5 0.50546875 0.84921875 0.096875 0.1546875
5 0.425 0.83515625 0.10625 0.15546875
5 0.3640625 0.6796875 0.09375 0.15078125
5 0.1984375 0.5953125 0.08203125 0.15703125
5 0.37734375 0.38515625 0.096875 0.146875
5 0.4390625 0.27734375 0.08125 0.12890625
5 0.34375 0.4828125 0.06796875 0.09765625