3 0.81953125 0.54609375 0.13125 0.2046875
3 0.8828125 0.4 0.11953125 0.16796875
3 0.67578125 0.2015625 0.146875 0.209375
3 0.58046875 0.47890625 0.14453125 0.20234375
3 0.43671875 0.834375 0.10859375 0.16171875
3 0.3828125 0.69140625 0.10703125 0.16328125
3 0.24453125 0.6328125 0.13515625 0.2171875
3 0.19765625 0.52734375 0.12734375 0.16875
3 0.0890625 0.38515625 0.140625 0.19140625
4 0.70703125 0.359375 0.09140625 0.1359375
4 0.6546875 0.41640625 0.071875 0.1140625
5 0.915625 0.6828125 0.0921875 0.125
5 0.93828125 0.53203125 0.09140625 0.1546875
5 0.85859375 0.65703125 0.08359375 0.1203125
5 0.890625 0.58515625 0.0703125 0.1015625
5 0.79296875 0.71484375 0.08515625 0.12109375
5 0.8515625 0.74453125 0.10078125 0.096875
5 0.7015625 0.56328125 0.09609375 0.15078125
5 0.7484375 0.47890625 0.1078125 0.16640625
5 0.61484375 0.79140625 0.07890625 0.12734375
5 0.59453125 0.88515625 0.08828125 0.109375
5 0.5640625 0.8578125 0.09140625 0.1375
5 0.51171875 0.85390625 0.09453125 0.14453125
5 0.55859375 0.76875 0.07265625 0.11015625
5 0.53828125 0.68828125 0.08515625 0.12890625
5 0.5015625 0.5484375 0.08984375 0.13828125
5 0.4 0.60859375 0.07734375 0.1140625
3 0.43671875 0.52109375 0.09921875 0.1359375
5 0.3140625 0.56171875 0.10390625 0.16015625
5 0.359375 0.8953125 0.07734375 0.1234375
5 0.33359375 0.95703125 0.0828125 0.08359375
5 0.090625 0.5953125 0.0671875 0.153125