3 0.1703125 0.46171875 0.1421875 0.22265625
3 0.0953125 0.61875 0.13046875 0.18125
3 0.31875 0.853125 0.1609375 0.22578125
3 0.4328125 0.55390625 0.15859375 0.21796875
3 0.60390625 0.16953125 0.11796875 0.17734375
3 0.65859375 0.33125 0.115625 0.17734375
3 0.809375 0.40703125 0.1453125 0.23515625
3 0.85859375 0.528125 0.13984375 0.18125
3 0.9484375 0.6921875 0.10234375 0.20625
4 0.2890625 0.67578125 0.1 0.1484375
4 0.34921875 0.61796875 0.07734375 0.125
5 0.06875 0.303125 0.1015625 0.1359375
5 0.04453125 0.46796875 0.0890625 0.16875
5 0.13125 0.33671875 0.090625 0.12890625
5 0.09375 0.41328125 0.07578125 0.11015625
5 0.2046875 0.27734375 0.09296875 0.13203125
5 0.14140625 0.23984375 0.1109375 0.1015625
5 0.30078125 0.45078125 0.10546875 0.1640625
5 0.246875 0.54140625 0.11875 0.1828125
5 0.4046875 0.2046875 0.0859375 0.13984375
5 0.4296875 0.10234375 0.09609375 0.11640625
5 0.46328125 0.13515625 0.09921875 0.1484375
5 0.52109375 0.14375 0.103125 0.15703125
5 0.46640625 0.234375 0.078125 0.1203125
5 0.4859375 0.325 0.09140625 0.13984375
5 0.52265625 0.48125 0.096875 0.15234375
5 0.63671875 0.42265625 0.0859375 0.125
3 0.59375 0.5171875 0.10859375 0.146875
5 0.73046875 0.48046875 0.11171875 0.17421875
5 0.69140625 0.1078125 0.08515625 0.13515625
5 0.721875 0.04375 0.08984375 0.08671875
5 0.83984375 0.00078125 0.071875 0.0015625
5 0.97109375 0.46015625 0.05546875 0.1703125