3 0.8109375 0.4265625 0.1375 0.19375
3 0.7390625 0.3 0.14296875 0.20078125
3 0.5859375 0.33515625 0.13828125 0.20078125
3 0.509375 0.4015625 0.140625 0.19609375
3 0.54453125 0.2421875 0.1234375 0.1734375
3 0.64453125 0.69140625 0.125 0.184375
3 0.57421875 0.74140625 0.08046875 0.128125
3 0.45546875 0.95703125 0.11875 0.08515625
3 0.33515625 0.9140625 0.11640625 0.17109375
3 0.4984375 0.6625 0.15625 0.2390625
3 0.41953125 0.528125 0.11484375 0.17578125
3 0.43125 0.41484375 0.11171875 0.1671875
3 0.35546875 0.34609375 0.11953125 0.16484375
4 0.63671875 0.4515625 0.12421875 0.1859375
5 0.56875 0.51171875 0.10546875 0.15234375
5 0.6515625 0.209375 0.11015625 0.15703125
5 0.796875 0.04765625 0.12578125 0.0953125
5 0.25546875 0.96640625 0.11015625 0.06640625
5 0.396875 0.9515625 0.0921875 0.09609375