3 0.209375 0.51015625 0.13125 0.20234375
3 0.153125 0.65703125 0.11796875 0.16640625
3 0.3609375 0.834375 0.1453125 0.20859375
3 0.44453125 0.55859375 0.14296875 0.20234375
3 0.5734375 0.20234375 0.1078125 0.16171875
3 0.6296875 0.33671875 0.10625 0.16171875
3 0.76640625 0.38515625 0.13515625 0.21328125
3 0.815625 0.484375 0.125 0.16875
3 0.92578125 0.6140625 0.1390625 0.19140625
4 0.32578125 0.68359375 0.090625 0.1359375
4 0.375 0.62421875 0.071875 0.1140625
5 0.11171875 0.38359375 0.09140625 0.125
5 0.0953125 0.53203125 0.0921875 0.15234375
5 0.16875 0.4046875 0.0828125 0.11875
5 0.13984375 0.47578125 0.06953125 0.1015625
5 0.23046875 0.34375 0.08515625 0.12109375
5 0.17265625 0.31953125 0.096875 0.09921875
5 0.3234375 0.484375 0.09609375 0.14921875
5 0.28125 0.5703125 0.1078125 0.165625
5 0.40078125 0.25625 0.078125 0.12734375
5 0.4171875 0.16328125 0.08671875 0.109375
5 0.44921875 0.18828125 0.090625 0.1359375
5 0.49921875 0.1890625 0.09375 0.14453125
5 0.45703125 0.27421875 0.071875 0.11015625
5 0.47890625 0.3515625 0.084375 0.12734375
5 0.51953125 0.484375 0.0890625 0.13828125
5 0.61640625 0.41875 0.07734375 0.1140625
3 0.58359375 0.50703125 0.09765625 0.1359375
5 0.70078125 0.45859375 0.103125 0.159375
5 0.646875 0.1375 0.07734375 0.12265625
5 0.66796875 0.05859375 0.0828125 0.1171875
5 0.765625 0.00078125 0.06640625 0.0015625
5 0.9171875 0.41015625 0.06875 0.14921875