3 0.2703125 0.81875 0.14140625 0.203125
3 0.2484375 0.65546875 0.146875 0.21015625
3 0.36171875 0.496875 0.14296875 0.209375
3 0.44453125 0.44765625 0.14453125 0.20546875
3 0.3390625 0.390625 0.1265625 0.18203125
3 0.51171875 0.7875 0.1296875 0.1921875
3 0.58203125 0.7359375 0.08515625 0.1328125
3 0.784375 0.7484375 0.1203125 0.15390625
3 0.8234375 0.56484375 0.12109375 0.18515625
3 0.5875 0.5984375 0.1625 0.24765625
3 0.56640625 0.42109375 0.11953125 0.18203125
3 0.5 0.36484375 0.115625 0.1734375
3 0.5109375 0.2328125 0.12265625 0.1734375
4 0.39140625 0.6296875 0.12890625 0.19296875
5 0.465625 0.5875 0.109375 0.159375
5 0.25546875 0.49609375 0.11328125 0.1640625
5 0.06171875 0.53984375 0.1234375 0.1859375
5 0.92421875 0.53125 0.1140625 0.17109375
5 0.81171875 0.66875 0.09453125 0.1375