3 0.76953125 0.93359375 0.08125 0.121875
3 0.7 0.896875 0.07421875 0.1046875
3 0.70546875 0.72265625 0.0765625 0.12265625
3 0.6515625 0.67734375 0.0796875 0.115625
3 0.646875 0.6109375 0.0828125 0.11484375
3 0.515625 0.646875 0.08984375 0.13046875
3 0.40703125 0.66796875 0.07578125 0.10234375
3 0.43046875 0.60546875 0.08671875 0.11796875
3 0.91875 0.56640625 0.06328125 0.1015625
3 0.884375 0.5375 0.07734375 0.12421875
3 0.64296875 0.49296875 0.07734375 0.12890625
3 0.603125 0.4328125 0.07421875 0.1078125
3 0.55390625 0.43984375 0.09765625 0.14453125
3 0.48046875 0.4640625 0.07890625 0.1171875
3 0.45 0.34765625 0.0828125 0.128125
3 0.3671875 0.51171875 0.0796875 0.121875
3 0.665625 0.35703125 0.0671875 0.075
3 0.61171875 0.35234375 0.084375 0.1140625
3 0.540625 0.19765625 0.09609375 0.1328125
3 0.48359375 0.1390625 0.10390625 0.1484375
3 0.61328125 0.209375 0.05859375 0.08046875
4 0.75703125 0.74921875 0.1 0.14765625
5 0.803125 0.9921875 0.059375 0.01484375
5 0.834375 0.9859375 0.053125 0.028125
3 0.9515625 0.44921875 0.0796875 0.11484375
5 0.71953125 0.8578125 0.07734375 0.1140625
5 0.68515625 0.78984375 0.0640625 0.090625
5 0.59921875 0.7421875 0.07578125 0.10703125
5 0.63359375 0.90234375 0.05859375 0.0875
5 0.515625 0.78984375 0.075 0.11171875
5 0.6734375 0.515625 0.09296875 0.1421875
5 0.42265625 0.5140625 0.071875 0.10625
5 0.434375 0.425 0.0546875 0.0828125
5 0.47734375 0.36328125 0.0703125 0.10390625
5 0.39921875 0.3 0.06484375 0.103125
5 0.340625 0.25234375 0.05 0.07421875
5 0.24609375 0.1921875 0.090625 0.13515625
5 0.17421875 0.21640625 0.08515625 0.1109375
5 0.1921875 0.13671875 0.10546875 0.15234375
5 0.196875 0.03515625 0.084375 0.0703125
5 0.4359375 0.0359375 0.06328125 0.071875
5 0.56796875 0.1015625 0.0625 0.0921875
5 0.52421875 0.06640625 0.06328125 0.09453125