3 0.7859375 0.3015625 0.11796875 0.1765625
3 0.64375 0.2765625 0.12734375 0.13359375
3 0.57890625 0.5890625 0.10703125 0.1828125
3 0.46640625 0.61484375 0.10234375 0.16171875
3 0.4265625 0.71875 0.11171875 0.13125
3 0.22421875 0.5140625 0.11796875 0.18046875
3 0.365625 0.88046875 0.09921875 0.1359375
3 0.19140625 0.88203125 0.1265625 0.1421875
4 0.678125 0.5984375 0.13203125 0.2046875
5 0.6625 0.3734375 0.096875 0.16015625
5 0.884375 0.17890625 0.09453125 0.1296875
5 0.40859375 0.44140625 0.103125 0.153125
5 0.28671875 0.2703125 0.11796875 0.15546875
5 0.53984375 0.20625 0.0890625 0.1296875