3 0.79140625 0.27578125 0.12734375 0.19140625
3 0.6421875 0.2578125 0.13671875 0.1484375
3 0.58359375 0.5875 0.115625 0.19765625
3 0.4671875 0.621875 0.11015625 0.175
3 0.4296875 0.7328125 0.1203125 0.14453125
3 0.21171875 0.53203125 0.12734375 0.19375
3 0.36953125 0.9046875 0.10703125 0.146875
3 0.18828125 0.91796875 0.13671875 0.15703125
4 0.68671875 0.59140625 0.14375 0.221875
5 0.6640625 0.35703125 0.10625 0.17265625
5 0.890625 0.14140625 0.10234375 0.140625
5 0.40234375 0.44453125 0.11171875 0.16640625
5 0.2703125 0.27421875 0.1265625 0.16796875
5 0.53203125 0.190625 0.09609375 0.140625