3 0.22265625 0.67734375 0.12578125 0.1890625
3 0.3609375 0.72890625 0.1328125 0.1484375
3 0.45 0.43359375 0.1140625 0.1921875
3 0.56328125 0.42734375 0.10859375 0.171875
3 0.61015625 0.3328125 0.11796875 0.14375
3 0.79296875 0.57109375 0.12578125 0.19140625
3 0.68359375 0.18515625 0.10546875 0.14453125
3 0.8546875 0.21484375 0.1328125 0.15546875
4 0.353125 0.40546875 0.14140625 0.21796875
5 0.3515625 0.63046875 0.1046875 0.1703125
5 0.11640625 0.78046875 0.10078125 0.13984375
5 0.60546875 0.609375 0.11015625 0.1640625
5 0.71171875 0.8 0.1234375 0.16640625
5 0.4578125 0.81640625 0.09453125 0.13828125