3 0.13203125 0.51171875 0.13984375 0.22421875
3 0.22890625 0.52109375 0.1296875 0.19609375
3 0.27890625 0.61796875 0.1734375 0.2609375
3 0.34453125 0.7703125 0.1546875 0.19765625
3 0.48359375 0.71328125 0.15703125 0.2375
3 0.29296875 0.4046875 0.14765625 0.21171875
3 0.41328125 0.2296875 0.0953125 0.140625
3 0.49765625 0.36796875 0.1671875 0.2375
3 0.62421875 0.43359375 0.165625 0.2609375
3 0.759375 0.4265625 0.12421875 0.1640625
3 0.4765625 0.1140625 0.125 0.1765625
5 0.434375 0.68359375 0.12890625 0.1921875
5 0.5796875 0.77265625 0.11328125 0.16796875
5 0.68828125 0.84375 0.10234375 0.14609375
5 0.56171875 0.20625 0.10625 0.16171875
5 0.64609375 0.25390625 0.11015625 0.165625