3 0.09296875 0.51875 0.1546875 0.24765625
3 0.2 0.509375 0.14375 0.21484375
3 0.2546875 0.40234375 0.19140625 0.28671875
3 0.328125 0.234375 0.17109375 0.2171875
3 0.48125 0.29921875 0.17265625 0.2625
3 0.26953125 0.6375 0.16328125 0.234375
3 0.4015625 0.83125 0.10546875 0.15546875
3 0.49609375 0.68046875 0.184375 0.26328125
3 0.6359375 0.609375 0.18203125 0.28828125
3 0.784375 0.61796875 0.1375 0.18125
3 0.47109375 0.93125 0.1375 0.13515625
5 0.42734375 0.33203125 0.1421875 0.2109375
5 0.5875 0.234375 0.125 0.18515625
5 0.7078125 0.15703125 0.1125 0.159375
5 0.56640625 0.859375 0.11796875 0.17734375
5 0.65859375 0.80703125 0.121875 0.1828125