3 0.10234375 0.63125 0.1375 0.23046875
3 0.2078125 0.61015625 0.13125 0.19609375
3 0.275 0.69921875 0.17421875 0.26328125
3 0.3671875 0.8421875 0.16328125 0.18515625
3 0.509375 0.7375 0.15703125 0.23984375
3 0.26015625 0.46484375 0.15078125 0.209375
3 0.36484375 0.2390625 0.09609375 0.1421875
3 0.47578125 0.36015625 0.17265625 0.23515625
3 0.621875 0.390625 0.16328125 0.2671875
3 0.765625 0.3421875 0.13046875 0.15703125
3 0.41796875 0.09296875 0.128125 0.17421875
5 0.4515625 0.7203125 0.12890625 0.1921875
5 0.6203125 0.77109375 0.11484375 0.16875
5 0.74765625 0.81328125 0.1046875 0.14375
5 0.52265625 0.165625 0.10703125 0.16171875
5 0.61953125 0.19140625 0.11015625 0.165625