3 0.4078125 0.8203125 0.1265625 0.16640625
3 0.53984375 0.815625 0.153125 0.22578125
3 0.58984375 0.584375 0.11640625 0.21796875
3 0.66484375 0.49609375 0.10546875 0.15234375
3 0.753125 0.28828125 0.1265625 0.19453125
3 0.65703125 0.2078125 0.1375 0.21015625
3 0.56796875 0.15625 0.1296875 0.18515625
3 0.31953125 0.35234375 0.0953125 0.1484375
5 0.284375 0.60859375 0.1171875 0.17890625
5 0.365625 0.68828125 0.10546875 0.15703125
5 0.44296875 0.6734375 0.09609375 0.1484375
5 0.521875 0.69765625 0.1 0.140625
5 0.53828125 0.55625 0.10390625 0.1546875
5 0.55703125 0.40546875 0.09375 0.13515625
5 0.68828125 0.40625 0.10703125 0.15
5 0.7390625 0.1671875 0.0890625 0.12265625
5 0.4671875 0.42265625 0.0859375 0.12265625
5 0.4484375 0.48984375 0.10703125 0.13046875
5 0.35546875 0.45546875 0.10859375 0.14921875
5 0.384375 0.38359375 0.1046875 0.14453125
5 0.37265625 0.5734375 0.10859375 0.12421875