3 0.63984375 0.78125 0.13984375 0.19375
3 0.5109375 0.81875 0.17265625 0.25625
3 0.428125 0.6109375 0.13828125 0.2359375
3 0.34296875 0.54921875 0.11796875 0.1734375
3 0.22734375 0.37578125 0.14375 0.21875
3 0.309375 0.265625 0.15625 0.23671875
3 0.38828125 0.1875 0.1453125 0.2109375
3 0.6578125 0.296875 0.10859375 0.16640625
5 0.72890625 0.534375 0.1328125 0.2015625
5 0.66171875 0.6390625 0.11953125 0.17734375
5 0.584375 0.64921875 0.109375 0.16640625
5 0.51171875 0.6984375 0.11171875 0.1609375
5 0.475 0.56640625 0.1171875 0.175
5 0.43515625 0.42578125 0.10546875 0.15390625
5 0.3078125 0.46875 0.11953125 0.171875
5 0.2234375 0.25390625 0.09921875 0.14140625
5 0.52421875 0.41328125 0.09609375 0.140625
5 0.55234375 0.4734375 0.11640625 0.1546875
5 0.63828125 0.40859375 0.1203125 0.171875
5 0.59921875 0.3484375 0.11640625 0.16640625
5 0.63828125 0.52890625 0.1171875 0.14921875