3 0.25703125 0.45234375 0.1359375 0.2046875
3 0.52890625 0.40625 0.1484375 0.20859375
3 0.75546875 0.2453125 0.1140625 0.15703125
5 0.2609375 0.68359375 0.084375 0.12890625
5 0.3609375 0.86875 0.084375 0.10703125
5 0.31171875 0.53515625 0.1265625 0.20859375
5 0.5109375 0.56796875 0.1046875 0.15859375
5 0.815625 0.40703125 0.0796875 0.12109375
5 0.90546875 0.27265625 0.08359375 0.1671875
4 0.47734375 0.340625 0.11328125 0.1875
3 0.2703125 0.103125 0.08515625 0.10859375
3 0.3578125 0.12578125 0.06640625 0.084375
3 0.42109375 0.15625 0.06953125 0.08828125