3 0.28125 0.39375 0.14609375 0.2203125
3 0.53828125 0.4203125 0.1578125 0.22578125
3 0.765625 0.32890625 0.12109375 0.1703125
5 0.25859375 0.60859375 0.090625 0.1375
5 0.3296875 0.80546875 0.08828125 0.11796875
5 0.321875 0.484375 0.1375 0.2203125
5 0.503125 0.565625 0.1125 0.1703125
5 0.803125 0.49375 0.0859375 0.1296875
5 0.90078125 0.39296875 0.09453125 0.171875
4 0.49765625 0.34609375 0.12421875 0.1984375
3 0.3328125 0.07421875 0.08984375 0.11953125
3 0.4109375 0.1171875 0.06953125 0.09296875
3 0.46640625 0.16171875 0.07265625 0.096875