3 0.21640625 0.52734375 0.103125 0.21171875
3 0.33046875 0.6359375 0.18125 0.24453125
3 0.4265625 0.8015625 0.1765625 0.22890625
3 0.44296875 0.39296875 0.17265625 0.240625
5 0.24140625 0.20703125 0.11015625 0.159375
5 0.3421875 0.1609375 0.14375 0.13515625
5 0.3359375 0.28203125 0.121875 0.17421875
5 0.3109375 0.41484375 0.13359375 0.19453125
5 0.3359375 0.54609375 0.11953125 0.15
5 0.4359375 0.63984375 0.12421875 0.1640625
5 0.24453125 0.48359375 0.1109375 0.190625
5 0.58125 0.175 0.1203125 0.1625
5 0.44921875 0.23203125 0.09921875 0.15546875
5 0.67578125 0.284375 0.11953125 0.16875
5 0.753125 0.203125 0.140625 0.1953125