3 0.23515625 0.41171875 0.0890625 0.1953125
3 0.3203125 0.55703125 0.16484375 0.21640625
3 0.3796875 0.74765625 0.16015625 0.20234375
3 0.4671875 0.378125 0.15546875 0.2140625
5 0.3140625 0.1265625 0.09921875 0.1421875
5 0.415625 0.12421875 0.13359375 0.1140625
5 0.38828125 0.23359375 0.109375 0.15546875
5 0.34140625 0.3453125 0.11953125 0.17421875
5 0.34140625 0.4765625 0.10859375 0.13203125
5 0.4171875 0.60234375 0.1125 0.1453125
5 0.26875 0.3828125 0.09765625 0.17265625
5 0.6328125 0.23203125 0.10859375 0.14375
5 0.5015625 0.2328125 0.08828125 0.13984375
5 0.70078125 0.37109375 0.10703125 0.15
5 0.7859375 0.32734375 0.12734375 0.1734375