3 0.5203125 0.81875 0.15703125 0.2125
3 0.66640625 0.56640625 0.16640625 0.24375
3 0.7421875 0.43515625 0.1375 0.171875
5 0.80078125 0.2203125 0.10234375 0.14609375
5 0.74375 0.2375 0.07265625 0.13203125
5 0.78203125 0.30703125 0.096875 0.08359375
5 0.76171875 0.3625 0.08203125 0.1109375
5 0.8140625 0.4328125 0.0765625 0.1625
5 0.61484375 0.1140625 0.10546875 0.1515625
5 0.66953125 0.303125 0.10078125 0.1453125
5 0.5640625 0.59609375 0.09140625 0.15234375
5 0.57421875 0.221875 0.09140625 0.1234375