3 0.4984375 0.18046875 0.1515625 0.20234375
3 0.33828125 0.421875 0.16015625 0.23359375
3 0.2546875 0.546875 0.134375 0.1625
5 0.18515625 0.76015625 0.09921875 0.13984375
5 0.24375 0.7484375 0.06875 0.128125
5 0.20859375 0.6734375 0.09609375 0.07578125
5 0.23203125 0.61953125 0.07890625 0.10546875
5 0.18125 0.5421875 0.07109375 0.159375
5 0.36953125 0.8875 0.10234375 0.1453125
5 0.32265625 0.68984375 0.096875 0.1390625
5 0.44375 0.40234375 0.08671875 0.14765625
5 0.415625 0.7828125 0.08828125 0.11796875