3 0.51171875 0.1984375 0.146875 0.196875
3 0.65859375 0.43359375 0.15546875 0.2265625
3 0.73515625 0.5546875 0.1296875 0.15859375
5 0.796875 0.75859375 0.0953125 0.1359375
5 0.7421875 0.7453125 0.0671875 0.1234375
5 0.7765625 0.67578125 0.0921875 0.075
5 0.75546875 0.6234375 0.0765625 0.103125
5 0.8046875 0.553125 0.06953125 0.153125
5 0.62109375 0.871875 0.09921875 0.140625
5 0.66875 0.68671875 0.09375 0.134375
5 0.559375 0.41015625 0.084375 0.14296875
5 0.5796875 0.7703125 0.08515625 0.11484375