3 0.49296875 0.628125 0.18046875 0.27265625
3 0.5890625 0.8515625 0.15546875 0.225
3 0.43515625 0.44453125 0.14140625 0.19296875
5 0.4296875 0.21875 0.1078125 0.13359375
5 0.41796875 0.29140625 0.10390625 0.15
5 0.34921875 0.38046875 0.1015625 0.18671875
5 0.40078125 0.46328125 0.07734375 0.1390625
5 0.6 0.23046875 0.11953125 0.17890625
5 0.62265625 0.3390625 0.09140625 0.1375
4 0.534375 0.23828125 0.0875 0.1296875
5 0.5078125 0.3296875 0.1109375 0.16953125
5 0.58359375 0.6578125 0.0890625 0.15390625