3 0.52421875 0.37734375 0.1625 0.246875
3 0.671875 0.21484375 0.14140625 0.20078125
3 0.42265625 0.5234375 0.13046875 0.16953125
5 0.3625 0.7390625 0.1015625 0.11328125
5 0.36875 0.66171875 0.09453125 0.134375
5 0.32421875 0.53828125 0.0859375 0.1765625
5 0.39453125 0.48671875 0.065625 0.13046875
5 0.53046875 0.82109375 0.1078125 0.1609375
5 0.57890625 0.72890625 0.08203125 0.12421875
4 0.46875 0.77734375 0.0796875 0.11640625
5 0.46484375 0.67421875 0.09921875 0.153125
5 0.61875 0.3984375 0.07734375 0.14375