3 0.63046875 0.45546875 0.09296875 0.1328125
3 0.5984375 0.6140625 0.1015625 0.13203125
3 0.53046875 0.5828125 0.0921875 0.14375
5 0.5375 0.3 0.07890625 0.11875
5 0.50546875 0.375 0.0703125 0.1046875
5 0.53828125 0.4140625 0.08046875 0.13203125
5 0.55625 0.49921875 0.06640625 0.0953125
5 0.59921875 0.5453125 0.07421875 0.09765625
5 0.37265625 0.359375 0.06953125 0.1015625
5 0.40859375 0.44765625 0.05625 0.0890625
5 0.3390625 0.46796875 0.06875 0.1140625
5 0.359375 0.61328125 0.065625 0.10703125
5 0.315625 0.6671875 0.0625 0.0984375
5 0.2609375 0.7 0.071875 0.11875
5 0.31796875 0.77734375 0.0453125 0.059375