3 0.37578125 0.4375 0.0984375 0.1421875
3 0.46171875 0.32890625 0.10703125 0.14296875
3 0.5078125 0.4125 0.09921875 0.153125
5 0.396875 0.646875 0.084375 0.12734375
5 0.4515625 0.609375 0.07578125 0.1125
5 0.43828125 0.54921875 0.08671875 0.13984375
5 0.4546875 0.4625 0.0703125 0.10234375
5 0.4359375 0.38671875 0.078125 0.10546875
5 0.55859375 0.73359375 0.0734375 0.109375
5 0.56171875 0.62890625 0.06015625 0.09453125
5 0.628125 0.66953125 0.07421875 0.12109375
5 0.6640625 0.52890625 0.07109375 0.11328125
5 0.721875 0.5203125 0.0671875 0.1046875
5 0.78046875 0.5375 0.07734375 0.12578125
5 0.76015625 0.425 0.04765625 0.06484375