3 0.35390625 0.83125 0.13515625 0.1921875
3 0.41875 0.58984375 0.16640625 0.23984375
3 0.53828125 0.44765625 0.17578125 0.24609375
3 0.353125 0.21484375 0.16796875 0.23671875
5 0.4140625 0.79375 0.1125 0.16171875
5 0.45625 0.93046875 0.09609375 0.1359375
5 0.4078125 0.38671875 0.134375 0.19453125
5 0.4921875 0.37890625 0.1046875 0.14609375
5 0.48203125 0.29765625 0.1 0.125
5 0.52109375 0.56171875 0.084375 0.1234375
5 0.57265625 0.56640625 0.10078125 0.13828125
5 0.65859375 0.8484375 0.090625 0.13828125
5 0.62109375 0.91796875 0.10703125 0.12734375
5 0.7203125 0.84609375 0.08203125 0.11171875