3 0.77578125 0.56640625 0.1109375 0.159375
3 0.64765625 0.47421875 0.12578125 0.18515625
3 0.521875 0.48203125 0.12578125 0.1765625
3 0.54453125 0.20078125 0.12265625 0.16953125
3 0.7359375 0.8375 0.1140625 0.13125
5 0.75703125 0.709375 0.0671875 0.1015625
5 0.80625 0.8125 0.0703125 0.10078125
5 0.64453125 0.840625 0.08046875 0.13125
5 0.7296875 0.5890625 0.0765625 0.1203125
5 0.68984375 0.45703125 0.06015625 0.1171875
5 0.57421875 0.5359375 0.08125 0.11171875
5 0.55234375 0.5796875 0.075 0.1078125
5 0.56796875 0.3375 0.103125 0.14140625
5 0.51953125 0.40546875 0.0765625 0.1125
5 0.49609375 0.34453125 0.0703125 0.0828125