3 0.725 0.89140625 0.1015625 0.15
3 0.78046875 0.82109375 0.10625 0.13984375
3 0.82578125 0.71640625 0.1 0.1359375
3 0.73046875 0.61875 0.103125 0.1359375
3 0.73515625 0.525 0.09609375 0.1328125
3 0.63203125 0.65625 0.090625 0.1515625
3 0.5734375 0.8578125 0.0984375 0.13828125
3 0.54140625 0.76640625 0.06328125 0.0953125
3 0.52578125 0.5453125 0.09453125 0.140625
3 0.43515625 0.4109375 0.09375 0.1359375
3 0.43828125 0.31484375 0.06484375 0.09140625
3 0.41875 0.25234375 0.06640625 0.13984375
3 0.37578125 0.2203125 0.09609375 0.16484375
3 0.31953125 0.24140625 0.0859375 0.13125
3 0.26875 0.35 0.109375 0.1671875
3 0.275 0.17421875 0.0984375 0.16015625
3 0.1984375 0.15078125 0.09375 0.14609375
4 0.68515625 0.7046875 0.08984375 0.1359375
4 0.4890625 0.62578125 0.06953125 0.1078125
4 0.57265625 0.5640625 0.05234375 0.11328125
4 0.46484375 0.5484375 0.07421875 0.1265625
4 0.85859375 0.8 0.05078125 0.115625
4 0.47109375 0.6875 0.07421875 0.090625
5 0.33515625 0.634375 0.06796875 0.0953125
5 0.3625 0.35390625 0.0953125 0.128125
5 0.14921875 0.29296875 0.0828125 0.128125
5 0.67265625 0.5484375 0.078125 0.11015625
5 0.60546875 0.56171875 0.07109375 0.11953125