3 0.5953125 0.47421875 0.0984375 0.16953125
3 0.67890625 0.49609375 0.128125 0.19375
4 0.425 0.5109375 0.0828125 0.1234375
5 0.29296875 0.84140625 0.1046875 0.146875
5 0.45390625 0.8734375 0.09453125 0.13515625
5 0.46796875 0.74609375 0.078125 0.12265625
5 0.6390625 0.55703125 0.08671875 0.128125
5 0.6453125 0.6625 0.08125 0.1296875
5 0.575 0.2265625 0.0765625 0.11796875
5 0.66171875 0.25546875 0.08359375 0.15
5 0.71640625 0.165625 0.0875 0.134375
5 0.8046875 0.146875 0.0953125 0.14609375
5 0.8921875 0.171875 0.084375 0.15546875