3 0.58515625 0.4484375 0.1125 0.18515625
3 0.66640625 0.44453125 0.14375 0.21640625
4 0.43125 0.53359375 0.0921875 0.13828125
5 0.35078125 0.88046875 0.11640625 0.16640625
5 0.50546875 0.8625 0.1046875 0.153125
5 0.50234375 0.73984375 0.08828125 0.1359375
5 0.63671875 0.51328125 0.096875 0.14375
5 0.65703125 0.609375 0.09140625 0.14375
5 0.534375 0.2234375 0.0859375 0.13125
5 0.61875 0.225 0.09609375 0.1625
5 0.65859375 0.12578125 0.0984375 0.15
5 0.73828125 0.08203125 0.10703125 0.1625
5 0.82265625 0.08203125 0.09765625 0.16328125