3 0.4078125 0.46796875 0.02265625 0.0328125
3 0.4234375 0.4703125 0.0171875 0.0265625
3 0.42734375 0.4375 0.01796875 0.0265625
3 0.44140625 0.43203125 0.01796875 0.02578125
3 0.44140625 0.4140625 0.015625 0.021875
3 0.45390625 0.428125 0.01328125 0.02109375
3 0.54609375 0.50703125 0.0203125 0.0296875
3 0.53515625 0.5171875 0.0171875 0.02578125
3 0.55078125 0.48359375 0.01875 0.0296875
3 0.56796875 0.4828125 0.01953125 0.02890625
3 0.55078125 0.4421875 0.01875 0.028125
3 0.56328125 0.434375 0.01484375 0.021875
3 0.496875 0.75 0.021875 0.034375
3 0.5125 0.76015625 0.021875 0.028125
3 0.53046875 0.73828125 0.02421875 0.0375
3 0.54765625 0.74453125 0.0203125 0.03046875
3 0.5453125 0.78671875 0.02421875 0.0375
3 0.7671875 0.61796875 0.02265625 0.034375
3 0.771875 0.65 0.02109375 0.034375
3 0.86796875 0.66015625 0.025 0.03515625
3 0.88046875 0.68359375 0.02734375 0.03984375
3 0.90546875 0.65859375 0.0234375 0.0390625
4 0.48125 0.890625 0.01875 0.028125
5 0.4734375 0.9203125 0.015625 0.02265625
5 0.48984375 0.91875 0.01875 0.02734375
5 0.50078125 0.86015625 0.01796875 0.028125
5 0.515625 0.86875 0.021875 0.03046875
4 0.78203125 0.67421875 0.0203125 0.03046875
4 0.78984375 0.69453125 0.02109375 0.03203125
4 0.84453125 0.6921875 0.01796875 0.02578125
5 0.76015625 0.63984375 0.0203125 0.028125
5 0.76328125 0.659375 0.01953125 0.0296875
5 0.78359375 0.6328125 0.0171875 0.02734375
5 0.7875 0.65859375 0.01796875 0.028125
5 0.7984375 0.58984375 0.0234375 0.0328125
5 0.840625 0.621875 0.02109375 0.03203125
5 0.8640625 0.61171875 0.01875 0.02890625
5 0.86015625 0.57890625 0.01953125 0.028125
5 0.834375 0.68203125 0.01640625 0.02109375
5 0.84921875 0.67890625 0.01328125 0.0203125
5 0.91328125 0.64609375 0.01875 0.0265625
5 0.92734375 0.64921875 0.0171875 0.02421875
5 0.928125 0.62890625 0.01796875 0.02421875
5 0.90546875 0.634375 0.01640625 0.02109375
5 0.8921875 0.63671875 0.01640625 0.02421875
4 0.52421875 0.4875 0.01484375 0.0234375
4 0.51484375 0.50625 0.01328125 0.02109375
4 0.5546875 0.46171875 0.0140625 0.021875
4 0.5640625 0.45 0.01640625 0.02421875
4 0.53203125 0.4484375 0.01640625 0.021875
4 0.5546875 0.39453125 0.015625 0.02265625
4 0.5703125 0.38828125 0.01484375 0.021875