3 0.58046875 0.41328125 0.01953125 0.0265625
3 0.56640625 0.425 0.0140625 0.021875
3 0.55390625 0.396875 0.01484375 0.021875
3 0.53984375 0.40078125 0.01484375 0.02109375
3 0.53515625 0.38359375 0.01328125 0.0171875
3 0.52734375 0.40390625 0.0109375 0.01796875
3 0.4625 0.53359375 0.01640625 0.02421875
3 0.47578125 0.5359375 0.01484375 0.02109375
3 0.45234375 0.5140625 0.01484375 0.02578125
3 0.43515625 0.52421875 0.01640625 0.02421875
3 0.440625 0.4765625 0.015625 0.0234375
3 0.4265625 0.4765625 0.0125 0.0171875
3 0.5734375 0.72890625 0.0171875 0.0296875
3 0.56171875 0.7484375 0.01953125 0.02109375
3 0.5390625 0.7390625 0.01953125 0.03125
3 0.525 0.75546875 0.0171875 0.025
3 0.53828125 0.79296875 0.01953125 0.03125
3 0.28671875 0.7703125 0.01875 0.028125
3 0.29140625 0.803125 0.01640625 0.0296875
3 0.2046875 0.87109375 0.021875 0.028125
3 0.1984375 0.9 0.0234375 0.03203125
3 0.16875 0.8921875 0.01796875 0.034375
4 0.6265625 0.85078125 0.015625 0.0234375
5 0.64140625 0.8734375 0.01328125 0.01796875
5 0.62578125 0.88203125 0.015625 0.021875
5 0.6 0.83359375 0.01484375 0.02265625
5 0.58828125 0.85078125 0.01796875 0.025
4 0.28828125 0.83203125 0.0171875 0.02578125
4 0.28671875 0.85546875 0.01796875 0.02578125
4 0.23515625 0.8859375 0.015625 0.0203125
5 0.29921875 0.78671875 0.0171875 0.021875
5 0.3015625 0.80703125 0.015625 0.025
5 0.275 0.79453125 0.01328125 0.0234375
5 0.27890625 0.8203125 0.01484375 0.02421875
5 0.25 0.76328125 0.01953125 0.0265625
5 0.21953125 0.81875 0.0171875 0.0265625
5 0.19453125 0.8234375 0.01484375 0.02421875
5 0.18984375 0.790625 0.01640625 0.0234375
5 0.24140625 0.87109375 0.0140625 0.01640625
5 0.2265625 0.8765625 0.0109375 0.0171875
5 0.15859375 0.88515625 0.015625 0.021875
5 0.146875 0.896875 0.0140625 0.0203125
5 0.13984375 0.878125 0.015625 0.01875
5 0.1625 0.8703125 0.0140625 0.015625
5 0.17578125 0.86328125 0.0140625 0.01953125
4 0.478125 0.50234375 0.01171875 0.0203125
4 0.49140625 0.5140625 0.01015625 0.01796875
4 0.4421875 0.49609375 0.01171875 0.01796875
4 0.43046875 0.490625 0.01328125 0.01953125
4 0.46015625 0.4703125 0.0140625 0.0171875
4 0.42421875 0.434375 0.0125 0.01875
4 0.4078125 0.4375 0.0125 0.01796875