3 0.91015625 0.65 0.04296875 0.0625
3 0.95234375 0.58984375 0.046875 0.06875
3 0.43671875 0.4609375 0.05078125 0.0734375
3 0.4265625 0.38828125 0.0453125 0.06875
3 0.2078125 0.41171875 0.05234375 0.078125
3 0.18203125 0.375 0.059375 0.08359375
3 0.13515625 0.38515625 0.04296875 0.06484375
3 0.12890625 0.440625 0.06640625 0.10390625
3 0.26875 0.2703125 0.04765625 0.0671875
4 0.39375 0.3453125 0.04765625 0.07109375
4 0.37265625 0.3015625 0.05078125 0.0734375
4 0.25234375 0.334375 0.04609375 0.0640625
5 0.39921875 0.4390625 0.03828125 0.0578125
5 0.38359375 0.38515625 0.046875 0.06875
5 0.3765625 0.53828125 0.0546875 0.078125
5 0.4484375 0.4078125 0.04765625 0.0671875
5 0.44140625 0.3640625 0.0375 0.05859375
5 0.275 0.4859375 0.04921875 0.075
5 0.275 0.35625 0.04140625 0.05859375
5 0.2265625 0.5234375 0.04140625 0.0609375
5 0.240625 0.5953125 0.04296875 0.06640625
5 0.12890625 0.49453125 0.03984375 0.0578125
5 0.11015625 0.47109375 0.04140625 0.0625
5 0.07734375 0.4703125 0.0421875 0.0609375
5 0.0796875 0.515625 0.04296875 0.06640625