3 0.86484375 0.7375 0.0390625 0.05234375
3 0.91015625 0.69140625 0.040625 0.0609375
3 0.44921875 0.44765625 0.0453125 0.0640625
3 0.446875 0.37734375 0.0390625 0.0609375
3 0.2421875 0.34609375 0.04609375 0.06953125
3 0.221875 0.30625 0.05390625 0.07109375
3 0.178125 0.30390625 0.03828125 0.05625
3 0.16640625 0.35390625 0.05703125 0.0921875
3 0.3140625 0.23046875 0.0421875 0.05859375
4 0.421875 0.33125 0.04140625 0.0609375
4 0.40625 0.28515625 0.0453125 0.06484375
4 0.29140625 0.2859375 0.040625 0.05546875
5 0.41640625 0.41796875 0.03359375 0.04921875
5 0.4078125 0.3640625 0.040625 0.0609375
5 0.384375 0.50390625 0.04921875 0.0671875
5 0.465625 0.4015625 0.04296875 0.0578125
5 0.46328125 0.359375 0.0328125 0.0515625
5 0.296875 0.43125 0.04296875 0.06640625
5 0.31015625 0.3109375 0.0375 0.05
5 0.24765625 0.45390625 0.03671875 0.05234375
5 0.253125 0.52421875 0.0375 0.0578125
5 0.16015625 0.403125 0.03671875 0.04921875
5 0.14609375 0.37734375 0.03671875 0.05390625
5 0.115625 0.36796875 0.0375 0.05234375
5 0.11328125 0.4109375 0.03828125 0.0578125