3 0.73515625 0.4296875 0.1328125 0.1984375
3 0.4671875 0.41640625 0.1484375 0.2109375
3 0.54765625 0.48359375 0.0734375 0.0859375
3 0.70390625 0.08984375 0.06953125 0.0890625
3 0.6234375 0.12421875 0.059375 0.08671875
3 0.56484375 0.1625 0.0609375 0.07890625
3 0.240625 0.28828125 0.11015625 0.17109375
5 0.74296875 0.6546875 0.08828125 0.1203125
5 0.659375 0.84921875 0.09453125 0.09375
5 0.6859375 0.503125 0.1328125 0.20703125
5 0.5015625 0.56875 0.10546875 0.17265625
5 0.1 0.334375 0.0828125 0.1625
4 0.5171875 0.34765625 0.103125 0.18046875