3 0.52734375 0.3703125 0.040625 0.0609375
3 0.55 0.3 0.03828125 0.05546875
3 0.48671875 0.30859375 0.04140625 0.0625
3 0.92109375 0.31953125 0.0390625 0.05625
3 0.6203125 0.7015625 0.03984375 0.0625
3 0.553125 0.52578125 0.03828125 0.05625
3 0.64765625 0.4875 0.0375 0.0515625
3 0.521875 0.7265625 0.0296875 0.04921875
3 0.5109375 0.82578125 0.028125 0.04140625
3 0.58359375 0.81953125 0.03359375 0.04140625
4 0.51171875 0.6203125 0.03203125 0.046875
4 0.59140625 0.64921875 0.03125 0.04296875
5 0.70859375 0.6921875 0.02734375 0.0390625
5 0.525 0.8109375 0.02421875 0.03671875
5 0.534375 0.83125 0.02421875 0.0296875