3 0.54921875 0.3703125 0.03671875 0.05625
3 0.584375 0.30546875 0.0359375 0.04921875
3 0.51640625 0.2921875 0.0375 0.0578125
3 0.965625 0.45 0.03671875 0.0515625
3 0.596875 0.7453125 0.03671875 0.05859375
3 0.55390625 0.53984375 0.0359375 0.05
3 0.65703125 0.5328125 0.03515625 0.0453125
3 0.490625 0.73828125 0.02578125 0.04765625
3 0.46484375 0.8375 0.025 0.03828125
3 0.54140625 0.85546875 0.0328125 0.03671875
4 0.496875 0.62421875 0.0296875 0.04296875
4 0.575 0.68046875 0.03046875 0.03828125
5 0.68984375 0.765625 0.025 0.03515625
5 0.48203125 0.8265625 0.02265625 0.0328125
5 0.4890625 0.85078125 0.0234375 0.02734375