3 0.52421875 0.3625 0.04296875 0.06484375
3 0.546875 0.28671875 0.040625 0.05859375
3 0.4796875 0.29921875 0.04375 0.06640625
3 0.9359375 0.2859375 0.04140625 0.06015625
3 0.63046875 0.70390625 0.0421875 0.0671875
3 0.55625 0.52421875 0.04140625 0.06015625
3 0.65390625 0.47890625 0.03984375 0.05546875
3 0.528125 0.7375 0.03125 0.05234375
3 0.51875 0.8421875 0.03046875 0.04375
3 0.5953125 0.83046875 0.0359375 0.0453125
4 0.51484375 0.62578125 0.034375 0.05
4 0.59921875 0.65078125 0.03359375 0.046875
5 0.7234375 0.68984375 0.02890625 0.04140625
5 0.53359375 0.825 0.02578125 0.03828125
5 0.54375 0.8453125 0.02578125 0.0328125