3 0.2984375 0.934375 0.128125 0.13046875
3 0.41328125 0.784375 0.140625 0.21328125
3 0.5125 0.61796875 0.1453125 0.2015625
3 0.54453125 0.4453125 0.10703125 0.165625
3 0.54453125 0.3484375 0.11953125 0.1640625
3 0.6484375 0.34296875 0.1171875 0.1671875
5 0.3296875 0.96171875 0.075 0.07578125
5 0.45078125 0.92109375 0.084375 0.115625
5 0.38203125 0.9265625 0.078125 0.1140625
5 0.35 0.8140625 0.078125 0.13984375
5 0.4609375 0.69609375 0.07265625 0.11015625
5 0.52890625 0.775 0.06796875 0.10859375
5 0.51640625 0.89453125 0.0734375 0.1109375
5 0.59765625 0.478125 0.0875 0.13671875
5 0.49296875 0.52265625 0.09140625 0.1078125
5 0.46953125 0.38359375 0.0796875 0.121875
5 0.85390625 0.725 0.09375 0.140625
4 0.7421875 0.16328125 0.10859375 0.16796875