3 0.2328125 0.46484375 0.08359375 0.1203125
3 0.2953125 0.46171875 0.084375 0.12421875
3 0.3390625 0.5390625 0.071875 0.1125
3 0.35 0.69453125 0.0875 0.13203125
3 0.40078125 0.75078125 0.07265625 0.10390625
3 0.46796875 0.60703125 0.06796875 0.11953125
3 0.36796875 0.21640625 0.08359375 0.1203125
3 0.48359375 0.24609375 0.065625 0.0984375
3 0.5609375 0.384375 0.10625 0.15859375
3 0.6203125 0.4578125 0.084375 0.12890625
3 0.64765625 0.628125 0.0734375 0.109375
3 0.68984375 0.60390625 0.0640625 0.1
3 0.63125 0.671875 0.07734375 0.1046875
3 0.65 0.72578125 0.0703125 0.1046875
3 0.71015625 0.71328125 0.0625 0.0953125
3 0.68671875 0.790625 0.06171875 0.1015625
3 0.74375 0.83046875 0.09375 0.134375
3 0.76953125 0.76328125 0.0671875 0.11484375
3 0.7125 0.18671875 0.09765625 0.1546875
3 0.90234375 0.828125 0.07109375 0.1015625
4 0.1390625 0.39765625 0.07890625 0.10703125
4 0.171875 0.4765625 0.08203125 0.10390625
4 0.59921875 0.5796875 0.07734375 0.1140625
4 0.0515625 0.659375 0.0796875 0.09921875
5 0.16484375 0.15234375 0.07734375 0.11328125
5 0.24609375 0.18515625 0.0625 0.1
5 0.2953125 0.10078125 0.06796875 0.1015625
5 0.34453125 0.06953125 0.06328125 0.09375
5 0.42734375 0.1921875 0.0609375 0.0828125
5 0.55078125 0.30625 0.07265625 0.1
5 0.665625 0.3796875 0.05703125 0.07890625
5 0.61953125 0.3328125 0.06015625 0.08828125
5 0.71953125 0.4640625 0.065625 0.0984375
5 0.2203125 0.53125 0.053125 0.075
5 0.25078125 0.5203125 0.05234375 0.0609375
5 0.44453125 0.803125 0.0609375 0.07578125
5 0.83984375 0.525 0.07890625 0.125
5 0.909375 0.32734375 0.05 0.09140625
5 0.965625 0.4296875 0.059375 0.1125
5 0.9578125 0.515625 0.05078125 0.10703125
5 0.68359375 0.2890625 0.08046875 0.11015625
5 0.05859375 0.70546875 0.0671875 0.08828125