3 0.271875 0.43203125 0.0671875 0.0953125
3 0.3234375 0.4578125 0.0671875 0.0984375
3 0.3734375 0.4109375 0.05625 0.090625
3 0.40859375 0.2859375 0.06953125 0.10546875
3 0.4609375 0.259375 0.0578125 0.08203125
3 0.4921875 0.4046875 0.053125 0.09765625
3 0.3421875 0.68984375 0.0671875 0.0953125
3 0.4421875 0.709375 0.05234375 0.078125
3 0.53046875 0.625 0.084375 0.12578125
3 0.5921875 0.58671875 0.0671875 0.103125
3 0.64375 0.45546875 0.05859375 0.0875
3 0.675 0.4921875 0.05078125 0.08046875
3 0.63828125 0.41328125 0.0625 0.08203125
3 0.6625 0.37578125 0.05546875 0.08359375
3 0.7109375 0.409375 0.05 0.07578125
3 0.7046875 0.3359375 0.0484375 0.08125
3 0.75859375 0.325 0.07578125 0.10625
3 0.76796875 0.390625 0.05234375 0.09296875
3 0.62265625 0.846875 0.07734375 0.12421875
3 0.88984375 0.38828125 0.05703125 0.08046875
4 0.1828125 0.45078125 0.06328125 0.08359375
4 0.2234375 0.3984375 0.06640625 0.08125
4 0.59609375 0.47734375 0.06171875 0.090625
4 0.15546875 0.2 0.06484375 0.0765625
5 0.1625 0.66484375 0.06171875 0.090625
5 0.23515625 0.66875 0.04921875 0.08046875
5 0.26171875 0.7578125 0.05390625 0.08046875
5 0.29765625 0.803125 0.05078125 0.07421875
5 0.38671875 0.7328125 0.04921875 0.065625
5 0.509375 0.68515625 0.05859375 0.07890625
5 0.61640625 0.66875 0.04609375 0.06171875
5 0.5703125 0.68984375 0.04765625 0.0703125
5 0.67578125 0.61953125 0.05234375 0.078125
5 0.2734375 0.371875 0.0421875 0.059375
5 0.29609375 0.3921875 0.04296875 0.046875
5 0.50546875 0.2328125 0.05 0.05859375
5 0.7859375 0.615625 0.0625 0.10078125
5 0.81015625 0.80625 0.03828125 0.07421875
5 0.87421875 0.74296875 0.0453125 0.0921875
5 0.88203125 0.66875 0.03828125 0.0890625
5 0.61640625 0.75078125 0.06484375 0.0859375
5 0.16875 0.16484375 0.0546875 0.06875