3 0.50625 0.30078125 0.16796875 0.2484375
3 0.55546875 0.465625 0.15625 0.22109375
3 0.64453125 0.77734375 0.17109375 0.246875
3 0.759375 0.8890625 0.17578125 0.221875
3 0.77890625 0.77265625 0.15078125 0.165625
5 0.36328125 0.35078125 0.0984375 0.15625
5 0.43671875 0.3125 0.1015625 0.1578125
5 0.36640625 0.559375 0.0921875 0.15390625
5 0.4109375 0.6796875 0.0921875 0.13828125
5 0.44453125 0.58515625 0.0640625 0.10703125
5 0.53828125 0.89609375 0.0953125 0.14296875
5 0.60546875 0.95 0.1109375 0.1
5 0.4203125 0.49453125 0.08671875 0.1421875