3 0.4921875 0.68515625 0.15625 0.23125
3 0.45390625 0.53359375 0.14453125 0.20546875
3 0.3828125 0.246875 0.15859375 0.2296875
3 0.28359375 0.12421875 0.16328125 0.23671875
3 0.26171875 0.2421875 0.1375 0.15625
5 0.62265625 0.65078125 0.09140625 0.1453125
5 0.55546875 0.6796875 0.09453125 0.146875
5 0.6265625 0.4625 0.08671875 0.1421875
5 0.58984375 0.35078125 0.08515625 0.128125
5 0.55703125 0.434375 0.059375 0.0984375
5 0.48203125 0.14765625 0.0890625 0.1328125
5 0.4234375 0.0875 0.1015625 0.11171875
5 0.575 0.5171875 0.08125 0.13203125