3 0.67734375 0.42265625 0.07421875 0.1015625
3 0.3234375 0.86015625 0.0796875 0.11171875
3 0.2453125 0.7734375 0.0875 0.1140625
3 0.18984375 0.6078125 0.09765625 0.1328125
3 0.50546875 0.5453125 0.096875 0.11953125
3 0.58828125 0.58984375 0.0796875 0.11328125
3 0.11484375 0.56796875 0.06015625 0.109375
3 0.14921875 0.5140625 0.08515625 0.09375
4 0.6421875 0.509375 0.071875 0.0984375
4 0.5828125 0.46875 0.0640625 0.1125
4 0.5328125 0.51640625 0.065625 0.10390625
4 0.61953125 0.72734375 0.0703125 0.08359375
4 0.409375 0.80234375 0.0828125 0.1
5 0.67890625 0.5765625 0.04609375 0.08359375
5 0.64296875 0.57734375 0.053125 0.06640625
5 0.58125 0.4796875 0.046875 0.07734375
5 0.5203125 0.4546875 0.0671875 0.0796875
5 0.52421875 0.7828125 0.05625 0.06796875
5 0.4921875 0.73125 0.05859375 0.09140625
5 0.49140625 0.65 0.04140625 0.0640625
5 0.54453125 0.628125 0.0546875 0.0828125
5 0.13125 0.765625 0.04765625 0.07578125