3 0.7046875 0.43671875 0.10546875 0.15390625
3 0.19296875 0.3015625 0.1140625 0.1671875
3 0.1484375 0.453125 0.12265625 0.175
3 0.15625 0.6625 0.13828125 0.20078125
3 0.48984375 0.459375 0.13359375 0.1875
3 0.55546875 0.34609375 0.11484375 0.16875
3 0.096875 0.7640625 0.09375 0.15
3 0.15078125 0.78828125 0.1140625 0.153125
4 0.63828125 0.3796875 0.10234375 0.1484375
4 0.59453125 0.46953125 0.0984375 0.15703125
4 0.52734375 0.46484375 0.09765625 0.14921875
4 0.534375 0.18359375 0.0953125 0.13203125
4 0.3 0.2859375 0.1140625 0.1578125
5 0.64921875 0.28359375 0.071875 0.115625
5 0.61328125 0.3125 0.0734375 0.103125
5 0.5890625 0.46015625 0.07109375 0.11015625
5 0.53828125 0.5359375 0.0921875 0.1265625
5 0.41953125 0.21015625 0.07734375 0.1078125
5 0.4078125 0.2875 0.08671875 0.1328125
5 0.43671875 0.36796875 0.06171875 0.09296875
5 0.49765625 0.3453125 0.08046875 0.12109375
5 0.0390625 0.55625 0.07109375 0.109375