3 0.684375 0.36015625 0.11953125 0.1640625
3 0.72734375 0.44140625 0.13046875 0.17421875
3 0.621875 0.42109375 0.1171875 0.18203125
3 0.2546875 0.2828125 0.12734375 0.190625
5 0.87421875 0.0625 0.090625 0.12421875
5 0.91484375 0.2859375 0.0734375 0.1546875
5 0.78515625 0.22109375 0.09609375 0.13359375
5 0.7140625 0.16875 0.0921875 0.13125
5 0.63125 0.246875 0.090625 0.109375
5 0.62109375 0.3109375 0.08125 0.0984375
5 0.3171875 0.1921875 0.09453125 0.14296875
5 0.184375 0.2109375 0.08359375 0.10625
5 0.16796875 0.28671875 0.08671875 0.14296875
5 0.065625 0.296875 0.09921875 0.1515625
5 0.1953125 0.39921875 0.0859375 0.1421875
5 0.284375 0.4140625 0.10390625 0.1453125
5 0.1296875 0.7234375 0.103125 0.171875
4 0.453125 0.809375 0.08125 0.1296875
3 0.50078125 0.5625 0.10234375 0.14765625
3 0.4203125 0.64921875 0.09609375 0.13671875
3 0.93203125 0.690625 0.084375 0.13359375
3 0.66640625 0.86484375 0.08984375 0.1140625
3 0.91328125 0.353125 0.09453125 0.165625