3 0.69140625 0.46875 0.109375 0.1484375
3 0.71015625 0.56015625 0.11953125 0.1578125
3 0.6234375 0.490625 0.10703125 0.165625
3 0.3359375 0.190625 0.115625 0.17265625
5 0.9203125 0.30234375 0.0828125 0.11875
5 0.90625 0.51875 0.06640625 0.14140625
5 0.80859375 0.3984375 0.0875 0.12109375
5 0.75859375 0.31875 0.08359375 0.11875
5 0.66953125 0.3453125 0.0828125 0.0984375
5 0.646875 0.3953125 0.07421875 0.0890625
5 0.41015625 0.14375 0.08671875 0.1296875
5 0.29140625 0.09453125 0.0765625 0.09609375
5 0.2609375 0.1515625 0.078125 0.13046875
5 0.16953125 0.109375 0.090625 0.13828125
5 0.26015625 0.2625 0.078125 0.1296875
5 0.33359375 0.31875 0.0953125 0.13203125
5 0.13203125 0.51015625 0.09296875 0.15625
4 0.39296875 0.74375 0.07421875 0.11875
3 0.4875 0.55390625 0.09375 0.134375
3 0.39921875 0.58828125 0.0875 0.12421875
3 0.8328125 0.8765625 0.0765625 0.121875
3 0.56484375 0.89609375 0.08203125 0.103125
3 0.88984375 0.57578125 0.08515625 0.1515625