3 0.68671875 0.5640625 0.12421875 0.17890625
3 0.684375 0.659375 0.134375 0.19140625
3 0.61875 0.5515625 0.12578125 0.19140625
3 0.415625 0.1296875 0.13515625 0.20234375
5 0.9375 0.521875 0.0953125 0.140625
5 0.8765625 0.7171875 0.08671875 0.15078125
5 0.81171875 0.55625 0.1 0.1453125
5 0.78203125 0.45703125 0.09609375 0.14140625
5 0.69375 0.43828125 0.090625 0.12421875
5 0.66171875 0.47421875 0.08125 0.1109375
5 0.4953125 0.121875 0.10078125 0.1515625
5 0.39453125 0.03828125 0.08515625 0.0765625
5 0.35234375 0.0640625 0.0953125 0.128125
5 0.278125 0.02578125 0.10625 0.0515625
5 0.32890625 0.15859375 0.09453125 0.146875
5 0.38515625 0.24765625 0.10859375 0.1578125
5 0.1546875 0.32734375 0.1125 0.17734375
4 0.34765625 0.67421875 0.08828125 0.13515625
3 0.478125 0.54296875 0.1078125 0.159375
3 0.3875 0.5328125 0.10078125 0.14765625
3 0.7296875 0.97265625 0.09140625 0.05390625
3 0.475 0.90234375 0.090625 0.12734375
3 0.84921875 0.7625 0.1046875 0.16796875