3 0.075 0.38984375 0.13046875 0.18203125
3 0.06953125 0.52578125 0.13828125 0.2078125
3 0.221875 0.5484375 0.1328125 0.196875
3 0.271875 0.64453125 0.12578125 0.17421875
3 0.29296875 0.396875 0.1421875 0.2140625
3 0.4421875 0.41484375 0.1171875 0.17265625
3 0.534375 0.459375 0.1140625 0.203125
3 0.5921875 0.44375 0.1203125 0.16875
3 0.728125 0.5859375 0.1359375 0.21171875
3 0.7578125 0.52890625 0.11015625 0.1640625
3 0.74921875 0.37109375 0.140625 0.215625
3 0.83828125 0.525 0.12890625 0.19453125
3 0.91953125 0.46796875 0.125 0.19296875
4 0.021875 0.49140625 0.04375 0.14765625
4 0.21953125 0.4125 0.1203125 0.18359375
4 0.446875 0.1765625 0.10625 0.16015625
4 0.42109375 0.2390625 0.0921875 0.1234375
4 0.4421875 0.29140625 0.09609375 0.14921875
4 0.50859375 0.32265625 0.1171875 0.1875
4 0.396875 0.43359375 0.0921875 0.16640625
4 0.47734375 0.46484375 0.1125 0.1578125
5 0.6640625 0.46796875 0.12109375 0.18046875
5 0.90703125 0.2828125 0.10078125 0.159375
5 0.58671875 0.11484375 0.08828125 0.13515625
5 0.36171875 0.46875 0.09296875 0.1578125
5 0.3078125 0.53828125 0.10390625 0.1546875