3 0.79453125 0.80234375 0.159375 0.17890625
3 0.73359375 0.5015625 0.13125 0.1796875
3 0.7265625 0.36484375 0.11796875 0.13671875
3 0.60078125 0.58046875 0.13046875 0.1984375
3 0.50625 0.43984375 0.08515625 0.16640625
3 0.44140625 0.4 0.11875 0.1640625
3 0.31015625 0.23203125 0.1375 0.18203125
4 0.67421875 0.6328125 0.1171875 0.17421875
4 0.3609375 0.659375 0.096875 0.1515625
4 0.40703125 0.60859375 0.09375 0.10859375
4 0.4 0.53046875 0.0796875 0.14375
4 0.35234375 0.446875 0.1046875 0.18515625
4 0.234375 0.11171875 0.121875 0.16328125
5 0.1828125 0.56484375 0.08984375 0.13671875
5 0.55625 0.4453125 0.0859375 0.15390625
5 0.646875 0.425 0.1 0.13671875