3 0.20625 0.8671875 0.1796875 0.21171875
3 0.253125 0.534375 0.15 0.20859375
3 0.25234375 0.3859375 0.1328125 0.1609375
3 0.4015625 0.6 0.15078125 0.228125
3 0.49453125 0.43515625 0.10078125 0.1875
3 0.5609375 0.38359375 0.1359375 0.18984375
3 0.69140625 0.184375 0.15625 0.2109375
4 0.325 0.66640625 0.13515625 0.20078125
4 0.6640625 0.6515625 0.11171875 0.1734375
4 0.61171875 0.60390625 0.10546875 0.128125
4 0.6140625 0.51796875 0.09375 0.1625
4 0.659375 0.421875 0.12265625 0.21015625
4 0.76640625 0.06953125 0.1390625 0.13828125
5 0.85 0.52421875 0.103125 0.15703125
5 0.440625 0.4484375 0.10078125 0.175
5 0.3421875 0.4390625 0.1140625 0.15859375