3 0.1734375 0.24453125 0.15546875 0.16171875
3 0.26171875 0.546875 0.12578125 0.16796875
3 0.2796875 0.68828125 0.11484375 0.12421875
3 0.39375 0.44140625 0.1234375 0.1890625
3 0.50390625 0.5703125 0.07734375 0.1625
3 0.57421875 0.6 0.1140625 0.153125
3 0.72421875 0.7515625 0.13203125 0.16875
4 0.3125 0.4 0.11171875 0.16484375
4 0.6375 0.315625 0.09140625 0.14375
4 0.59296875 0.3765625 0.09140625 0.09921875
4 0.60625 0.45625 0.07421875 0.1390625
4 0.6625 0.534375 0.096875 0.178125
4 0.81328125 0.86328125 0.1171875 0.15234375
5 0.83046875 0.38125 0.084375 0.1296875
5 0.45078125 0.5734375 0.0796875 0.1484375
5 0.35859375 0.6109375 0.0953125 0.128125