3 0.58359375 0.16875 0.153125 0.2078125
3 0.62890625 0.06796875 0.11328125 0.10078125
3 0.5046875 0.45 0.153125 0.23125
3 0.40234375 0.5671875 0.15234375 0.22734375
3 0.37890625 0.4375 0.1375 0.14609375
5 0.60390625 0.5578125 0.0796875 0.12578125
5 0.54453125 0.64375 0.109375 0.16015625
5 0.38203125 0.75078125 0.11796875 0.1703125
5 0.71875 0.359375 0.08046875 0.12421875
5 0.7609375 0.253125 0.0953125 0.15078125
5 0.75625 0.1609375 0.08984375 0.12890625
5 0.71328125 0.1984375 0.08125 0.11796875
5 0.68828125 0.28046875 0.0578125 0.09296875
5 0.76796875 0.06640625 0.0953125 0.1328125
5 0.70078125 0.05 0.08984375 0.09921875
5 0.47421875 0.359375 0.12109375 0.1484375