3 0.56171875 0.15859375 0.16015625 0.221875
3 0.6 0.05390625 0.115625 0.1078125
3 0.5015625 0.45 0.1625 0.24453125
3 0.40625 0.58125 0.1609375 0.240625
3 0.375 0.45546875 0.14140625 0.16171875
5 0.60703125 0.54296875 0.08515625 0.1328125
5 0.55390625 0.63671875 0.115625 0.1703125
5 0.39921875 0.7671875 0.12421875 0.18125
5 0.70859375 0.32890625 0.08515625 0.13125
5 0.74375 0.2171875 0.1015625 0.15859375
5 0.7328125 0.12578125 0.09453125 0.13671875
5 0.69296875 0.16875 0.0859375 0.125
5 0.6734375 0.2546875 0.06171875 0.09765625
5 0.73828125 0.05078125 0.1015625 0.10078125
5 0.66953125 0.03828125 0.0921875 0.0765625
5 0.46484375 0.3640625 0.1265625 0.1609375