3 0.734375 0.525 0.21640625 0.296875
3 0.5828125 0.6078125 0.16328125 0.2546875
3 0.46953125 0.7609375 0.1859375 0.290625
3 0.425 0.32421875 0.16328125 0.25859375
5 0.8 0.93515625 0.159375 0.12890625
5 0.82421875 0.7515625 0.15625 0.19140625
5 0.8734375 0.64296875 0.11171875 0.17109375
5 0.87734375 0.49296875 0.1359375 0.18671875
5 0.78359375 0.33984375 0.16328125 0.2453125
5 0.51484375 0.44140625 0.1578125 0.20625
5 0.5375 0.296875 0.16015625 0.19609375
5 0.390625 0.51875 0.1421875 0.24140625
5 0.68046875 0.7125 0.15546875 0.184375
5 0.68125 0.85625 0.15 0.16640625
5 0.47421875 0.1171875 0.1328125 0.13828125