3 0.7296875 0.44921875 0.22578125 0.31484375
3 0.575 0.3890625 0.17265625 0.2671875
3 0.45390625 0.2546875 0.19609375 0.3046875
3 0.4375 0.690625 0.17265625 0.2703125
5 0.7671875 0.0546875 0.1625 0.109375
5 0.803125 0.21328125 0.16171875 0.20625
5 0.85859375 0.31328125 0.11796875 0.1796875
5 0.871875 0.46015625 0.1421875 0.19765625
5 0.78984375 0.6234375 0.171875 0.2578125
5 0.51875 0.5625 0.1640625 0.21953125
5 0.55 0.7015625 0.165625 0.2109375
5 0.39140625 0.5046875 0.1515625 0.25078125
5 0.6640625 0.27265625 0.16015625 0.1984375
5 0.65625 0.13046875 0.15390625 0.18046875
5 0.49921875 0.8875 0.1359375 0.1515625