3 0.6203125 0.62890625 0.15 0.20078125
3 0.5703125 0.4484375 0.14765625 0.20078125
3 0.45703125 0.43125 0.11328125 0.16015625
3 0.459375 0.315625 0.12734375 0.14765625
3 0.52265625 0.55234375 0.08671875 0.10703125
4 0.44765625 0.7765625 0.10234375 0.159375
4 0.27109375 0.22421875 0.11953125 0.16328125
5 0.534375 0.6296875 0.07109375 0.115625
5 0.67421875 0.4453125 0.08671875 0.12578125
5 0.55703125 0.24765625 0.08671875 0.14140625
5 0.5015625 0.25625 0.1046875 0.1640625
5 0.3703125 0.22265625 0.09921875 0.153125
5 0.39609375 0.1796875 0.103125 0.13671875
5 0.4109375 0.559375 0.09453125 0.15234375
5 0.27890625 0.51875 0.0765625 0.121875
5 0.25703125 0.45234375 0.08125 0.15625
5 0.20546875 0.43046875 0.084375 0.13046875
5 0.20703125 0.3390625 0.06953125 0.1078125
5 0.278125 0.34765625 0.08203125 0.109375