3 0.2828125 0.5546875 0.203125 0.2765625
3 0.43515625 0.6109375 0.16328125 0.25625
3 0.55078125 0.74765625 0.18671875 0.2890625
3 0.57421875 0.3265625 0.175 0.278125
5 0.20234375 0.77421875 0.16328125 0.2171875
5 0.23515625 0.94140625 0.1609375 0.11640625
5 0.334375 0.86328125 0.14296875 0.19453125
5 0.33359375 0.72109375 0.14375 0.21328125
5 0.15078125 0.68515625 0.1125 0.1859375
5 0.13984375 0.5375 0.1375 0.19296875
5 0.2234375 0.375 0.16484375 0.24921875
5 0.484375 0.4546875 0.146875 0.20234375
5 0.60546875 0.5078125 0.14453125 0.2359375
5 0.45859375 0.31328125 0.15546875 0.196875