3 0.2890625 0.63203125 0.2296875 0.32578125
3 0.4515625 0.63515625 0.18984375 0.2921875
3 0.58828125 0.7328125 0.21640625 0.33046875
3 0.54765625 0.29921875 0.2046875 0.31640625
5 0.24140625 0.87578125 0.18359375 0.24765625
5 0.30390625 0.97890625 0.17265625 0.04140625
5 0.38828125 0.90546875 0.1609375 0.1890625
5 0.365625 0.78125 0.16484375 0.24609375
5 0.175 0.809375 0.1328125 0.21015625
5 0.14140625 0.6640625 0.15625 0.2265625
5 0.20078125 0.4703125 0.18984375 0.28671875
5 0.4765625 0.46015625 0.16640625 0.2375
5 0.60703125 0.47265625 0.16953125 0.26640625
5 0.428125 0.3265625 0.17265625 0.2359375