3 0.27109375 0.48046875 0.1828125 0.234375
3 0.41796875 0.58984375 0.140625 0.22734375
3 0.51328125 0.76796875 0.16171875 0.2546875
3 0.60234375 0.3484375 0.15078125 0.24765625
5 0.15546875 0.675 0.14765625 0.18359375
5 0.159375 0.88203125 0.15390625 0.1265625
5 0.27578125 0.81171875 0.128125 0.165625
5 0.296875 0.665625 0.12578125 0.1859375
5 0.11640625 0.56640625 0.0953125 0.16796875
5 0.12890625 0.41328125 0.12265625 0.165625
5 0.23828125 0.27578125 0.14375 0.21875
5 0.49140625 0.44765625 0.13203125 0.171875
5 0.60625 0.54375 0.12265625 0.21171875
5 0.48671875 0.29453125 0.1421875 0.1625