3 0.30234375 0.38984375 0.2125 0.3
3 0.453125 0.38203125 0.175 0.26953125
3 0.5796875 0.2875 0.2 0.3046875
3 0.546875 0.69140625 0.18828125 0.2921875
5 0.2546875 0.159375 0.16953125 0.2375
5 0.31015625 0.0421875 0.1609375 0.084375
5 0.39140625 0.1140625 0.14921875 0.2109375
5 0.371875 0.2484375 0.15234375 0.22734375
5 0.19375 0.22890625 0.121875 0.19453125
5 0.16484375 0.3640625 0.14453125 0.20859375
5 0.22265625 0.54296875 0.175 0.2640625
5 0.47890625 0.54375 0.15390625 0.21953125
5 0.6 0.52890625 0.15625 0.246875
5 0.4359375 0.6703125 0.16015625 0.2171875