3 0.5640625 0.63671875 0.1640625 0.23203125
3 0.49609375 0.7515625 0.18125 0.2546875
3 0.61171875 0.78515625 0.17578125 0.253125
3 0.6296875 0.18984375 0.16640625 0.2328125
3 0.6515625 0.37265625 0.1765625 0.253125
3 0.47578125 0.19921875 0.1328125 0.1734375
3 0.38359375 0.51171875 0.16953125 0.22421875
5 0.696875 0.484375 0.11796875 0.17578125
5 0.46015625 0.30625 0.12265625 0.18828125
5 0.43828125 0.44375 0.10859375 0.1578125
5 0.52890625 0.37109375 0.09140625 0.1515625
4 0.47265625 0.584375 0.115625 0.16875
5 0.6 0.84765625 0.125 0.171875