3 0.571875 0.3921875 0.16875 0.2421875
3 0.51953125 0.271875 0.1859375 0.26640625
3 0.6296875 0.2640625 0.18046875 0.26328125
3 0.59140625 0.8203125 0.1703125 0.24296875
3 0.62890625 0.6546875 0.18203125 0.26328125
3 0.45 0.7796875 0.13515625 0.1828125
3 0.39296875 0.47109375 0.17265625 0.2359375
5 0.68125 0.5609375 0.121875 0.18203125
5 0.4453125 0.678125 0.12734375 0.19453125
5 0.4375 0.5453125 0.11171875 0.1640625
5 0.51484375 0.63125 0.09609375 0.1546875
4 0.48203125 0.421875 0.11875 0.175
5 0.625 0.20390625 0.12734375 0.18046875