3 0.66328125 0.48203125 0.1625 0.24765625
3 0.5828125 0.34375 0.17734375 0.23671875
3 0.62578125 0.3046875 0.16953125 0.2625
3 0.56640625 0.86953125 0.1640625 0.221875
3 0.58203125 0.696875 0.171875 0.253125
3 0.3484375 0.81484375 0.15859375 0.15546875
3 0.353125 0.4703125 0.178125 0.25703125
3 0.28671875 0.440625 0.11484375 0.13828125
3 0.45 0.4609375 0.10546875 0.21171875
4 0.5109375 0.45859375 0.125 0.1921875
5 0.690625 0.2859375 0.121875 0.1921875
5 0.69375 0.6546875 0.1328125 0.17890625
5 0.46484375 0.76328125 0.11328125 0.14765625
5 0.45703125 0.940625 0.1140625 0.11796875