3 0.5578125 0.64453125 0.15390625 0.228125
3 0.4390625 0.72734375 0.16484375 0.2515625
3 0.525 0.590625 0.1703125 0.2453125
3 0.47890625 0.47578125 0.16328125 0.23515625
3 0.4 0.49765625 0.16484375 0.2734375
3 0.66796875 0.334375 0.18984375 0.28828125
3 0.5546875 0.26328125 0.18671875 0.27109375
3 0.5921875 0.12421875 0.1671875 0.2359375
3 0.5078125 0.2453125 0.121875 0.19375
3 0.34609375 0.6234375 0.11640625 0.15546875
4 0.47421875 0.38828125 0.13828125 0.18046875
5 0.7578125 0.6328125 0.1171875 0.1765625
5 0.7234375 0.459375 0.12890625 0.16875
5 0.6546875 0.55859375 0.10859375 0.1546875
5 0.6203125 0.4703125 0.1 0.14609375
5 0.5265625 0.82421875 0.1203125 0.16484375