3 0.3578125 0.5640625 0.15859375 0.2234375
3 0.3203125 0.46328125 0.09921875 0.16015625
3 0.44765625 0.41484375 0.165625 0.228125
3 0.5625 0.45625 0.11796875 0.184375
3 0.58828125 0.35234375 0.14453125 0.1921875
3 0.47421875 0.5359375 0.1015625 0.1390625
4 0.4984375 0.7984375 0.11484375 0.178125
4 0.7875 0.34453125 0.125 0.178125
5 0.44296875 0.6140625 0.065625 0.1015625
5 0.58125 0.59921875 0.09296875 0.15546875
5 0.71328125 0.628125 0.08984375 0.1234375
5 0.7515625 0.5734375 0.10234375 0.16640625
5 0.8046875 0.57890625 0.08203125 0.128125
5 0.821875 0.484375 0.0890625 0.1328125
5 0.75078125 0.45546875 0.0875 0.121875
5 0.69375 0.29296875 0.10546875 0.159375
5 0.6765625 0.23515625 0.109375 0.13046875
5 0.56015625 0.265625 0.11796875 0.17265625
5 0.5 0.2296875 0.09140625 0.1484375
5 0.3484375 0.3609375 0.096875 0.13671875