3 0.3828125 0.6625 0.17421875 0.24765625
3 0.31640625 0.5921875 0.109375 0.17578125
3 0.42265625 0.4578125 0.18203125 0.25234375
3 0.5453125 0.415625 0.13046875 0.203125
3 0.5375 0.2984375 0.15859375 0.2140625
3 0.48515625 0.55390625 0.11171875 0.15390625
4 0.590625 0.7875 0.1265625 0.19609375
4 0.725 0.1515625 0.1375 0.196875
5 0.48046875 0.65078125 0.07265625 0.11171875
5 0.60703125 0.5390625 0.103125 0.1703125
5 0.7421875 0.47421875 0.0984375 0.13671875
5 0.7625 0.3953125 0.11328125 0.1828125
5 0.8140625 0.36328125 0.08984375 0.14140625
5 0.8015625 0.26171875 0.09765625 0.146875
5 0.72421875 0.28359375 0.09609375 0.134375
5 0.61875 0.16796875 0.11640625 0.17578125
5 0.58515625 0.125 0.11953125 0.14609375
5 0.48359375 0.2359375 0.13046875 0.190625
5 0.41484375 0.24375 0.10078125 0.16328125
5 0.31171875 0.47578125 0.10703125 0.15078125