3 0.82109375 0.75234375 0.13203125 0.20234375
3 0.6078125 0.80703125 0.13671875 0.1890625
3 0.80859375 0.4296875 0.0953125 0.2296875
3 0.66015625 0.40703125 0.1375 0.22109375
3 0.18984375 0.52265625 0.1015625 0.14921875
3 0.42109375 0.5375 0.0921875 0.16640625
3 0.33984375 0.5046875 0.125 0.19609375
3 0.3296875 0.79921875 0.0984375 0.1453125
5 0.73125 0.47578125 0.1015625 0.15859375
5 0.75703125 0.3828125 0.084375 0.12109375
5 0.6625 0.65625 0.09921875 0.153125
5 0.453125 0.503125 0.1078125 0.18515625
5 0.47421875 0.2 0.09921875 0.1578125