3 0.15390625 0.3609375 0.15703125 0.2390625
3 0.35546875 0.2390625 0.16015625 0.22734375
3 0.21171875 0.6734375 0.12421875 0.2546875
3 0.3609375 0.6484375 0.16484375 0.259375
3 0.80625 0.384375 0.11953125 0.17734375
3 0.57734375 0.44453125 0.11328125 0.1921875
3 0.66171875 0.45 0.14921875 0.23125
3 0.6296875 0.15703125 0.11640625 0.17265625
5 0.28125 0.603125 0.12109375 0.1875
5 0.26875 0.703125 0.09921875 0.1453125
5 0.32265625 0.4046875 0.11875 0.18046875
5 0.55 0.4875 0.13046875 0.21484375
5 0.57265625 0.7921875 0.11953125 0.18515625