3 0.22578125 0.56484375 0.18203125 0.2640625
3 0.28359375 0.15546875 0.1828125 0.28984375
3 0.4875 0.73125 0.159375 0.23671875
3 0.490625 0.44375 0.15078125 0.2375
3 0.56484375 0.45 0.15625 0.23828125
3 0.703125 0.559375 0.11875 0.14921875
5 0.209375 0.39921875 0.1359375 0.20234375
5 0.20078125 0.18125 0.11953125 0.184375
5 0.45390625 0.37421875 0.1421875 0.21171875
5 0.509375 0.30703125 0.1 0.140625
5 0.61015625 0.3234375 0.140625 0.2
5 0.8140625 0.57734375 0.10078125 0.1421875
5 0.59921875 0.60703125 0.11953125 0.196875
5 0.425 0.59609375 0.121875 0.17421875