3 0.7015625 0.2109375 0.17265625 0.246875
3 0.81484375 0.59296875 0.17109375 0.275
3 0.425 0.30625 0.15078125 0.22265625
3 0.534375 0.54140625 0.140625 0.22578125
3 0.471875 0.6015625 0.146875 0.22578125
3 0.31796875 0.63515625 0.11484375 0.1359375
5 0.7796875 0.33046875 0.128125 0.190625
5 0.871875 0.5 0.1125 0.17421875
5 0.5921875 0.56484375 0.134375 0.19921875
5 0.5734375 0.66796875 0.0953125 0.13046875
5 0.48515625 0.74375 0.13359375 0.18671875
5 0.22109375 0.71796875 0.09609375 0.1328125
5 0.3828125 0.5046875 0.1109375 0.1875
5 0.528125 0.36015625 0.115625 0.16328125