3 0.80234375 0.753125 0.11171875 0.1671875
3 0.25546875 0.88984375 0.1453125 0.20625
3 0.33125 0.71015625 0.1625 0.246875
3 0.35078125 0.53046875 0.1375 0.196875
3 0.45546875 0.57890625 0.16796875 0.240625
3 0.45546875 0.45859375 0.11640625 0.13046875
3 0.59765625 0.57421875 0.13515625 0.203125
3 0.59453125 0.4796875 0.1203125 0.16171875
3 0.71796875 0.3765625 0.11796875 0.18828125
3 0.63359375 0.36015625 0.12890625 0.190625
3 0.62734375 0.2140625 0.128125 0.18359375
4 0.68828125 0.6109375 0.09765625 0.14765625
4 0.6609375 0.72109375 0.08046875 0.11953125
5 0.55625 0.38828125 0.090625 0.1328125
5 0.78125 0.64609375 0.09375 0.13671875
5 0.846875 0.76875 0.0875 0.13515625