3 0.66953125 0.94765625 0.1265625 0.1046875
3 0.13203125 0.62734375 0.1640625 0.2359375
3 0.26953125 0.53515625 0.184375 0.2796875
3 0.35703125 0.39375 0.1546875 0.22421875
3 0.43046875 0.52890625 0.18984375 0.27421875
3 0.478125 0.421875 0.12734375 0.15390625
3 0.55859375 0.65 0.153125 0.23046875
3 0.59375 0.5640625 0.134375 0.1859375
3 0.74296875 0.58203125 0.134375 0.21171875
3 0.675 0.4921875 0.1453125 0.215625
3 0.72734375 0.3578125 0.14453125 0.209375
4 0.625 0.76328125 0.11015625 0.1671875
4 0.55703125 0.8359375 0.09140625 0.1359375
5 0.5953125 0.44921875 0.10234375 0.15078125
5 0.69296875 0.87578125 0.10625 0.15546875
5 0.703125 0.98359375 0.1 0.0328125