3 0.29921875 0.41640625 0.1328125 0.1984375
3 0.3921875 0.45625 0.13828125 0.20390625
3 0.44296875 0.5640625 0.11484375 0.16953125
3 0.41640625 0.58515625 0.128125 0.17890625
3 0.659375 0.428125 0.09296875 0.146875
3 0.6609375 0.2921875 0.1203125 0.17109375
3 0.453125 0.32421875 0.12109375 0.178125
3 0.52265625 0.30546875 0.09609375 0.13671875
3 0.5671875 0.478125 0.08203125 0.13203125
4 0.5671875 0.38125 0.11171875 0.16796875
5 0.62265625 0.3640625 0.07734375 0.10625
5 0.62890625 0.45 0.1015625 0.1515625
5 0.5796875 0.515625 0.06953125 0.1046875
5 0.565625 0.56875 0.08515625 0.12109375
5 0.52421875 0.590625 0.07734375 0.11640625
5 0.496875 0.49609375 0.10078125 0.14921875
5 0.31015625 0.459375 0.09765625 0.14296875
5 0.2625 0.540625 0.08984375 0.13203125
5 0.46015625 0.67109375 0.09765625 0.15078125
5 0.5125 0.734375 0.10234375 0.15234375
5 0.628125 0.228125 0.08046875 0.11875