3 0.70078125 0.4109375 0.1140625 0.16875
3 0.61015625 0.453125 0.11875 0.171875
3 0.5296875 0.40546875 0.09765625 0.14375
3 0.54375 0.36640625 0.1125 0.146875
3 0.4 0.6921875 0.0765625 0.12890625
3 0.446875 0.80546875 0.1046875 0.1421875
3 0.60703125 0.61171875 0.1046875 0.15078125
3 0.55625 0.68359375 0.08359375 0.11328125
3 0.4578125 0.57734375 0.06796875 0.115625
4 0.49296875 0.65625 0.09453125 0.14296875
5 0.453125 0.715625 0.06875 0.08671875
5 0.41640625 0.65 0.08671875 0.12890625
5 0.43359375 0.55546875 0.05859375 0.0890625
5 0.4265625 0.50078125 0.07421875 0.10078125
5 0.453125 0.44921875 0.065625 0.1
5 0.509375 0.50546875 0.0859375 0.1265625
5 0.6765625 0.384375 0.08359375 0.12109375
5 0.68671875 0.27890625 0.07734375 0.1109375
5 0.4765625 0.33125 0.08203125 0.1296875
5 0.4109375 0.32109375 0.0875 0.1296875
5 0.49765625 0.83203125 0.06953125 0.1