3 0.2203125 0.32734375 0.1203125 0.18828125
3 0.16796875 0.55078125 0.13359375 0.17890625
3 0.3875 0.440625 0.12578125 0.1890625
3 0.34296875 0.5515625 0.12734375 0.18203125
3 0.4046875 0.759375 0.125 0.16484375
3 0.5546875 0.34453125 0.1296875 0.190625
3 0.32421875 0.35625 0.09453125 0.1234375
3 0.40859375 0.33203125 0.10703125 0.1203125
3 0.4953125 0.26953125 0.1 0.1390625
3 0.4171875 0.12578125 0.10078125 0.109375
3 0.665625 0.3359375 0.10625 0.13671875
3 0.65 0.453125 0.12265625 0.1765625
3 0.7125 0.45 0.09296875 0.1265625
3 0.70078125 0.58125 0.1390625 0.18984375
3 0.69453125 0.83984375 0.11796875 0.18984375
3 0.58515625 0.55625 0.103125 0.15703125
3 0.52421875 0.49921875 0.0984375 0.1265625
4 0.640625 0.65625 0.10625 0.16328125
4 0.63984375 0.821875 0.10859375 0.153125
5 0.49375 0.41171875 0.1046875 0.1421875
5 0.29140625 0.378125 0.090625 0.140625
5 0.2734375 0.23671875 0.08125 0.12890625
5 0.51171875 0.58359375 0.0890625 0.12578125
5 0.4390625 0.62890625 0.09609375 0.11796875
5 0.86328125 0.86796875 0.0890625 0.12109375