3 0.81171875 0.5140625 0.14609375 0.225
3 0.80703125 0.27421875 0.1578125 0.221875
3 0.6265625 0.5 0.15234375 0.228125
3 0.64140625 0.3703125 0.15234375 0.221875
3 0.53203125 0.2078125 0.14765625 0.2046875
3 0.49140625 0.6828125 0.15625 0.23125
3 0.70703125 0.54375 0.1109375 0.15390625
3 0.6328125 0.6140625 0.12265625 0.15546875
3 0.565625 0.72109375 0.11875 0.1703125
3 0.67578125 0.8140625 0.11484375 0.14296875
3 0.3890625 0.7515625 0.12421875 0.1703125
3 0.37421875 0.63203125 0.146875 0.215625
3 0.31640625 0.66953125 0.109375 0.15546875
3 0.29453125 0.5390625 0.16484375 0.234375
3 0.2375 0.290625 0.14453125 0.22578125
3 0.4109375 0.49921875 0.125 0.1890625
3 0.4828125 0.51953125 0.115625 0.15859375
4 0.334375 0.434375 0.12890625 0.196875
4 0.29375 0.27734375 0.1296875 0.1875
5 0.5328125 0.58515625 0.12421875 0.17578125
5 0.7328125 0.50546875 0.11015625 0.16796875
5 0.784375 0.63046875 0.09921875 0.15390625
5 0.47421875 0.4328125 0.10625 0.153125
5 0.53125 0.34921875 0.11171875 0.14921875
5 0.0703125 0.3578125 0.10546875 0.14921875