3 0.7234375 0.72734375 0.1375 0.20859375
3 0.7515625 0.50234375 0.14296875 0.20234375
3 0.5453125 0.66171875 0.14375 0.21875
3 0.5828125 0.54609375 0.14140625 0.19453125
3 0.5015625 0.36015625 0.13046875 0.17890625
3 0.39453125 0.796875 0.1375 0.20390625
3 0.2890625 0.7203125 0.1375 0.19375
3 0.225 0.60234375 0.14296875 0.21796875
3 0.20390625 0.3546875 0.12578125 0.20078125
3 0.28984375 0.84453125 0.103125 0.14765625
3 0.228125 0.7453125 0.08359375 0.1421875
3 0.34296875 0.60078125 0.103125 0.1515625
3 0.3921875 0.65 0.07578125 0.11171875
3 0.46171875 0.85078125 0.11484375 0.16171875
3 0.54296875 0.771875 0.11640625 0.1359375
3 0.6234375 0.71640625 0.1140625 0.18203125
3 0.07734375 0.2171875 0.07578125 0.08203125
4 0.2796875 0.51484375 0.10703125 0.165625
4 0.26015625 0.35 0.1171875 0.17265625
4 0.15546875 0.22578125 0.1125 0.146875
5 0.45078125 0.71328125 0.10703125 0.15859375
5 0.41328125 0.55703125 0.08671875 0.1421875
5 0.48671875 0.49375 0.1 0.16171875
5 0.42734375 0.42578125 0.07890625 0.121875
5 0.646875 0.6984375 0.10078125 0.1609375