3 0.78359375 0.86328125 0.13125 0.1125
3 0.82421875 0.7921875 0.1421875 0.1921875
3 0.95625 0.784375 0.03984375 0.14921875
3 0.753125 0.5828125 0.1328125 0.178125
3 0.45078125 0.7921875 0.15625 0.22265625
3 0.43515625 0.91484375 0.0828125 0.109375
3 0.50703125 0.890625 0.128125 0.14140625
3 0.56171875 0.80546875 0.12109375 0.16953125
3 0.5984375 0.8578125 0.09609375 0.128125
3 0.68359375 0.82734375 0.134375 0.153125
3 0.44375 0.51953125 0.13671875 0.21640625
3 0.31796875 0.321875 0.1171875 0.17578125
3 0.44296875 0.25 0.11796875 0.17109375
3 0.34921875 0.13125 0.10859375 0.115625
3 0.225 0.13203125 0.12421875 0.090625
3 0.1125 0.14375 0.10390625 0.0765625
3 0.26484375 0.18984375 0.13046875 0.16796875
3 0.14921875 0.32734375 0.1140625 0.175
3 0.16015625 0.19375 0.12890625 0.15234375
3 0.1046875 0.3140625 0.078125 0.16171875
3 0.20625 0.28125 0.07265625 0.12734375
4 0.5234375 0.71328125 0.11015625 0.159375
4 0.51796875 0.54296875 0.11328125 0.17265625
4 0.415625 0.378125 0.11484375 0.1515625
4 0.4296875 0.16796875 0.115625 0.146875
5 0.253125 0.503125 0.09296875 0.1171875
5 0.2796875 0.40625 0.08984375 0.13203125
5 0.353125 0.21484375 0.09140625 0.13125
5 0.65 0.78203125 0.09765625 0.13671875
5 0.7328125 0.71953125 0.09296875 0.1375
5 0.67578125 0.6390625 0.084375 0.12890625