3 0.59609375 0.04375 0.13046875 0.0875
3 0.65234375 0.07265625 0.1578125 0.1453125
3 0.75703125 0.003125 0.0671875 0.00625
3 0.66875 0.2484375 0.146875 0.2109375
3 0.36328125 0.3203125 0.175 0.25859375
3 0.31015625 0.2375 0.09140625 0.13046875
3 0.3734375 0.20078125 0.134375 0.1796875
3 0.4453125 0.22421875 0.13515625 0.19765625
3 0.45546875 0.15546875 0.10546875 0.15234375
3 0.53125 0.1140625 0.1421875 0.1921875
3 0.4515625 0.5359375 0.15859375 0.24296875
3 0.421875 0.7859375 0.13359375 0.20078125
3 0.54296875 0.74453125 0.1328125 0.196875
3 0.51171875 0.90859375 0.11328125 0.14921875
3 0.415625 0.9671875 0.11875 0.06484375
3 0.4265625 0.91328125 0.1421875 0.17265625
3 0.28984375 0.90625 0.13125 0.1875
3 0.34453125 0.95625 0.1375 0.0875
3 0.26015625 0.9359375 0.1 0.128125
3 0.34921875 0.903125 0.0875 0.1390625
4 0.446875 0.32421875 0.12421875 0.184375
4 0.50078125 0.4609375 0.13046875 0.196875
4 0.478125 0.6671875 0.12578125 0.18046875
4 0.5609375 0.81796875 0.12578125 0.1765625
5 0.31015625 0.6953125 0.10078125 0.1421875
5 0.36328125 0.75078125 0.10234375 0.15234375
5 0.4859375 0.84140625 0.103125 0.15234375
5 0.52109375 0.17421875 0.109375 0.159375
5 0.60625 0.159375 0.10546875 0.1578125
5 0.58984375 0.265625 0.096875 0.14609375