3 0.57890625 0.8609375 0.15390625 0.24609375
3 0.6421875 0.61015625 0.15 0.21015625
3 0.5859375 0.4265625 0.13125 0.16796875
3 0.50546875 0.5953125 0.14921875 0.2234375
3 0.33515625 0.50390625 0.14140625 0.21171875
3 0.4890625 0.42890625 0.146875 0.21171875
3 0.475 0.3203125 0.15546875 0.22890625
3 0.3671875 0.259375 0.13125 0.20859375
3 0.428125 0.22578125 0.140625 0.20234375
3 0.3 0.45625 0.09453125 0.16796875
3 0.36875 0.371875 0.1203125 0.19453125
3 0.4046875 0.4953125 0.08984375 0.1484375
4 0.64140625 0.909375 0.14375 0.18125
4 0.58671875 0.71484375 0.1359375 0.19609375
4 0.65390625 0.503125 0.13203125 0.19296875
5 0.39453125 0.734375 0.1046875 0.14375
5 0.44296875 0.665625 0.10546875 0.15
5 0.56640625 0.5171875 0.10859375 0.1609375