3 0.446875 0.1546875 0.15390625 0.2421875
3 0.37421875 0.38515625 0.14765625 0.21015625
3 0.41875 0.5671875 0.128125 0.16953125
3 0.50390625 0.415625 0.1484375 0.22109375
3 0.66171875 0.521875 0.13984375 0.21015625
3 0.5109375 0.57578125 0.1453125 0.2109375
3 0.51875 0.68046875 0.15390625 0.22734375
3 0.61875 0.75078125 0.13046875 0.20546875
3 0.55859375 0.7765625 0.1390625 0.20078125
3 0.69296875 0.571875 0.0953125 0.1640625
3 0.62265625 0.64375 0.1203125 0.19140625
3 0.59453125 0.521875 0.090625 0.14609375
4 0.39140625 0.09609375 0.1421875 0.19140625
4 0.4328125 0.29296875 0.134375 0.19453125
4 0.3578125 0.48671875 0.13046875 0.19140625
5 0.61640625 0.2953125 0.103125 0.14375
5 0.5671875 0.35546875 0.10390625 0.14921875
5 0.44140625 0.4828125 0.1078125 0.159375