3 0.81640625 0.96015625 0.0765625 0.07890625
3 0.58046875 0.81171875 0.13125 0.21015625
3 0.628125 0.5875 0.128125 0.17890625
3 0.5734375 0.43046875 0.1125 0.14140625
3 0.5078125 0.58359375 0.12734375 0.190625
3 0.35546875 0.515625 0.1203125 0.18046875
3 0.48828125 0.4390625 0.12578125 0.18046875
3 0.47265625 0.34453125 0.1328125 0.1953125
3 0.37578125 0.29921875 0.1109375 0.178125
3 0.42890625 0.26484375 0.1203125 0.17109375
3 0.3234375 0.47578125 0.0796875 0.14453125
3 0.38125 0.39765625 0.10234375 0.16640625
3 0.41640625 0.503125 0.0765625 0.12734375
4 0.6375 0.86328125 0.12265625 0.18125
4 0.5828125 0.6828125 0.11640625 0.16640625
4 0.6359375 0.4921875 0.1125 0.1640625
5 0.415625 0.71328125 0.08984375 0.121875
5 0.45546875 0.65 0.090625 0.12734375
5 0.559375 0.5109375 0.09296875 0.13671875