3 0.69375 0.39296875 0.14765625 0.2140625
3 0.53828125 0.4 0.14921875 0.215625
3 0.59453125 0.41796875 0.1171875 0.20078125
3 0.51484375 0.52890625 0.1703125 0.2578125
3 0.525 0.68046875 0.134375 0.221875
3 0.390625 0.834375 0.12734375 0.209375
3 0.4625 0.84609375 0.15546875 0.23046875
3 0.378125 0.34375 0.153125 0.2171875
3 0.38125 0.271875 0.14921875 0.1390625
5 0.74921875 0.265625 0.0984375 0.13515625
5 0.42890625 0.21171875 0.11328125 0.16015625
5 0.453125 0.45390625 0.10546875 0.1765625
5 0.4859375 0.68046875 0.10625 0.1546875
5 0.653125 0.52265625 0.11953125 0.15625