3 0.2875 0.5109375 0.18203125 0.26875
3 0.44296875 0.5859375 0.18359375 0.27109375
3 0.39140625 0.5390625 0.15078125 0.23984375
3 0.49609375 0.471875 0.21171875 0.31875
3 0.52109375 0.31640625 0.171875 0.2671875
3 0.68984375 0.23671875 0.16171875 0.25234375
3 0.621875 0.18671875 0.1921875 0.28671875
3 0.5875 0.7265625 0.1875 0.27421875
3 0.5671875 0.7953125 0.1640625 0.20390625
5 0.203125 0.60703125 0.11875 0.171875
5 0.50625 0.8296875 0.1375 0.20234375
5 0.5390625 0.578125 0.13515625 0.21171875
5 0.559375 0.3375 0.13046875 0.19375
5 0.3578125 0.4046875 0.1421875 0.20234375