3 0.33359375 0.26875 0.1578125 0.2328125
3 0.403125 0.3625 0.125 0.20546875
3 0.45546875 0.3734375 0.16328125 0.23671875
3 0.6015625 0.45703125 0.17421875 0.2625
3 0.64375 0.41953125 0.1046875 0.15234375
3 0.42578125 0.521875 0.18203125 0.2625
3 0.36796875 0.6421875 0.14453125 0.225
3 0.42578125 0.85625 0.13125 0.20234375
3 0.3625 0.81015625 0.16171875 0.23046875
5 0.3328125 0.11796875 0.10859375 0.1578125
5 0.603125 0.3046875 0.12734375 0.1859375
5 0.49453125 0.4828125 0.090625 0.16171875
5 0.5296875 0.5265625 0.0921875 0.14140625
5 0.40390625 0.6484375 0.103125 0.15234375
5 0.31953125 0.3921875 0.10859375 0.15546875