3 0.26796875 0.509375 0.15859375 0.2328125
3 0.3625 0.50546875 0.125 0.20703125
3 0.40625 0.45703125 0.1640625 0.2375
3 0.55390625 0.36328125 0.175 0.26328125
3 0.56640625 0.29140625 0.1046875 0.153125
3 0.4546875 0.5984375 0.18359375 0.2625
3 0.46875 0.746875 0.14453125 0.22578125
3 0.6125 0.84375 0.13203125 0.203125
3 0.54375 0.87734375 0.16328125 0.23125
5 0.19609375 0.4 0.109375 0.15859375
5 0.4828125 0.25078125 0.12734375 0.18671875
5 0.48671875 0.49609375 0.08984375 0.16328125
5 0.53359375 0.49140625 0.0921875 0.1421875
5 0.4984375 0.7140625 0.10390625 0.153125
5 0.315625 0.615625 0.109375 0.15546875