3 0.7234375 0.5359375 0.1546875 0.228125
3 0.634375 0.52109375 0.1234375 0.20078125
3 0.5953125 0.47109375 0.16015625 0.23359375
3 0.4609375 0.365625 0.17109375 0.2578125
3 0.45234375 0.29609375 0.10234375 0.15
3 0.5421875 0.5984375 0.17890625 0.25859375
3 0.52109375 0.7375 0.1421875 0.2203125
3 0.38125 0.8125 0.1296875 0.1984375
3 0.44375 0.8515625 0.15859375 0.22734375
5 0.796875 0.43984375 0.10703125 0.15546875
5 0.53359375 0.26640625 0.125 0.1828125
5 0.5171875 0.4984375 0.08984375 0.15703125
5 0.4734375 0.48828125 0.090625 0.1390625
5 0.4953125 0.703125 0.1015625 0.15
5 0.6734375 0.63046875 0.10703125 0.153125