3 0.38671875 0.37421875 0.109375 0.16171875
3 0.3234375 0.49921875 0.13203125 0.1875
3 0.36796875 0.49453125 0.07890625 0.12109375
3 0.4734375 0.55234375 0.09140625 0.1296875
3 0.51953125 0.59296875 0.0828125 0.13203125
3 0.5875 0.46171875 0.10703125 0.16484375
4 0.44453125 0.44140625 0.09140625 0.128125
4 0.52421875 0.47109375 0.08828125 0.12578125
4 0.41328125 0.734375 0.06015625 0.0859375
5 0.3796875 0.63359375 0.0765625 0.1078125
5 0.46328125 0.70234375 0.0765625 0.109375
5 0.575 0.5734375 0.08125 0.11796875