3 0.42265625 0.13984375 0.125 0.1828125
3 0.52734375 0.07578125 0.1328125 0.1515625
3 0.48125 0.18828125 0.13515625 0.19375
3 0.665625 0.39296875 0.14296875 0.21640625
3 0.45546875 0.5640625 0.14140625 0.2140625
3 0.51640625 0.46875 0.13515625 0.20390625
3 0.48671875 0.50234375 0.14921875 0.23125
3 0.584375 0.4125 0.1140625 0.178125
3 0.6328125 0.48515625 0.1171875 0.17109375
3 0.65078125 0.3125 0.1 0.13828125
3 0.71640625 0.428125 0.1328125 0.2015625
4 0.41796875 0.39921875 0.10546875 0.15703125
4 0.5328125 0.2640625 0.1109375 0.1703125