3 0.4828125 0.4078125 0.08828125 0.1359375
3 0.40390625 0.5484375 0.09609375 0.14375
3 0.3078125 0.53515625 0.10234375 0.1484375
3 0.38671875 0.62890625 0.10234375 0.14140625
3 0.49921875 0.8875 0.08515625 0.053125
3 0.46875 0.85703125 0.09375 0.1015625
3 0.41171875 0.8703125 0.103125 0.10546875
3 0.35859375 0.8734375 0.084375 0.11015625
3 0.28046875 0.896875 0.1046875 0.07578125
3 0.296875 0.8546875 0.1 0.10546875
4 0.47265625 0.778125 0.084375 0.11640625
4 0.34375 0.74609375 0.08515625 0.13125
4 0.4 0.8078125 0.06796875 0.07421875
5 0.4375 0.421875 0.065625 0.09296875