3 0.69375 0.4140625 0.1703125 0.23515625
3 0.60625 0.628125 0.178125 0.228125
3 0.4640625 0.62265625 0.128125 0.19375
3 0.44296875 0.753125 0.15859375 0.20078125
4 0.4796875 0.17890625 0.12734375 0.18203125
4 0.20703125 0.828125 0.13984375 0.1859375
5 0.5828125 0.39140625 0.0640625 0.1171875
5 0.73515625 0.65859375 0.10078125 0.14921875
5 0.5640625 0.8546875 0.090625 0.14375
5 0.4875 0.8375 0.1265625 0.1765625
5 0.32734375 0.8390625 0.1234375 0.1671875
5 0.41640625 0.446875 0.10859375 0.16796875
5 0.246875 0.45078125 0.09296875 0.13203125
5 0.21484375 0.52109375 0.096875 0.15625
5 0.15859375 0.55625 0.0765625 0.1484375
5 0.1453125 0.65859375 0.0859375 0.134375
5 0.228125 0.675 0.08515625 0.14375