3 0.31171875 0.84921875 0.09296875 0.13359375
3 0.41796875 0.7875 0.0796875 0.1140625
3 0.49765625 0.78046875 0.1234375 0.1703125
3 0.37421875 0.7375 0.10625 0.16328125
3 0.42578125 0.6578125 0.1234375 0.1828125
3 0.3078125 0.3 0.11875 0.1859375
3 0.39140625 0.36015625 0.12421875 0.190625
3 0.346875 0.3421875 0.128125 0.21015625
3 0.46171875 0.38671875 0.10390625 0.1625
3 0.5 0.30234375 0.1125 0.1609375
3 0.54921875 0.36796875 0.12421875 0.16875
3 0.546875 0.44375 0.1046875 0.12734375
3 0.596875 0.31328125 0.1171875 0.1734375
4 0.29765625 0.4859375 0.08828125 0.13828125
4 0.446875 0.55859375 0.1015625 0.1515625
5 0.35625 0.85625 0.078125 0.09609375