3 0.2625 0.2015625 0.1078125 0.1578125
3 0.3796875 0.23515625 0.0921875 0.134375
3 0.4625 0.21875 0.1421875 0.2015625
3 0.34140625 0.2984375 0.12421875 0.18984375
3 0.4046875 0.365625 0.14375 0.2140625
3 0.328125 0.76796875 0.13984375 0.21640625
3 0.40546875 0.68203125 0.14609375 0.221875
3 0.3625 0.7125 0.15234375 0.2421875
3 0.475 0.63515625 0.12265625 0.1890625
3 0.52578125 0.71015625 0.13046875 0.18984375
3 0.56796875 0.6296875 0.14296875 0.20078125
3 0.55625 0.55234375 0.11875 0.1546875
3 0.6234375 0.67265625 0.13671875 0.203125
4 0.29375 0.57890625 0.10390625 0.1609375
4 0.43828125 0.4625 0.11875 0.17734375
5 0.3078125 0.18125 0.0890625 0.11640625