3 0.603125 0.89453125 0.08828125 0.128125
3 0.52109375 0.79296875 0.07578125 0.109375
3 0.4515625 0.7515625 0.1171875 0.16328125
3 0.56953125 0.7671875 0.1015625 0.15546875
3 0.5390625 0.67421875 0.11796875 0.17421875
3 0.71484375 0.409375 0.11328125 0.17734375
3 0.62890625 0.42578125 0.11875 0.18203125
3 0.671875 0.4296875 0.12265625 0.2
3 0.5609375 0.41796875 0.09921875 0.15546875
3 0.54375 0.3265625 0.10703125 0.15390625
3 0.48671875 0.3625 0.11875 0.16171875
3 0.47421875 0.43046875 0.09921875 0.121875
3 0.45625 0.29296875 0.1125 0.165625
4 0.68671875 0.57890625 0.084375 0.13203125
4 0.540625 0.5765625 0.096875 0.14453125
5 0.56171875 0.88046875 0.07421875 0.0921875