3 0.59609375 0.43515625 0.146875 0.215625
3 0.48046875 0.215625 0.15078125 0.21640625
3 0.46328125 0.32734375 0.1296875 0.1796875
3 0.3625 0.43046875 0.18359375 0.26953125
3 0.4265625 0.5171875 0.13828125 0.2015625
3 0.52890625 0.63828125 0.153125 0.22734375
4 0.50703125 0.15546875 0.1234375 0.18515625
4 0.48203125 0.46171875 0.11015625 0.16015625
5 0.44296875 0.3828125 0.090625 0.1390625
5 0.4 0.29921875 0.1140625 0.1640625
5 0.1546875 0.36953125 0.1140625 0.16640625
5 0.2328125 0.64296875 0.1 0.14921875
5 0.6328125 0.140625 0.103125 0.121875