3 0.734375 0.759375 0.0640625 0.09140625
3 0.8390625 0.94765625 0.05625 0.0734375
3 0.6578125 0.65 0.07265625 0.09453125
3 0.640625 0.70078125 0.0796875 0.1203125
3 0.57421875 0.69375 0.07578125 0.11171875
3 0.57421875 0.52109375 0.071875 0.0984375
3 0.653125 0.22109375 0.0625 0.08984375
3 0.46796875 0.1453125 0.1 0.12578125
3 0.3984375 0.328125 0.08515625 0.12109375
3 0.38828125 0.29375 0.0734375 0.109375
5 0.5625 0.37734375 0.05390625 0.07421875
5 0.52265625 0.50703125 0.06484375 0.08984375
5 0.57734375 0.3359375 0.05234375 0.059375
5 0.7265625 0.67109375 0.053125 0.078125