3 0.67265625 0.2765625 0.21015625 0.31328125
3 0.565625 0.3078125 0.14453125 0.1890625
3 0.5859375 0.42265625 0.1984375 0.29375
3 0.359375 0.3484375 0.19453125 0.27421875
3 0.35859375 0.46953125 0.171875 0.2453125
3 0.2484375 0.98359375 0.153125 0.03203125
5 0.728125 0.05078125 0.121875 0.1015625
5 0.4859375 0.421875 0.11953125 0.16953125
4 0.4875 0.5109375 0.140625 0.16953125
4 0.48359375 0.8546875 0.13046875 0.19921875
5 0.38828125 0.88515625 0.11875 0.1734375
5 0.253125 0.64453125 0.1125 0.16640625
5 0.2875 0.7546875 0.11171875 0.16171875
5 0.3734375 0.71796875 0.1046875 0.1640625
5 0.5234375 0.6265625 0.10859375 0.1453125
5 0.43828125 0.615625 0.08984375 0.146875