3 0.1078125 0.409375 0.13125 0.22734375
3 0.178125 0.68203125 0.15703125 0.2234375
3 0.14765625 0.62265625 0.13515625 0.20078125
3 0.21484375 0.534375 0.1515625 0.2421875
3 0.28125 0.528125 0.1234375 0.19609375
3 0.3515625 0.515625 0.14609375 0.2109375
3 0.38671875 0.69921875 0.15546875 0.221875
3 0.5015625 0.6671875 0.1765625 0.2359375
3 0.4234375 0.48828125 0.11015625 0.18828125
3 0.3359375 0.315625 0.11953125 0.19609375
3 0.42421875 0.2078125 0.15234375 0.2109375
3 0.425 0.33984375 0.146875 0.19921875
3 0.484375 0.43671875 0.11875 0.19375
3 0.6265625 0.48125 0.12890625 0.21484375
3 0.56015625 0.5421875 0.159375 0.221875
4 0.29296875 0.746875 0.12421875 0.190625
4 0.34140625 0.81796875 0.12890625 0.18828125
4 0.20625 0.77109375 0.0953125 0.11328125