3 0.93359375 0.5140625 0.13203125 0.271875
3 0.83828125 0.79453125 0.18984375 0.27578125
3 0.87890625 0.73828125 0.16484375 0.2453125
3 0.815625 0.62109375 0.1875 0.29296875
3 0.74296875 0.5953125 0.15234375 0.2375
3 0.6671875 0.5609375 0.17734375 0.259375
3 0.60390625 0.75390625 0.1890625 0.2734375
3 0.48203125 0.68515625 0.21171875 0.29453125
3 0.59140625 0.509375 0.13828125 0.22578125
3 0.71015625 0.34453125 0.1484375 0.2359375
3 0.62734375 0.19921875 0.18359375 0.26171875
3 0.60859375 0.34453125 0.17578125 0.24765625
3 0.53125 0.43515625 0.14765625 0.23359375
3 0.36796875 0.44296875 0.1609375 0.2578125
3 0.43359375 0.5296875 0.1921875 0.275
4 0.70234375 0.83359375 0.15234375 0.23203125
4 0.63984375 0.890625 0.15703125 0.21796875
4 0.79453125 0.88515625 0.11171875 0.1453125