3 0.234375 0.09375 0.146875 0.1875
3 0.178125 0.34296875 0.16796875 0.24375
3 0.178125 0.26953125 0.14609375 0.2171875
3 0.2671875 0.26328125 0.16640625 0.25859375
3 0.32109375 0.31953125 0.13515625 0.21015625
3 0.38046875 0.37421875 0.15703125 0.2296875
3 0.3328125 0.54921875 0.1671875 0.2421875
3 0.434375 0.6296875 0.18671875 0.26171875
3 0.44765625 0.41953125 0.12265625 0.19921875
3 0.45 0.20546875 0.13203125 0.20859375
3 0.5625 0.20234375 0.1625 0.23125
3 0.509375 0.30546875 0.15546875 0.21953125
3 0.515625 0.43515625 0.13046875 0.20625
3 0.60703125 0.6 0.1421875 0.228125
3 0.53125 0.58671875 0.1703125 0.24296875
4 0.240625 0.49921875 0.13515625 0.2046875
4 0.24921875 0.59921875 0.1390625 0.2046875
4 0.1640625 0.4390625 0.09921875 0.12890625