3 0.18984375 0.796875 0.1296875 0.24609375
3 0.115625 0.5421875 0.13828125 0.22265625
3 0.3015625 0.7921875 0.16484375 0.2375
3 0.25703125 0.6765625 0.140625 0.2234375
3 0.240625 0.5671875 0.171875 0.253125
3 0.3578125 0.653125 0.16484375 0.2453125
3 0.41796875 0.48359375 0.14765625 0.21953125
3 0.41875 0.56171875 0.15078125 0.2171875
3 0.475 0.7453125 0.16796875 0.24609375
3 0.4875 0.56953125 0.16015625 0.23984375
3 0.5546875 0.4890625 0.13359375 0.20859375
3 0.60390625 0.43515625 0.14609375 0.21328125
3 0.546875 0.278125 0.1484375 0.22265625
3 0.63515625 0.19921875 0.16015625 0.2359375
3 0.77421875 0.59375 0.15 0.21875
3 0.65703125 0.61015625 0.15703125 0.2234375
3 0.71796875 0.46953125 0.1609375 0.23125
3 0.790625 0.21484375 0.134375 0.2109375
3 0.71796875 0.22421875 0.14765625 0.20859375
4 0.4703125 0.32734375 0.12421875 0.18984375
4 0.47109375 0.2421875 0.134375 0.19140625
4 0.27265625 0.346875 0.13828125 0.19609375