3 0.11015625 0.24921875 0.14921875 0.28515625
3 0.22265625 0.0515625 0.1609375 0.103125
3 0.18671875 0.40625 0.190625 0.27421875
3 0.23125 0.26640625 0.1625 0.25859375
3 0.28984375 0.17109375 0.19921875 0.29296875
3 0.31171875 0.39453125 0.18984375 0.284375
3 0.459375 0.36953125 0.17109375 0.25390625
3 0.41015625 0.421875 0.17421875 0.2515625
3 0.3296875 0.6234375 0.19453125 0.284375
3 0.45 0.525 0.18515625 0.278125
3 0.54609375 0.56953125 0.15390625 0.24140625
3 0.6125 0.6046875 0.16875 0.246875
3 0.675 0.41953125 0.171875 0.2578125
3 0.78359375 0.49453125 0.18515625 0.2734375
3 0.6234375 0.91328125 0.1734375 0.1734375
3 0.5359375 0.79453125 0.18203125 0.25859375
3 0.665625 0.78984375 0.1859375 0.26796875
3 0.875 0.72734375 0.15546875 0.24375
3 0.82109375 0.62890625 0.17109375 0.240625
4 0.59375 0.3421875 0.14375 0.2203125
4 0.64765625 0.28671875 0.15546875 0.22109375
4 0.45078125 0.09296875 0.1609375 0.18515625