3 0.74296875 0.28359375 0.13984375 0.1984375
3 0.425 0.21875 0.1328125 0.1984375
3 0.52734375 0.29140625 0.11640625 0.175
3 0.43671875 0.353125 0.125 0.175
3 0.41328125 0.45390625 0.11171875 0.17109375
3 0.46953125 0.459375 0.10234375 0.1640625
3 0.52734375 0.478125 0.1171875 0.18203125
3 0.58828125 0.46015625 0.10859375 0.171875
3 0.65703125 0.44609375 0.1421875 0.21796875
3 0.703125 0.55390625 0.13984375 0.190625
3 0.73515625 0.48046875 0.12421875 0.13515625
3 0.51953125 0.646875 0.121875 0.19453125
3 0.41328125 0.659375 0.14296875 0.20078125
3 0.3578125 0.58203125 0.13359375 0.1921875
3 0.29296875 0.5328125 0.12421875 0.19609375
4 0.60078125 0.65703125 0.1 0.15390625
4 0.5703125 0.73828125 0.10703125 0.15703125
4 0.68515625 0.64453125 0.096875 0.09296875
4 0.76796875 0.7546875 0.103125 0.140625