3 0.1921875 0.35625 0.18515625 0.26875
3 0.53671875 0.1515625 0.17734375 0.265625
3 0.4359375 0.27578125 0.15546875 0.23359375
3 0.5484375 0.30703125 0.16484375 0.2375
3 0.59375 0.4109375 0.15 0.228125
3 0.53046875 0.44140625 0.1390625 0.21640625
3 0.46953125 0.48515625 0.1578125 0.24140625
3 0.39765625 0.48984375 0.146875 0.22734375
3 0.31796875 0.503125 0.19140625 0.28984375
3 0.2859375 0.64296875 0.1828125 0.259375
3 0.23671875 0.5734375 0.15625 0.1953125
3 0.50859375 0.67109375 0.16484375 0.25625
3 0.63046875 0.6421875 0.18828125 0.271875
3 0.678125 0.53203125 0.17734375 0.259375
3 0.74296875 0.45 0.16796875 0.259375
4 0.41953125 0.71640625 0.134375 0.2046875
4 0.46875 0.79453125 0.1421875 0.2109375
4 0.32265625 0.7375 0.11953125 0.1390625
4 0.25 0.89453125 0.13515625 0.1921875