3 0.271875 0.92734375 0.2078125 0.14453125
3 0.35546875 0.92734375 0.1953125 0.1453125
3 0.51875 0.80625 0.20234375 0.296875
3 0.41484375 0.76328125 0.18671875 0.2703125
3 0.578125 0.67890625 0.18515625 0.27578125
3 0.684375 0.6078125 0.17265625 0.259375
3 0.42734375 0.34609375 0.17890625 0.2625
3 0.1328125 0.35 0.18125 0.21953125
3 0.41015625 0.55390625 0.2046875 0.2875
3 0.53984375 0.553125 0.11484375 0.178125
3 0.4796875 0.603125 0.1546875 0.209375
3 0.5015625 0.6671875 0.16640625 0.25703125
4 0.30234375 0.5328125 0.13984375 0.2078125
4 0.4546875 0.2203125 0.11484375 0.16953125
5 0.2515625 0.48828125 0.11171875 0.1578125
5 0.35859375 0.453125 0.09375 0.1453125
5 0.203125 0.321875 0.1078125 0.159375
5 0.33671875 0.196875 0.0875 0.13046875