3 0.759375 0.615625 0.1390625 0.18515625
3 0.65078125 0.64296875 0.13203125 0.19296875
3 0.56328125 0.73125 0.15390625 0.21171875
3 0.5875 0.55390625 0.1453125 0.19921875
3 0.46640625 0.4796875 0.15078125 0.2140625
3 0.34140625 0.35390625 0.1203125 0.17890625
3 0.29921875 0.16328125 0.1234375 0.09921875
3 0.25703125 0.2578125 0.12734375 0.178125
3 0.3125 0.3203125 0.10390625 0.1578125
3 0.20390625 0.26796875 0.096875 0.15859375
4 0.59609375 0.37890625 0.10859375 0.15234375
5 0.484375 0.44609375 0.09296875 0.134375
4 0.546875 0.6328125 0.08125 0.11171875