3 0.7234375 0.290625 0.1328125 0.175
3 0.61640625 0.309375 0.12578125 0.184375
3 0.5171875 0.2625 0.146875 0.20078125
3 0.5734375 0.4203125 0.1390625 0.1890625
3 0.4734375 0.540625 0.14453125 0.203125
3 0.378125 0.71171875 0.1140625 0.1703125
3 0.37421875 0.909375 0.1203125 0.090625
3 0.31640625 0.8375 0.121875 0.16875
3 0.35703125 0.75546875 0.09921875 0.15
3 0.26484375 0.85 0.09140625 0.1515625
4 0.6140625 0.58125 0.10390625 0.14453125
5 0.4953125 0.56484375 0.08828125 0.128125
4 0.5203125 0.36328125 0.07734375 0.10625