3 0.6640625 0.146875 0.121875 0.14296875
3 0.6421875 0.4390625 0.13046875 0.18046875
3 0.67890625 0.65625 0.14765625 0.2265625
3 0.48984375 0.41484375 0.14296875 0.1984375
3 0.40859375 0.4984375 0.115625 0.18359375
3 0.540625 0.71015625 0.1140625 0.15
3 0.55546875 0.871875 0.121875 0.12734375
3 0.46640625 0.7859375 0.08515625 0.13203125
3 0.36640625 0.6671875 0.1125 0.1765625
5 0.58359375 0.540625 0.10703125 0.1421875
5 0.740625 0.18828125 0.0859375 0.13046875
5 0.6578125 0.2359375 0.10078125 0.08046875
4 0.64296875 0.66484375 0.1125 0.1546875