3 0.80390625 0.51953125 0.08828125 0.1265625
3 0.96171875 0.590625 0.0765625 0.1109375
3 0.571875 0.453125 0.0875 0.13203125
3 0.31875 0.425 0.08984375 0.13203125
3 0.34296875 0.44609375 0.1078125 0.15625
3 0.52734375 0.13203125 0.1046875 0.14375
3 0.328125 0.22890625 0.1140625 0.159375
3 0.6953125 0.4953125 0.10859375 0.1484375
3 0.6984375 0.55390625 0.109375 0.1640625
3 0.64375 0.60625 0.10859375 0.1546875
5 0.50625 0.33984375 0.0640625 0.09296875
5 0.76171875 0.45078125 0.065625 0.09609375
5 0.5046875 0.296875 0.06015625 0.084375
5 0.42109375 0.3484375 0.059375 0.090625
5 0.52421875 0.4875 0.06875 0.10625