3 0.57890625 0.08984375 0.146875 0.1796875
3 0.621875 0.37265625 0.16328125 0.234375
3 0.70546875 0.5625 0.1890625 0.28671875
3 0.4703125 0.425 0.178125 0.2578125
3 0.4109375 0.5453125 0.14921875 0.23046875
3 0.584375 0.68203125 0.140625 0.196875
3 0.634375 0.83046875 0.14296875 0.17890625
3 0.5296875 0.7921875 0.109375 0.1671875
3 0.4078125 0.728125 0.14453125 0.221875
5 0.58828125 0.49921875 0.13203125 0.18671875
5 0.6609375 0.08359375 0.11015625 0.165625
5 0.59296875 0.1703125 0.11328125 0.125
4 0.67265625 0.58828125 0.140625 0.2015625