3 0.51484375 0.115625 0.096875 0.1375
3 0.58515625 0.15859375 0.0984375 0.140625
3 0.33046875 0.31875 0.10078125 0.153125
3 0.33203125 0.43515625 0.0921875 0.13359375
3 0.4171875 0.3328125 0.08828125 0.12890625
3 0.4046875 0.4234375 0.1 0.14296875
3 0.490625 0.39921875 0.0984375 0.15078125
3 0.5375 0.42265625 0.08515625 0.12890625
3 0.58828125 0.49921875 0.09453125 0.13828125
3 0.453125 0.471875 0.08203125 0.13125
3 0.5140625 0.58828125 0.11171875 0.1546875
3 0.60859375 0.634375 0.0921875 0.140625
3 0.57734375 0.76328125 0.1 0.14296875
3 0.49609375 0.6515625 0.084375 0.1046875
3 0.4203125 0.8765625 0.08203125 0.09921875
3 0.5 0.91328125 0.08125 0.103125
4 0.496875 0.48828125 0.0765625 0.11875
5 0.403125 0.0765625 0.06953125 0.1015625
5 0.38125 0.02890625 0.06796875 0.05703125
5 0.440625 0.04453125 0.0640625 0.06640625
5 0.484375 0.07578125 0.065625 0.0828125
5 0.55703125 0.56484375 0.0546875 0.08515625