3 0.47734375 0.90703125 0.09375 0.13046875
3 0.55390625 0.878125 0.0953125 0.13359375
3 0.30625 0.65625 0.096875 0.146875
3 0.31953125 0.5359375 0.0890625 0.12734375
3 0.39765625 0.66015625 0.0859375 0.1234375
3 0.39375 0.5640625 0.096875 0.1359375
3 0.4796875 0.60859375 0.09453125 0.1453125
3 0.53125 0.59453125 0.08125 0.1234375
3 0.590625 0.5265625 0.090625 0.13203125
3 0.4484375 0.525 0.078125 0.12734375
3 0.52265625 0.41875 0.10859375 0.14609375
3 0.625 0.3921875 0.08828125 0.1359375
3 0.60546875 0.2515625 0.096875 0.13515625
3 0.5109375 0.34921875 0.08359375 0.096875
3 0.45390625 0.1 0.08203125 0.09140625
3 0.540625 0.07890625 0.08046875 0.0953125
4 0.4953125 0.51796875 0.07265625 0.1140625
5 0.3578125 0.92265625 0.0671875 0.096875
5 0.3296875 0.97109375 0.06796875 0.05703125
5 0.39375 0.9640625 0.06484375 0.05859375
5 0.44140625 0.94140625 0.06484375 0.0765625
5 0.565625 0.45234375 0.0515625 0.08203125