3 0.415625 0.35625 0.06171875 0.0875
3 0.45546875 0.34296875 0.04921875 0.078125
3 0.4875 0.33359375 0.05859375 0.07734375
3 0.440625 0.40703125 0.04921875 0.08125
3 0.48671875 0.3953125 0.059375 0.08125
3 0.45390625 0.47578125 0.046875 0.08828125
3 0.47109375 0.46015625 0.0578125 0.08203125
3 0.496875 0.44140625 0.053125 0.07890625
3 0.16953125 0.79296875 0.046875 0.06484375
3 0.19140625 0.7734375 0.046875 0.0703125
3 0.2515625 0.7203125 0.05 0.071875
3 0.26171875 0.6484375 0.05390625 0.0703125
3 0.32265625 0.75703125 0.04921875 0.0765625
3 0.3328125 0.865625 0.05703125 0.090625
3 0.35859375 0.82734375 0.0625 0.08671875
3 0.3625 0.76171875 0.05078125 0.07734375
3 0.38671875 0.734375 0.04296875 0.06875
3 0.40078125 0.78125 0.05703125 0.06796875
3 0.4046875 0.728125 0.040625 0.0765625
3 0.4125 0.66015625 0.0453125 0.065625
3 0.43359375 0.68515625 0.0578125 0.08046875
3 0.58359375 0.82578125 0.06171875 0.0875
3 0.50625 0.8765625 0.04921875 0.08515625
3 0.47421875 0.91875 0.05 0.0484375
3 0.7078125 0.57265625 0.0484375 0.075
3 0.73984375 0.5546875 0.0546875 0.0796875
3 0.565625 0.865625 0.0546875 0.08125
3 0.82890625 0.35703125 0.0578125 0.07734375
3 0.8671875 0.19296875 0.0359375 0.08359375
5 0.40078125 0.54375 0.03046875 0.046875
4 0.39375 0.578125 0.03125 0.04453125
5 0.40234375 0.59921875 0.025 0.03515625
5 0.42265625 0.59140625 0.025 0.04140625
4 0.43359375 0.6375 0.03125 0.0484375
5 0.57265625 0.59453125 0.025 0.0359375
5 0.61875 0.60390625 0.0296875 0.04296875
5 0.78515625 0.5203125 0.0328125 0.0484375
5 0.684375 0.55078125 0.03046875 0.04921875
4 0.73125 0.5109375 0.0359375 0.05078125
4 0.74296875 0.471875 0.034375 0.05078125