3 0.54609375 0.309375 0.0625 0.0890625
3 0.5046875 0.32109375 0.04921875 0.0796875
3 0.47109375 0.33046875 0.06015625 0.078125
3 0.5359375 0.3734375 0.05 0.0828125
3 0.48828125 0.38984375 0.0609375 0.0828125
3 0.54140625 0.44765625 0.046875 0.090625
3 0.52109375 0.44296875 0.05859375 0.08359375
3 0.490625 0.440625 0.05390625 0.08046875
3 0.90078125 0.58359375 0.04765625 0.065625
3 0.87421875 0.57734375 0.04765625 0.071875
3 0.8015625 0.5625 0.05078125 0.07265625
3 0.77265625 0.49921875 0.05546875 0.0703125
3 0.74296875 0.640625 0.04921875 0.078125
3 0.76171875 0.7515625 0.0578125 0.0921875
3 0.72734375 0.7296875 0.06328125 0.0875
3 0.70546875 0.66953125 0.0515625 0.078125
3 0.67578125 0.65703125 0.04375 0.0703125
3 0.67421875 0.7109375 0.05859375 0.06875
3 0.65625 0.6625 0.040625 0.078125
3 0.63125 0.60078125 0.04609375 0.06640625
3 0.6171875 0.6375 0.05859375 0.08203125
3 0.509375 0.86328125 0.0625 0.0890625
3 0.59765625 0.865625 0.04921875 0.08671875
3 0.63984375 0.8875 0.0515625 0.0484375
3 0.321875 0.69375 0.04921875 0.0765625
3 0.28671875 0.6953125 0.05546875 0.08125
3 0.5375 0.89140625 0.05625 0.0828125
3 0.1484375 0.5578125 0.059375 0.07734375
3 0.0671875 0.421875 0.03515625 0.0859375
5 0.6109375 0.48125 0.03125 0.04765625
4 0.6265625 0.51015625 0.03203125 0.0453125
5 0.62421875 0.5359375 0.025 0.0359375
5 0.60234375 0.540625 0.02578125 0.04296875
4 0.60390625 0.5921875 0.03203125 0.05
5 0.45859375 0.63359375 0.025 0.03671875
5 0.4171875 0.6703125 0.0296875 0.04375
5 0.23359375 0.68984375 0.03359375 0.04921875
5 0.3390625 0.65859375 0.03125 0.05078125
4 0.28359375 0.64765625 0.03671875 0.0515625
4 0.26171875 0.61796875 0.03515625 0.0515625