3 0.5796875 0.3140625 0.06171875 0.0859375
3 0.53359375 0.3109375 0.04765625 0.07890625
3 0.496875 0.309375 0.06015625 0.07421875
3 0.55859375 0.378125 0.0484375 0.08203125
3 0.50546875 0.378125 0.06015625 0.0796875
3 0.553125 0.4578125 0.04375 0.09140625
3 0.53125 0.44609375 0.0578125 0.08046875
3 0.5 0.4328125 0.05234375 0.07890625
3 0.91171875 0.7296875 0.04765625 0.06328125
3 0.884375 0.71484375 0.046875 0.0703125
3 0.81015625 0.67265625 0.05 0.0703125
3 0.78984375 0.59609375 0.05546875 0.0671875
3 0.7359375 0.734375 0.04765625 0.0765625
3 0.73828125 0.85859375 0.05625 0.090625
3 0.7046875 0.8234375 0.0625 0.084375
3 0.69140625 0.7515625 0.05 0.07734375
3 0.66171875 0.728125 0.0421875 0.06953125
3 0.6515625 0.784375 0.05859375 0.0640625
3 0.640625 0.7265625 0.03828125 0.0796875
3 0.6234375 0.65234375 0.0453125 0.06484375
3 0.60234375 0.6859375 0.0578125 0.07890625
3 0.45234375 0.8875 0.06171875 0.0859375
3 0.54609375 0.92109375 0.046875 0.08671875
3 0.58671875 0.959375 0.05390625 0.04296875
3 0.28125 0.640625 0.04765625 0.075
3 0.24375 0.6296875 0.0546875 0.07890625
3 0.478125 0.9265625 0.0546875 0.08046875
3 0.11875 0.434375 0.059375 0.07421875
3 0.05390625 0.2625 0.03125 0.0890625
5 0.62109375 0.51875 0.03046875 0.046875
4 0.6328125 0.5546875 0.03203125 0.04375
5 0.6265625 0.58125 0.025 0.034375
5 0.60234375 0.578125 0.025 0.0421875
4 0.59609375 0.63359375 0.03125 0.04921875
5 0.4359375 0.625 0.025 0.03515625
5 0.38515625 0.65 0.0296875 0.04296875
5 0.18828125 0.6046875 0.0328125 0.04765625
5 0.3046875 0.609375 0.03046875 0.05
4 0.24765625 0.578125 0.0359375 0.04921875
4 0.2296875 0.53828125 0.034375 0.05