3 0.14296875 0.328125 0.08828125 0.12890625
3 0.23046875 0.47265625 0.09765625 0.14453125
3 0.38515625 0.4609375 0.09921875 0.1421875
3 0.46171875 0.48359375 0.1109375 0.16796875
3 0.50078125 0.55234375 0.08203125 0.1265625
3 0.53125 0.71796875 0.1 0.1546875
3 0.5796875 0.69765625 0.103125 0.1484375
3 0.55546875 0.590625 0.0921875 0.1375
3 0.5421875 0.4765625 0.11796875 0.16640625
3 0.47734375 0.353125 0.125 0.17890625
3 0.43515625 0.253125 0.1265625 0.1875
3 0.73671875 0.25390625 0.0828125 0.10390625
3 0.7921875 0.36796875 0.11171875 0.171875
3 0.9234375 0.5265625 0.13125 0.19453125
3 0.89453125 0.4421875 0.1296875 0.1890625
3 0.64140625 0.76796875 0.07734375 0.11875
3 0.68984375 0.79140625 0.0890625 0.13515625
5 0.34453125 0.46171875 0.059375 0.090625
5 0.36796875 0.3875 0.05859375 0.08359375
5 0.409375 0.36875 0.07734375 0.1078125
5 0.47109375 0.17109375 0.07265625 0.109375
5 0.51640625 0.20390625 0.065625 0.09453125
5 0.5390625 0.25703125 0.0703125 0.10390625
5 0.60703125 0.18984375 0.071875 0.1078125
5 0.71640625 0.3 0.0515625 0.08125
5 0.746875 0.39140625 0.06875 0.10390625
5 0.56640625 0.78828125 0.0734375 0.1125
5 0.4859375 0.83359375 0.05703125 0.08828125
5 0.5203125 0.8609375 0.0671875 0.09921875