3 0.24453125 0.2671875 0.1578125 0.215625
3 0.35 0.5328125 0.1765625 0.25703125
3 0.37734375 0.76484375 0.20546875 0.3109375
3 0.48828125 0.41015625 0.19296875 0.28203125
3 0.590625 0.4375 0.1625 0.25
3 0.525 0.72578125 0.1515625 0.21640625
3 0.5578125 0.89140625 0.15234375 0.2
3 0.61875 0.75 0.11953125 0.18125
3 0.6796875 0.571875 0.1578125 0.240625
5 0.43515625 0.5921875 0.14296875 0.2046875
5 0.1828125 0.35703125 0.11953125 0.1796875
5 0.27578125 0.34921875 0.11875 0.1421875
4 0.4140625 0.74921875 0.15234375 0.22109375