3 0.29296875 0.15234375 0.1453125 0.18125
3 0.34453125 0.46328125 0.15859375 0.22265625
3 0.32578125 0.70703125 0.18046875 0.2765625
3 0.5078125 0.4046875 0.1734375 0.2453125
3 0.603125 0.47734375 0.1421875 0.2234375
3 0.48046875 0.73515625 0.1375 0.1859375
3 0.4796875 0.9140625 0.14375 0.16328125
3 0.56796875 0.8015625 0.1046875 0.1609375
3 0.66484375 0.6515625 0.13828125 0.21484375
5 0.41796875 0.5609375 0.12890625 0.1765625
5 0.2140625 0.21328125 0.10546875 0.159375
5 0.3078125 0.24765625 0.11640625 0.109375
4 0.365625 0.7078125 0.13671875 0.19140625