3 0.57578125 0.54375 0.08125 0.109375
3 0.50625 0.5140625 0.07578125 0.10625
3 0.45390625 0.39375 0.06796875 0.096875
3 0.5296875 0.31875 0.06796875 0.08203125
3 0.61171875 0.2125 0.08046875 0.11171875
3 0.5515625 0.26484375 0.06640625 0.10703125
3 0.52421875 0.234375 0.06484375 0.10234375
3 0.559375 0.20859375 0.05859375 0.08359375
5 0.58828125 0.66796875 0.065625 0.10234375
5 0.58203125 0.38046875 0.046875 0.0765625
5 0.575 0.265625 0.0515625 0.08046875
4 0.44765625 0.46328125 0.0703125 0.103125
4 0.47109375 0.5 0.05546875 0.07578125
5 0.44765625 0.91796875 0.06640625 0.10078125