3 0.47890625 0.0953125 0.11875 0.1359375
3 0.4890625 0.4484375 0.1515625 0.21953125
3 0.56484375 0.3640625 0.1515625 0.21328125
3 0.634375 0.26640625 0.125 0.17421875
3 0.4515625 0.58984375 0.1125 0.17421875
3 0.5078125 0.63828125 0.0921875 0.16328125
3 0.475 0.790625 0.11328125 0.16171875
5 0.28125 0.04609375 0.096875 0.0921875
5 0.22421875 0.20859375 0.096875 0.14609375
5 0.21171875 0.353125 0.07734375 0.1078125
5 0.1796875 0.43203125 0.10546875 0.15546875
5 0.10703125 0.44453125 0.06640625 0.11640625
5 0.1375 0.3828125 0.0609375 0.0921875
5 0.08671875 0.546875 0.08671875 0.14140625
5 0.24765625 0.59921875 0.10546875 0.14921875
5 0.375 0.5859375 0.09453125 0.14453125
5 0.4265625 0.69765625 0.09765625 0.14140625
5 0.6234375 0.60234375 0.09453125 0.14296875
5 0.62109375 0.7453125 0.0890625 0.14375
5 0.621875 0.8453125 0.096875 0.15078125
5 0.54296875 0.88671875 0.09296875 0.14453125
5 0.59921875 0.909375 0.075 0.10859375
5 0.778125 0.38984375 0.1109375 0.1671875
5 0.76953125 0.57421875 0.08671875 0.13515625
5 0.75078125 0.99921875 0.06953125 0.0015625