3 0.5421875 0.59453125 0.07578125 0.1015625
3 0.5015625 0.51484375 0.07109375 0.0984375
3 0.50625 0.38203125 0.06328125 0.08984375
3 0.590625 0.38828125 0.0625 0.0765625
3 0.690625 0.3765625 0.075 0.10390625
3 0.6265625 0.36640625 0.06171875 0.1
3 0.6171875 0.3203125 0.06015625 0.0953125
3 0.653125 0.33125 0.0546875 0.07734375
5 0.50625 0.69765625 0.06171875 0.0953125
5 0.60703125 0.478125 0.04375 0.07109375
5 0.64453125 0.3859375 0.0484375 0.075
4 0.47578125 0.428125 0.065625 0.09609375
4 0.48046875 0.475 0.0515625 0.0703125
5 0.309375 0.7671875 0.06171875 0.09375