3 0.4109375 0.359375 0.146875 0.2203125
3 0.490625 0.52265625 0.15 0.21953125
3 0.5390625 0.803125 0.14375 0.2125
3 0.43828125 0.8171875 0.1640625 0.253125
3 0.4046875 0.490625 0.15078125 0.190625
3 0.25234375 0.52265625 0.16640625 0.253125
3 0.3375 0.66484375 0.1796875 0.25078125
5 0.396875 0.2046875 0.0796875 0.12734375
5 0.47421875 0.21015625 0.08515625 0.11484375
5 0.484375 0.3484375 0.1046875 0.178125
5 0.590625 0.3984375 0.09609375 0.14921875
5 0.43359375 0.53984375 0.10625 0.1578125
5 0.16640625 0.53046875 0.09296875 0.146875
5 0.1921875 0.7359375 0.1125 0.178125
5 0.2875 0.6421875 0.12109375 0.184375
5 0.13046875 0.75 0.09609375 0.18359375