3 0.571875 0.54609375 0.0765625 0.1015625
3 0.50546875 0.5140625 0.07109375 0.0984375
3 0.459375 0.396875 0.0640625 0.08984375
3 0.5328125 0.3296875 0.06328125 0.075
3 0.61328125 0.23359375 0.075 0.10390625
3 0.5546875 0.27890625 0.06171875 0.10078125
3 0.5296875 0.2484375 0.06015625 0.0953125
3 0.5640625 0.2265625 0.0546875 0.07734375
5 0.58046875 0.66484375 0.06171875 0.09609375
5 0.58125 0.390625 0.04375 0.07109375
5 0.57734375 0.28125 0.0484375 0.07578125
4 0.45078125 0.4625 0.065625 0.09609375
4 0.47265625 0.4984375 0.0515625 0.06953125
5 0.43984375 0.89375 0.06171875 0.09453125