3 0.3125 0.6125 0.14609375 0.215625
3 0.390625 0.55546875 0.1421875 0.20625
3 0.41796875 0.615625 0.12734375 0.18046875
3 0.52109375 0.575 0.13203125 0.18984375
3 0.475 0.48984375 0.1421875 0.21171875
3 0.46640625 0.32890625 0.1609375 0.22890625
3 0.609375 0.44921875 0.153125 0.228125
3 0.6375 0.9125 0.115625 0.17109375
3 0.74453125 0.75859375 0.10703125 0.16953125
5 0.6171875 0.60546875 0.109375 0.16640625
5 0.3390625 0.503125 0.10625 0.14453125
5 0.29921875 0.58125 0.0796875 0.115625
5 0.346875 0.3984375 0.096875 0.1453125