3 0.42265625 0.73515625 0.15 0.2234375
3 0.315625 0.67890625 0.140625 0.2140625
3 0.3078125 0.28671875 0.16484375 0.23359375
3 0.3828125 0.52890625 0.16640625 0.2375
3 0.3765625 0.43984375 0.12578125 0.18828125
3 0.4859375 0.43828125 0.125 0.18984375
3 0.66328125 0.53515625 0.13984375 0.21328125
3 0.55078125 0.36640625 0.15078125 0.22421875
3 0.62578125 0.35859375 0.134375 0.17734375
3 0.65390625 0.28359375 0.146875 0.21796875
3 0.75 0.2796875 0.14609375 0.175
4 0.47890625 0.61015625 0.12890625 0.1953125
4 0.75546875 0.403125 0.1125 0.16875
5 0.82890625 0.47890625 0.1359375 0.20625
5 0.5921875 0.4984375 0.1125 0.16875
5 0.4609375 0.45078125 0.11484375 0.17421875
5 0.2671875 0.48125 0.109375 0.16796875
5 0.30234375 0.1390625 0.11015625 0.1578125
5 0.29765625 0.78125 0.09453125 0.1078125
5 0.3859375 0.83046875 0.10703125 0.12890625