3 0.73671875 0.3390625 0.1296875 0.190625
3 0.7109375 0.25234375 0.12421875 0.16015625
3 0.51015625 0.33203125 0.13671875 0.2
3 0.496875 0.25234375 0.11953125 0.171875
3 0.5 0.38984375 0.11796875 0.1484375
3 0.590625 0.38828125 0.13515625 0.20390625
3 0.65859375 0.303125 0.11875 0.165625
3 0.67109375 0.40625 0.134375 0.20703125
3 0.60234375 0.5 0.146875 0.20859375
3 0.69609375 0.44921875 0.1203125 0.1921875
3 0.43515625 0.5 0.11171875 0.16015625
3 0.39609375 0.5171875 0.0859375 0.121875
5 0.4625 0.2078125 0.09765625 0.13828125
5 0.4390625 0.3046875 0.0921875 0.14140625