3 0.37265625 0.8734375 0.12421875 0.1796875
3 0.4328125 0.92265625 0.12578125 0.13984375
3 0.56953125 0.65859375 0.13046875 0.1875
3 0.61640625 0.71328125 0.11484375 0.16015625
3 0.553125 0.5984375 0.12109375 0.128125
3 0.4765625 0.6890625 0.128125 0.19453125
3 0.45546875 0.828125 0.11640625 0.1515625
3 0.39921875 0.7515625 0.12578125 0.1984375
3 0.41796875 0.60390625 0.14296875 0.19296875
3 0.36015625 0.7390625 0.1109375 0.1875
3 0.56171875 0.440625 0.1078125 0.14921875
3 0.5875 0.3875 0.08359375 0.11171875
5 0.66484375 0.71796875 0.09453125 0.128125
5 0.64296875 0.6125 0.08671875 0.13515625