3 0.221875 0.06015625 0.11171875 0.11953125
3 0.38125 0.23984375 0.13125 0.184375
3 0.3875 0.33984375 0.1328125 0.1890625
3 0.46484375 0.328125 0.121875 0.20390625
3 0.56015625 0.55390625 0.1390625 0.20390625
3 0.48359375 0.653125 0.128125 0.184375
3 0.56953125 0.8015625 0.13828125 0.2
3 0.65703125 0.7671875 0.1203125 0.19296875
3 0.73046875 0.83359375 0.12421875 0.19296875
3 0.671875 0.9171875 0.1421875 0.165625
5 0.66015625 0.36484375 0.0984375 0.11953125
5 0.52265625 0.26953125 0.09765625 0.1390625
5 0.64453125 0.4484375 0.10703125 0.15
5 0.68125 0.61328125 0.096875 0.13125
5 0.7546875 0.7125 0.07890625 0.11015625
5 0.725 0.66171875 0.0828125 0.14140625