3 0.25625 0.47421875 0.1671875 0.25078125
3 0.4921875 0.60625 0.16953125 0.24296875
3 0.37265625 0.671875 0.159375 0.23828125
3 0.5375 0.734375 0.18125 0.21796875
3 0.7265625 0.1953125 0.13515625 0.1921875
5 0.14140625 0.53671875 0.14765625 0.1875
5 0.521875 0.878125 0.13125 0.19140625
4 0.62421875 0.5890625 0.1375 0.2125
5 0.6828125 0.46640625 0.11640625 0.17265625
5 0.71875 0.36875 0.11015625 0.159375
5 0.56328125 0.22578125 0.1140625 0.15703125
5 0.6140625 0.1546875 0.11484375 0.153125
5 0.71328125 0.153125 0.11640625 0.17734375
5 0.5109375 0.334375 0.10703125 0.15625
5 0.378125 0.48828125 0.11171875 0.1765625