3 0.259375 0.56953125 0.1765625 0.26484375
3 0.51015625 0.60625 0.17890625 0.25703125
3 0.40546875 0.715625 0.16875 0.2515625
3 0.57578125 0.71328125 0.1890625 0.234375
3 0.66640625 0.11953125 0.1421875 0.20390625
5 0.15859375 0.6734375 0.1546875 0.2
5 0.58515625 0.8578125 0.13828125 0.203125
4 0.634375 0.5390625 0.1453125 0.2234375
5 0.67109375 0.3984375 0.1234375 0.18203125
5 0.68828125 0.290625 0.115625 0.16875
5 0.5140625 0.21171875 0.11953125 0.1671875
5 0.55078125 0.1234375 0.1203125 0.16328125
5 0.64609375 0.08828125 0.1234375 0.1765625
5 0.48203125 0.3375 0.11328125 0.165625
5 0.3796875 0.5359375 0.11796875 0.1859375