3 0.2796875 0.68046875 0.21015625 0.315625
3 0.53125 0.6 0.2109375 0.31015625
3 0.4515625 0.7546875 0.20078125 0.30078125
3 0.61640625 0.6734375 0.21484375 0.29609375
3 0.58203125 0.08828125 0.1671875 0.1765625
5 0.203125 0.82734375 0.17734375 0.24921875
5 0.65546875 0.81015625 0.1640625 0.24375
4 0.63828125 0.47734375 0.175 0.26484375
5 0.64453125 0.3234375 0.14609375 0.21796875
5 0.63984375 0.2109375 0.1375 0.203125
5 0.45390625 0.2140625 0.13984375 0.203125
5 0.47109375 0.11171875 0.13984375 0.2
5 0.55625 0.06953125 0.146875 0.1390625
5 0.4484375 0.35078125 0.13359375 0.1984375
5 0.38984375 0.59140625 0.14296875 0.21875