3 0.64453125 0.84375 0.18984375 0.215625
3 0.67734375 0.47734375 0.15 0.18359375
3 0.69921875 0.34453125 0.153125 0.2109375
3 0.4640625 0.41171875 0.175 0.228125
3 0.359375 0.4234375 0.128125 0.2109375
3 0.57265625 0.27109375 0.16953125 0.2234375
3 0.62578125 0.2078125 0.1546875 0.16171875
5 0.7984375 0.66796875 0.10390625 0.15
5 0.67265625 0.86484375 0.1140625 0.153125
5 0.47734375 0.925 0.10078125 0.06640625
5 0.68515625 0.6390625 0.11328125 0.159375
5 0.54609375 0.521875 0.11328125 0.16875
5 0.371875 0.62109375 0.10546875 0.16171875
5 0.321875 0.58671875 0.10390625 0.18984375
5 0.75 0.2484375 0.11484375 0.17734375
5 0.4796875 0.23203125 0.1078125 0.17265625