3 0.4265625 0.2625 0.1375 0.2015625
3 0.45703125 0.3765625 0.1421875 0.21015625
3 0.41328125 0.490625 0.165625 0.24140625
3 0.66796875 0.303125 0.165625 0.2296875
3 0.621875 0.71015625 0.1578125 0.22109375
3 0.50078125 0.51171875 0.0765625 0.1015625
5 0.67890625 0.44609375 0.11015625 0.171875
5 0.58125 0.53984375 0.11328125 0.1703125
5 0.621875 0.10390625 0.11328125 0.1359375
5 0.53046875 0.21328125 0.09453125 0.128125
5 0.64921875 0.22109375 0.1125 0.14765625
5 0.56640625 0.33046875 0.10625 0.16796875