3 0.37109375 0.6671875 0.1234375 0.171875
3 0.38203125 0.29921875 0.121875 0.19453125
3 0.59453125 0.1578125 0.10546875 0.16796875
3 0.5625 0.33125 0.1 0.13984375
3 0.50703125 0.59765625 0.09765625 0.1359375
4 0.41953125 0.27734375 0.09140625 0.13828125
4 0.5984375 0.68359375 0.078125 0.11953125
5 0.40703125 0.8546875 0.06171875 0.06328125
5 0.45390625 0.81953125 0.07734375 0.096875
5 0.4203125 0.7046875 0.0703125 0.115625
5 0.6203125 0.61875 0.0734375 0.11015625
5 0.44921875 0.53828125 0.0859375 0.13359375
5 0.38671875 0.5125 0.07578125 0.1109375
5 0.43203125 0.41171875 0.0703125 0.11015625
5 0.4953125 0.34921875 0.0640625 0.09296875
5 0.5375 0.3984375 0.06484375 0.0953125
5 0.49609375 0.48515625 0.0578125 0.084375
5 0.3890625 0.159375 0.0828125 0.1125
5 0.37578125 0.0953125 0.06015625 0.065625