3 0.37421875 0.3640625 0.109375 0.1515625
3 0.39921875 0.703125 0.1078125 0.1734375
3 0.6015625 0.8140625 0.09296875 0.14921875
3 0.56484375 0.65703125 0.0890625 0.12265625
3 0.50234375 0.41640625 0.08671875 0.11953125
4 0.43515625 0.7203125 0.08125 0.12265625
4 0.58359375 0.328125 0.06875 0.10546875
5 0.40078125 0.1875 0.05546875 0.05390625
5 0.44453125 0.215625 0.06953125 0.084375
5 0.41796875 0.325 0.06171875 0.103125
5 0.60703125 0.3859375 0.06484375 0.09765625
5 0.45234375 0.47578125 0.07578125 0.11875
5 0.3953125 0.50546875 0.0671875 0.09765625
5 0.44140625 0.59453125 0.06171875 0.09765625
5 0.50234375 0.646875 0.05703125 0.08203125
5 0.5390625 0.596875 0.0578125 0.084375
5 0.49765625 0.5203125 0.05078125 0.075
5 0.41171875 0.83203125 0.07421875 0.09921875
5 0.4015625 0.8921875 0.0546875 0.05625