3 0.41796875 0.30703125 0.1265625 0.184375
3 0.36015625 0.63125 0.13046875 0.20078125
3 0.51953125 0.8421875 0.1125 0.1734375
3 0.52265625 0.678125 0.103125 0.15
3 0.5234375 0.4234375 0.1 0.14609375
4 0.3890625 0.66640625 0.09609375 0.14453125
4 0.61875 0.3859375 0.0828125 0.125
5 0.484375 0.15859375 0.05859375 0.075
5 0.51796875 0.20859375 0.07734375 0.10703125
5 0.4671875 0.29453125 0.07578125 0.11875
5 0.62578125 0.4515625 0.07734375 0.115625
5 0.4625 0.45078125 0.09140625 0.1390625
5 0.40390625 0.44765625 0.07890625 0.1171875
5 0.425 0.5546875 0.07421875 0.1140625
5 0.46796875 0.63515625 0.06640625 0.0984375
5 0.51328125 0.609375 0.06796875 0.10078125
5 0.49375 0.51640625 0.06015625 0.0890625
5 0.340625 0.75625 0.084375 0.121875
5 0.3171875 0.80625 0.05859375 0.0765625