3 0.53515625 0.1953125 0.16171875 0.24140625
3 0.5859375 0.37890625 0.13984375 0.19921875
3 0.4265625 0.5734375 0.1703125 0.24765625
3 0.20234375 0.46796875 0.14921875 0.21640625
3 0.20390625 0.3921875 0.12734375 0.1671875
3 0.26484375 0.51875 0.15546875 0.2375
3 0.16328125 0.7046875 0.13984375 0.209375
3 0.10703125 0.61796875 0.1078125 0.1515625
3 0.68671875 0.55703125 0.084375 0.11796875
4 0.5234375 0.484375 0.1140625 0.17109375
4 0.55546875 0.63125 0.1046875 0.1609375
4 0.61875 0.5640625 0.109375 0.15859375
4 0.628125 0.64921875 0.090625 0.128125
5 0.71875 0.75234375 0.09453125 0.1390625
5 0.67265625 0.646875 0.07734375 0.11640625
5 0.44453125 0.24296875 0.08359375 0.12421875
5 0.47421875 0.08125 0.10234375 0.12265625
5 0.27890625 0.3734375 0.09921875 0.15234375
5 0.34921875 0.48984375 0.10625 0.15859375
5 0.12421875 0.47890625 0.1109375 0.171875
5 0.18828125 0.56875 0.1125 0.15703125
5 0.20859375 0.93125 0.12734375 0.1359375