3 0.615625 0.27734375 0.1234375 0.18359375
3 0.6046875 0.45625 0.10859375 0.14921875
3 0.421875 0.51171875 0.13203125 0.18671875
3 0.271875 0.284375 0.115625 0.1625
3 0.29453125 0.225 0.103125 0.11953125
3 0.3078125 0.365625 0.11796875 0.1828125
3 0.17421875 0.45 0.10625 0.159375
3 0.153125 0.34453125 0.084375 0.1125
3 0.63515625 0.6640625 0.06640625 0.08671875
4 0.52421875 0.5015625 0.08671875 0.13125
4 0.509375 0.6390625 0.07890625 0.12421875
4 0.578125 0.62578125 0.08515625 0.11953125
4 0.56171875 0.7 0.07109375 0.09453125
5 0.60546875 0.840625 0.07265625 0.1046875
5 0.5984375 0.7265625 0.05859375 0.0890625
5 0.5296875 0.2578125 0.0640625 0.09453125
5 0.5984375 0.14765625 0.0859375 0.0828125
5 0.36015625 0.2578125 0.075 0.11640625
5 0.38359375 0.39609375 0.08125 0.12109375
5 0.20625 0.24453125 0.0828125 0.1328125
5 0.2328125 0.35625 0.08828125 0.115625
5 0.140625 0.6765625 0.10078125 0.13046875