3 0.39296875 0.74140625 0.121875 0.18125
3 0.39921875 0.5578125 0.1078125 0.146875
3 0.584375 0.48984375 0.13046875 0.18359375
3 0.74453125 0.7125 0.1140625 0.16015625
3 0.72265625 0.775 0.103125 0.11640625
3 0.70546875 0.63203125 0.11640625 0.18125
3 0.83984375 0.53671875 0.10546875 0.1578125
3 0.8640625 0.64375 0.08359375 0.11015625
3 0.36171875 0.34765625 0.06640625 0.08515625
4 0.4796875 0.50625 0.0859375 0.1296875
4 0.49140625 0.36484375 0.078125 0.12265625
4 0.4203125 0.3828125 0.084375 0.1171875
4 0.4359375 0.30625 0.0703125 0.09296875
5 0.38671875 0.16484375 0.071875 0.103125
5 0.39765625 0.28125 0.0578125 0.08828125
5 0.48125 0.75625 0.06328125 0.09296875
5 0.4140625 0.8734375 0.0859375 0.0796875
5 0.6546875 0.74609375 0.07421875 0.115625
5 0.6265625 0.60625 0.08046875 0.11953125
5 0.8125 0.74921875 0.08203125 0.13203125
5 0.78203125 0.6359375 0.08828125 0.11328125
5 0.86796875 0.303125 0.1 0.128125