3 0.553125 0.6046875 0.1234375 0.17578125
3 0.4453125 0.55390625 0.1125 0.16640625
3 0.63046875 0.140625 0.128125 0.14140625
4 0.475 0.646875 0.08984375 0.12578125
4 0.52109375 0.4265625 0.096875 0.140625
4 0.359375 0.60546875 0.084375 0.12578125
5 0.51015625 0.85859375 0.07890625 0.11171875
5 0.5546875 0.83984375 0.0640625 0.10546875
5 0.50625 0.7828125 0.06328125 0.08359375
5 0.53046875 0.7234375 0.084375 0.11484375
5 0.8140625 0.2984375 0.09921875 0.146875
4 0.68359375 0.19609375 0.10859375 0.16015625
4 0.49296875 0.31328125 0.10078125 0.14765625
5 0.45 0.44375 0.0796875 0.12109375
5 0.4203125 0.371875 0.08828125 0.13515625
5 0.3703125 0.515625 0.08984375 0.12890625
5 0.3921875 0.4546875 0.08046875 0.10703125
5 0.3984375 0.7140625 0.07265625 0.1140625