3 0.4625 0.603125 0.11875 0.17109375
3 0.55703125 0.540625 0.10859375 0.1609375
3 0.3625 0.1921875 0.1203125 0.1421875
4 0.53671875 0.6296875 0.0859375 0.121875
4 0.48046875 0.4359375 0.09375 0.1359375
4 0.6390625 0.57578125 0.08125 0.121875
5 0.51796875 0.82734375 0.07578125 0.109375
5 0.47578125 0.81640625 0.0625 0.1015625
5 0.51640625 0.7578125 0.06015625 0.08203125
5 0.490625 0.70703125 0.08046875 0.1125
5 0.20625 0.3625 0.09609375 0.1421875
4 0.31796875 0.25 0.1046875 0.15546875
4 0.4984375 0.3296875 0.096875 0.14296875
5 0.54609375 0.4421875 0.07734375 0.11640625
5 0.56796875 0.371875 0.0859375 0.13046875
5 0.62265625 0.4953125 0.0859375 0.125
5 0.59921875 0.44375 0.07734375 0.1046875
5 0.61015625 0.6796875 0.0703125 0.109375