3 0.578125 0.55703125 0.12265625 0.17421875
3 0.46796875 0.58671875 0.1109375 0.1640625
3 0.50234375 0.09765625 0.1265625 0.140625
4 0.52265625 0.64765625 0.08828125 0.12421875
4 0.4953125 0.42265625 0.09609375 0.1390625
4 0.40859375 0.69140625 0.0828125 0.12421875
5 0.61796875 0.80859375 0.078125 0.1109375
5 0.6515625 0.7609375 0.06328125 0.1046875
5 0.5921875 0.74453125 0.0625 0.08203125
5 0.59453125 0.67578125 0.08359375 0.1140625
5 0.71171875 0.109375 0.0984375 0.1453125
4 0.565625 0.109375 0.10703125 0.159375
4 0.4359375 0.34375 0.1 0.14609375
5 0.43828125 0.4875 0.07890625 0.11953125
5 0.390625 0.44453125 0.0875 0.13359375
5 0.390625 0.60546875 0.08828125 0.128125
5 0.39140625 0.5375 0.0796875 0.10546875
5 0.4765625 0.759375 0.071875 0.1125