3 0.5796875 0.54453125 0.1265625 0.18203125
3 0.47421875 0.58984375 0.115625 0.17109375
3 0.475 0.10625 0.12734375 0.1515625
4 0.53203125 0.64140625 0.09140625 0.13046875
4 0.48984375 0.42578125 0.09921875 0.1453125
4 0.4234375 0.7015625 0.08671875 0.1296875
5 0.63671875 0.784375 0.08046875 0.115625
5 0.665625 0.7328125 0.0671875 0.1078125
5 0.60625 0.72578125 0.0640625 0.08671875
5 0.6046875 0.65859375 0.0859375 0.11953125
5 0.68046875 0.08515625 0.10234375 0.1515625
4 0.5375 0.10859375 0.11171875 0.165625
4 0.4265625 0.35703125 0.103125 0.15234375
5 0.4390625 0.49765625 0.08203125 0.12421875
5 0.3890625 0.46328125 0.090625 0.1390625
5 0.4 0.6203125 0.0921875 0.13359375
5 0.39609375 0.553125 0.08203125 0.11171875
5 0.49453125 0.7578125 0.075 0.11640625