3 0.59296875 0.31875 0.1296875 0.1921875
3 0.54375 0.421875 0.13984375 0.20859375
3 0.31484375 0.190625 0.1390625 0.1796875
3 0.340625 0.30390625 0.1328125 0.196875
3 0.2625 0.22890625 0.14296875 0.2171875
3 0.4984375 0.396875 0.1125 0.18046875
3 0.584375 0.5 0.128125 0.1828125
5 0.33828125 0.15 0.08671875 0.121875
5 0.38515625 0.39375 0.09296875 0.14140625
5 0.384375 0.49453125 0.08828125 0.12109375
5 0.28671875 0.44375 0.08046875 0.1140625
5 0.25 0.5265625 0.07734375 0.1140625
5 0.4765625 0.3515625 0.10859375 0.16015625
5 0.53046875 0.3 0.07578125 0.109375
4 0.55546875 0.59765625 0.128125 0.1859375
5 0.51015625 0.56328125 0.09453125 0.159375
5 0.52578125 0.69296875 0.08203125 0.121875
5 0.61328125 0.69453125 0.0921875 0.13828125
5 0.65703125 0.6390625 0.1125 0.16484375
5 0.71484375 0.4015625 0.0875 0.128125