3 0.559375 0.3265625 0.103125 0.1515625
3 0.52890625 0.425 0.1109375 0.165625
3 0.31171875 0.28203125 0.115625 0.13515625
3 0.34453125 0.37265625 0.10546875 0.1546875
3 0.271875 0.32734375 0.11328125 0.17265625
3 0.48828125 0.4140625 0.0875 0.14609375
3 0.571875 0.48125 0.103125 0.1421875
5 0.32734375 0.24296875 0.06953125 0.0953125
5 0.3921875 0.43828125 0.0734375 0.1125
5 0.4015625 0.5234375 0.071875 0.09296875
5 0.31328125 0.503125 0.06484375 0.0890625
5 0.29140625 0.58125 0.06171875 0.08984375
5 0.46484375 0.38125 0.08671875 0.1265625
5 0.50546875 0.325 0.06015625 0.08671875
4 0.55703125 0.57109375 0.10234375 0.14609375
5 0.515625 0.55234375 0.07265625 0.13125
5 0.54140625 0.6578125 0.06484375 0.096875
5 0.61640625 0.6390625 0.0734375 0.109375
5 0.646875 0.58203125 0.08984375 0.1296875
5 0.67109375 0.36796875 0.06953125 0.10078125