3 0.62890625 0.415625 0.11640625 0.17109375
3 0.47890625 0.2953125 0.11328125 0.16796875
3 0.371875 0.33203125 0.0984375 0.14296875
3 0.45859375 0.42421875 0.11328125 0.171875
3 0.390625 0.4734375 0.0984375 0.1515625
3 0.40390625 0.571875 0.11484375 0.17265625
3 0.465625 0.61640625 0.09765625 0.1484375
3 0.428125 0.67578125 0.10234375 0.14140625
3 0.34140625 0.584375 0.0875 0.1515625
3 0.3140625 0.4671875 0.11796875 0.1703125
3 0.2890625 0.56015625 0.11953125 0.17109375
3 0.30546875 0.70390625 0.1171875 0.175
4 0.3515625 0.22421875 0.08359375 0.1296875
4 0.48671875 0.13828125 0.07109375 0.10703125
4 0.49453125 0.1875 0.075 0.10078125
4 0.51796875 0.45859375 0.08125 0.12734375