3 0.25625 0.72109375 0.15390625 0.215625
3 0.39921875 0.64296875 0.14765625 0.2171875
3 0.47265625 0.390625 0.13515625 0.1828125
3 0.578125 0.5125 0.14765625 0.20859375
3 0.82734375 0.17421875 0.1390625 0.22421875
3 0.71796875 0.44375 0.11484375 0.1515625
3 0.8453125 0.51640625 0.10546875 0.178125
3 0.75078125 0.5234375 0.11796875 0.17109375
5 0.175 0.49375 0.09140625 0.14453125
4 0.78125 0.53984375 0.10703125 0.15859375
5 0.80234375 0.29140625 0.084375 0.128125
5 0.91171875 0.47265625 0.103125 0.17734375