3 0.17734375 0.2 0.13984375 0.2234375
3 0.5453125 0.465625 0.15078125 0.2
3 0.43046875 0.57265625 0.153125 0.234375
3 0.7609375 0.8328125 0.16328125 0.23359375
3 0.6078125 0.740625 0.16328125 0.2375
3 0.27421875 0.5046875 0.13046875 0.18515625
3 0.24375 0.5765625 0.1265625 0.18046875
3 0.15078125 0.56171875 0.1328125 0.21015625
5 0.85078125 0.61015625 0.1015625 0.15703125
4 0.49375 0.59921875 0.10625 0.159375
4 0.2125 0.59921875 0.11796875 0.17421875
5 0.19921875 0.34140625 0.1046875 0.15703125
5 0.3765625 0.765625 0.0953125 0.12421875
5 0.2609375 0.7203125 0.11328125 0.15546875
5 0.07890625 0.50859375 0.1125 0.190625