3 0.1328125 0.80390625 0.14921875 0.23984375
3 0.54765625 0.54921875 0.1625 0.21171875
3 0.42578125 0.4203125 0.16328125 0.25078125
3 0.8 0.1671875 0.175 0.2484375
3 0.62890625 0.25390625 0.175 0.253125
3 0.25234375 0.4796875 0.13984375 0.196875
3 0.22265625 0.39765625 0.1359375 0.1921875
3 0.11953125 0.4046875 0.14140625 0.22578125
5 0.88828125 0.4203125 0.1078125 0.16875
4 0.49765625 0.39765625 0.11328125 0.1703125
4 0.18828125 0.3703125 0.12578125 0.1859375
5 0.16328125 0.65078125 0.11171875 0.1671875
5 0.37578125 0.20390625 0.103125 0.13046875
5 0.24765625 0.2421875 0.121875 0.16484375
5 0.04921875 0.45625 0.0984375 0.20546875