3 0.2125 0.34609375 0.1625 0.24921875
3 0.30859375 0.3828125 0.1625 0.2296875
3 0.38125 0.1609375 0.15625 0.22890625
3 0.4671875 0.234375 0.17734375 0.2359375
3 0.38359375 0.3078125 0.15078125 0.240625
3 0.4875 0.57734375 0.16171875 0.25703125
3 0.56953125 0.49609375 0.17265625 0.24453125
3 0.66640625 0.65703125 0.13359375 0.21953125
3 0.71640625 0.38828125 0.0984375 0.146875
4 0.57265625 0.64375 0.1390625 0.22890625
5 0.4453125 0.853125 0.115625 0.17421875
5 0.42421875 0.95859375 0.10625 0.0828125