3 0.771875 0.628125 0.15625 0.2296875
3 0.64375 0.66796875 0.17421875 0.2484375
3 0.58359375 0.58984375 0.16015625 0.2265625
3 0.58359375 0.42578125 0.125 0.190625
3 0.3859375 0.23359375 0.134375 0.19609375
3 0.54765625 0.27265625 0.15859375 0.23203125
3 0.47265625 0.34375 0.16640625 0.23125
3 0.3765625 0.575 0.1546875 0.22109375
3 0.43359375 0.71328125 0.14453125 0.21484375
3 0.30078125 0.71640625 0.178125 0.246875
3 0.26875 0.615625 0.14609375 0.20859375
3 0.16796875 0.565625 0.140625 0.20703125
3 0.37890625 0.83046875 0.1421875 0.12734375
4 0.45859375 0.175 0.10859375 0.1640625