3 0.825 0.52578125 0.18046875 0.265625
3 0.69765625 0.4078125 0.20078125 0.28671875
3 0.6125 0.4578125 0.184375 0.26171875
3 0.5703125 0.634375 0.14375 0.2203125
3 0.30703125 0.7265625 0.15546875 0.22578125
3 0.49140625 0.778125 0.1828125 0.26796875
3 0.42890625 0.6578125 0.1921875 0.2671875
3 0.38515625 0.353125 0.17890625 0.25625
3 0.4828125 0.2375 0.1671875 0.2484375
3 0.33984375 0.15625 0.20625 0.28515625
3 0.2796875 0.246875 0.16796875 0.240625
3 0.1578125 0.2421875 0.16171875 0.2390625
3 0.45390625 0.07890625 0.16328125 0.14765625
4 0.3703125 0.83203125 0.125 0.18984375