3 0.7484375 0.60625 0.14921875 0.2171875
3 0.63125 0.62421875 0.15390625 0.2296875
3 0.53125 0.7203125 0.17109375 0.240625
3 0.5625 0.5109375 0.1546875 0.22109375
3 0.275 0.28671875 0.1390625 0.20078125
3 0.25234375 0.23125 0.1265625 0.18359375
3 0.18046875 0.2015625 0.14453125 0.1390625
3 0.415625 0.4234375 0.1484375 0.26171875
3 0.49609375 0.34296875 0.08984375 0.14296875
4 0.5609375 0.3203125 0.12578125 0.17109375
5 0.440625 0.390625 0.1078125 0.165625
5 0.503125 0.62421875 0.0984375 0.140625