3 0.71328125 0.34375 0.11640625 0.1875
3 0.62265625 0.353125 0.12578125 0.18125
3 0.6 0.20859375 0.134375 0.19921875
3 0.51328125 0.28984375 0.1265625 0.18671875
3 0.42890625 0.33203125 0.13203125 0.20859375
3 0.40234375 0.15546875 0.1328125 0.1890625
3 0.29453125 0.49609375 0.12265625 0.171875
3 0.1984375 0.465625 0.1375 0.19765625
3 0.10078125 0.31171875 0.10234375 0.18515625
5 0.0890625 0.57890625 0.0890625 0.1359375
5 0.07265625 0.46796875 0.06796875 0.13828125
5 0.06796875 0.32421875 0.07578125 0.16171875
5 0.05703125 0.178125 0.06875 0.140625