3 0.4265625 0.66796875 0.12421875 0.18203125
3 0.5171875 0.5328125 0.13828125 0.2078125
3 0.43203125 0.51875 0.140625 0.209375
3 0.34609375 0.509375 0.1390625 0.20546875
3 0.2828125 0.5765625 0.0921875 0.13671875
3 0.5703125 0.37734375 0.12734375 0.19140625
3 0.54453125 0.23359375 0.1453125 0.215625
3 0.48359375 0.13515625 0.146875 0.21875
3 0.2015625 0.71328125 0.14921875 0.18359375
5 0.565625 0.7796875 0.0921875 0.13984375
5 0.490625 0.74453125 0.0890625 0.1296875
5 0.5625 0.68359375 0.10234375 0.14453125
5 0.74921875 0.53203125 0.1015625 0.1578125
5 0.6765625 0.35078125 0.10234375 0.1484375
5 0.51484375 0.365625 0.07734375 0.12421875
5 0.47109375 0.33828125 0.0890625 0.13515625
5 0.5265625 0.26640625 0.0921875 0.1328125
5 0.4703125 0.2203125 0.0734375 0.10703125