3 0.4890625 0.31171875 0.103125 0.14765625
3 0.5234375 0.48828125 0.11328125 0.1703125
3 0.44765625 0.44140625 0.11640625 0.17109375
3 0.371875 0.3890625 0.11484375 0.1671875
3 0.3390625 0.28828125 0.07578125 0.11171875
3 0.5203125 0.65703125 0.1046875 0.15703125
3 0.45390625 0.7609375 0.11953125 0.17578125
3 0.37265625 0.8015625 0.1203125 0.178125
3 0.31328125 0.11640625 0.13203125 0.1359375
5 0.640625 0.3140625 0.075 0.11484375
5 0.56640625 0.29140625 0.07421875 0.1046875
5 0.609375 0.39296875 0.0859375 0.115625
5 0.7203125 0.65078125 0.08203125 0.13203125
5 0.60234375 0.753125 0.08515625 0.1203125
5 0.4703125 0.628125 0.0625 0.10390625
5 0.425 0.62109375 0.07265625 0.11171875
5 0.44921875 0.7203125 0.07734375 0.10625
5 0.3875 0.72109375 0.06171875 0.08671875