3 0.48828125 0.70390625 0.1078125 0.15390625
3 0.525 0.51953125 0.11796875 0.17734375
3 0.44453125 0.56796875 0.12109375 0.178125
3 0.36484375 0.621875 0.1203125 0.175
3 0.33046875 0.7265625 0.0796875 0.11640625
3 0.521875 0.3421875 0.109375 0.1640625
3 0.453125 0.2328125 0.125 0.1828125
3 0.3671875 0.1890625 0.12578125 0.1859375
3 0.3015625 0.90703125 0.1375 0.140625
5 0.646875 0.703125 0.078125 0.1203125
5 0.56875 0.7265625 0.07734375 0.109375
5 0.61328125 0.6203125 0.08984375 0.1203125
5 0.73125 0.35078125 0.08515625 0.1375
5 0.60859375 0.2421875 0.0890625 0.12578125
5 0.46953125 0.371875 0.06484375 0.10859375
5 0.421875 0.37890625 0.07578125 0.11640625
5 0.4484375 0.275 0.08046875 0.1109375
5 0.38359375 0.27421875 0.0640625 0.090625