3 0.025 0.43515625 0.05 0.1734375
3 0.06640625 0.4640625 0.1328125 0.203125
3 0.20234375 0.36171875 0.1703125 0.25
3 0.1328125 0.66484375 0.1453125 0.1984375
3 0.2234375 0.7390625 0.13984375 0.19296875
3 0.30703125 0.80625 0.14765625 0.2125
3 0.3375 0.69375 0.13359375 0.2
3 0.3671875 0.81796875 0.146875 0.2203125
3 0.41640625 0.9828125 0.121875 0.03359375
3 0.42734375 0.921875 0.1515625 0.15546875
3 0.48828125 0.7578125 0.12734375 0.20859375
4 0.08671875 0.35625 0.121875 0.16953125
4 0.284375 0.28359375 0.1171875 0.175
4 0.44453125 0.75390625 0.1140625 0.1625
5 0.21640625 0.49765625 0.0953125 0.15234375
5 0.2109375 0.809375 0.08125 0.121875
5 0.26953125 0.865625 0.08359375 0.1328125
5 0.44765625 0.62890625 0.09921875 0.16015625
5 0.5046875 0.7703125 0.0859375 0.125