3 0.01796875 0.621875 0.0359375 0.17890625
3 0.0609375 0.5875 0.12109375 0.20390625
3 0.1984375 0.6796875 0.171875 0.2515625
3 0.11328125 0.37265625 0.14765625 0.1984375
3 0.20390625 0.2875 0.1421875 0.1921875
3 0.2875 0.209375 0.15 0.21328125
3 0.32421875 0.32265625 0.134375 0.20078125
3 0.34921875 0.19140625 0.1484375 0.221875
3 0.390625 0.01484375 0.1265625 0.02890625
3 0.4046875 0.07734375 0.153125 0.1546875
3 0.4765625 0.24140625 0.12734375 0.21171875
4 0.0796875 0.69609375 0.1234375 0.16875
4 0.28671875 0.75234375 0.11796875 0.17578125
4 0.43125 0.25078125 0.115625 0.16328125
5 0.20703125 0.5375 0.0953125 0.15390625
5 0.18828125 0.215625 0.08203125 0.121875
5 0.24609375 0.15234375 0.08359375 0.134375
5 0.440625 0.37890625 0.09921875 0.16171875
5 0.49375 0.22734375 0.08671875 0.12578125