3 0.68125 0.38359375 0.15546875 0.23828125
3 0.60234375 0.496875 0.17890625 0.26796875
3 0.69921875 0.66328125 0.1671875 0.25078125
3 0.5828125 0.80390625 0.19296875 0.265625
3 0.446875 0.22265625 0.165625 0.253125
3 0.47734375 0.39296875 0.1671875 0.2359375
3 0.3265625 0.31484375 0.18125 0.2625
3 0.12109375 0.296875 0.18671875 0.2515625
3 0.2109375 0.4671875 0.16796875 0.24609375
3 0.25859375 0.55390625 0.18828125 0.27109375
5 0.4875 0.559375 0.13359375 0.20390625
4 0.540625 0.1109375 0.14296875 0.22109375