3 0.33828125 0.41875 0.12890625 0.2
3 0.41328125 0.509375 0.14921875 0.22421875
3 0.33671875 0.66796875 0.13984375 0.21015625
3 0.446875 0.77734375 0.1625 0.21953125
3 0.5359375 0.24921875 0.13828125 0.21171875
3 0.51796875 0.403125 0.140625 0.19609375
3 0.646875 0.31640625 0.1515625 0.21875
3 0.82734375 0.2765625 0.15703125 0.2078125
3 0.75703125 0.43671875 0.140625 0.2046875
3 0.71953125 0.51875 0.1578125 0.225
5 0.51796875 0.55078125 0.11171875 0.17109375
4 0.44765625 0.16171875 0.11953125 0.1859375