3 0.73671875 0.88828125 0.15390625 0.2203125
3 0.54296875 0.91328125 0.128125 0.1703125
3 0.58046875 0.8015625 0.14296875 0.1984375
3 0.51953125 0.75546875 0.1015625 0.16796875
3 0.46640625 0.6453125 0.1546875 0.22890625
3 0.67421875 0.54921875 0.15859375 0.23515625
3 0.7984375 0.49609375 0.159375 0.24765625
3 0.88515625 0.49140625 0.1265625 0.1890625
3 0.896875 0.3640625 0.14609375 0.171875
3 0.609375 0.33359375 0.15078125 0.23671875
3 0.371875 0.1578125 0.09921875 0.15078125
5 0.56640625 0.6546875 0.11328125 0.1640625
5 0.65859375 0.36640625 0.128125 0.19609375
5 0.51640625 0.2625 0.109375 0.17265625
5 0.4078125 0.18203125 0.0921875 0.1265625