3 0.8640625 0.7203125 0.14453125 0.20625
3 0.67734375 0.890625 0.12578125 0.14921875
3 0.6765625 0.74921875 0.13828125 0.175
3 0.60078125 0.74921875 0.08828125 0.16328125
3 0.51015625 0.67890625 0.14375 0.2109375
3 0.68515625 0.425 0.146875 0.215625
3 0.7921875 0.27734375 0.1453125 0.23125
3 0.87734375 0.20625 0.11796875 0.175
3 0.84609375 0.0703125 0.15 0.1359375
3 0.54765625 0.25859375 0.1375 0.22265625
3 0.25078125 0.2625 0.090625 0.1421875
5 0.61328125 0.6125 0.10625 0.14921875
5 0.60859375 0.25390625 0.11796875 0.1828125
5 0.43046875 0.2578125 0.09765625 0.16328125
5 0.29453125 0.26015625 0.0890625 0.1125