3 0.15234375 0.49296875 0.1703125 0.2515625
3 0.27109375 0.7484375 0.140625 0.19375
3 0.30703125 0.625 0.15703125 0.22265625
3 0.37421875 0.66875 0.11328125 0.1828125
3 0.47109375 0.659375 0.17109375 0.2546875
3 0.38203125 0.33671875 0.175 0.26015625
3 0.32578125 0.146875 0.178125 0.271875
3 0.26953125 0.07109375 0.140625 0.1421875
3 0.33203125 0.01796875 0.15703125 0.03515625
3 0.54453125 0.27109375 0.16875 0.26015625
3 0.80234375 0.44375 0.109375 0.16640625
5 0.39765625 0.5421875 0.125 0.1828125
5 0.4921875 0.23125 0.14296875 0.215625
5 0.646875 0.33671875 0.121875 0.1890625
5 0.76484375 0.415625 0.1015625 0.1421875