3 0.2875 0.85078125 0.09609375 0.13984375
3 0.2890625 0.72734375 0.11796875 0.16796875
3 0.22890625 0.75 0.0734375 0.11875
3 0.2203125 0.6140625 0.13046875 0.18984375
3 0.396875 0.80390625 0.128125 0.18671875
3 0.4609375 0.8671875 0.09765625 0.1328125
3 0.54453125 0.76796875 0.0953125 0.13046875
3 0.63203125 0.71875 0.1078125 0.165625
3 0.55234375 0.6578125 0.11015625 0.17421875
3 0.58125 0.55 0.11875 0.190625
3 0.73515625 0.728125 0.12109375 0.1859375
3 0.75546875 0.496875 0.1328125 0.1953125
3 0.4953125 0.3515625 0.10859375 0.1703125
3 0.30625 0.2859375 0.09453125 0.1515625
3 0.19921875 0.3625 0.10390625 0.1796875
5 0.4484375 0.71171875 0.1171875 0.17109375
5 0.4078125 0.5671875 0.09453125 0.14375
5 0.48515625 0.49453125 0.0921875 0.134375
5 0.42265625 0.43125 0.08984375 0.134375
5 0.65 0.6984375 0.11328125 0.15703125
4 0.25078125 0.35546875 0.11796875 0.1765625
4 0.14453125 0.2265625 0.1125 0.1484375
4 0.27578125 0.51953125 0.11796875 0.18203125