3 0.8015625 0.70859375 0.10234375 0.14921875
3 0.76796875 0.590625 0.125 0.1796875
3 0.83125 0.57578125 0.07890625 0.1265625
3 0.803125 0.43984375 0.13828125 0.203125
3 0.68359375 0.7296875 0.13671875 0.2
3 0.6390625 0.82890625 0.10390625 0.1421875
3 0.53203125 0.78359375 0.1015625 0.13984375
3 0.43515625 0.78828125 0.11484375 0.1765625
3 0.4953125 0.68203125 0.1171875 0.18515625
3 0.4390625 0.5953125 0.1265625 0.20234375
3 0.33828125 0.859375 0.12890625 0.19765625
3 0.25625 0.65 0.14140625 0.20859375
3 0.46875 0.353125 0.115625 0.18125
3 0.6328125 0.17578125 0.10078125 0.1609375
3 0.75625 0.18515625 0.1109375 0.190625
5 0.609375 0.671875 0.125 0.1828125
5 0.61015625 0.50859375 0.1 0.153125
5 0.515625 0.484375 0.09765625 0.14375
5 0.559375 0.3859375 0.0953125 0.14296875
5 0.4125 0.7796875 0.1203125 0.16796875
4 0.7046875 0.21015625 0.12578125 0.18828125
4 0.77265625 0.05078125 0.11953125 0.1015625
4 0.725 0.3828125 0.12578125 0.19375