3 0.7265625 0.19296875 0.0875 0.1265625
3 0.71875 0.31171875 0.1078125 0.15234375
3 0.778125 0.296875 0.06640625 0.109375
3 0.77890625 0.42890625 0.11875 0.17265625
3 0.61875 0.22578125 0.1171875 0.16953125
3 0.56015625 0.1578125 0.08984375 0.11953125
3 0.475 0.24375 0.0875 0.1171875
3 0.38828125 0.28125 0.09765625 0.1515625
3 0.46171875 0.34921875 0.09921875 0.159375
3 0.42890625 0.45 0.10703125 0.17421875
3 0.2890625 0.26015625 0.11015625 0.16953125
3 0.2578125 0.48125 0.12109375 0.17734375
3 0.5015625 0.65 0.0984375 0.15625
3 0.68046875 0.73515625 0.0859375 0.13828125
3 0.78671875 0.6734375 0.09296875 0.165625
5 0.56484375 0.30859375 0.10703125 0.15546875
5 0.59609375 0.45234375 0.08515625 0.13125
5 0.51796875 0.5140625 0.084375 0.121875
5 0.575 0.58203125 0.08203125 0.121875
5 0.36953125 0.29921875 0.10390625 0.1421875
4 0.73671875 0.67421875 0.1078125 0.1609375
4 0.8328125 0.81015625 0.103125 0.13359375
4 0.72109375 0.51328125 0.1078125 0.165625