3 0.22421875 0.18671875 0.115625 0.184375
3 0.28359375 0.13125 0.11328125 0.15625
3 0.17890625 0.0109375 0.090625 0.021875
3 0.378125 0.09296875 0.1 0.13046875
3 0.41640625 0.1921875 0.08828125 0.1234375
3 0.37578125 0.25625 0.09609375 0.1265625
3 0.459375 0.28515625 0.11953125 0.18125
3 0.5375 0.21796875 0.109375 0.1390625
3 0.55625 0.27890625 0.1125 0.1640625
3 0.428125 0.37421875 0.090625 0.1203125
3 0.3234375 0.5203125 0.11015625 0.1703125
3 0.3890625 0.58671875 0.1203125 0.19140625
3 0.4296875 0.50078125 0.11796875 0.1640625
3 0.50546875 0.4328125 0.08671875 0.14296875
3 0.5609375 0.4671875 0.08828125 0.15
3 0.4671875 0.67734375 0.10390625 0.1578125
3 0.54140625 0.58203125 0.0640625 0.09140625
3 0.61484375 0.60703125 0.084375 0.1359375
3 0.63671875 0.71171875 0.1046875 0.159375
3 0.57421875 0.68671875 0.06171875 0.0828125
3 0.5453125 0.703125 0.08671875 0.1375
3 0.58828125 0.79609375 0.0953125 0.12734375
3 0.6046875 0.96171875 0.090625 0.0765625
3 0.47109375 0.92265625 0.07421875 0.065625
4 0.2859375 0.25703125 0.0921875 0.13515625
4 0.41640625 0.76171875 0.10234375 0.1484375