3 0.22890625 0.3453125 0.06875 0.10546875
3 0.16953125 0.359375 0.06640625 0.096875
3 0.25546875 0.4046875 0.0609375 0.08203125
3 0.3609375 0.33125 0.08203125 0.11484375
3 0.42734375 0.20859375 0.078125 0.1078125
3 0.45625 0.290625 0.07890625 0.1203125
3 0.4125 0.38203125 0.075 0.12265625
3 0.46015625 0.49375 0.078125 0.12265625
3 0.5265625 0.546875 0.0875 0.13828125
3 0.48515625 0.66015625 0.10546875 0.1484375
3 0.40859375 0.6890625 0.09921875 0.14453125
3 0.58359375 0.5390625 0.059375 0.09765625
3 0.58515625 0.63203125 0.08984375 0.13203125
3 0.67890625 0.45078125 0.0796875 0.12734375
3 0.70546875 0.5171875 0.0828125 0.1203125
3 0.63984375 0.54921875 0.0765625 0.1296875
3 0.78125 0.5203125 0.06328125 0.11171875
3 0.82734375 0.54375 0.0671875 0.1078125
3 0.7046875 0.946875 0.078125 0.10390625
3 0.81640625 0.9703125 0.07734375 0.0578125
5 0.434375 0.4421875 0.05625 0.078125
5 0.4140625 0.52578125 0.05703125 0.07109375
5 0.396875 0.78828125 0.06171875 0.09296875
5 0.446875 0.80546875 0.05625 0.0796875
5 0.48984375 0.78828125 0.0609375 0.08984375
5 0.50390625 0.903125 0.065625 0.08359375
5 0.69375 0.31640625 0.046875 0.07734375
5 0.7359375 0.33125 0.05390625 0.08203125
5 0.73125 0.43125 0.0640625 0.10078125
5 0.696875 0.890625 0.05703125 0.08671875
5 0.75390625 0.77734375 0.05390625 0.0796875
5 0.63671875 0.92734375 0.04921875 0.0734375