3 0.72265625 0.28515625 0.1515625 0.23046875
3 0.759375 0.45625 0.1625 0.23984375
3 0.6375 0.4671875 0.165625 0.25
3 0.7515625 0.66640625 0.17109375 0.26328125
3 0.675 0.8234375 0.1359375 0.1703125
3 0.4796875 0.78671875 0.15625 0.22890625
3 0.3640625 0.76875 0.12421875 0.19140625
5 0.6859375 0.1515625 0.10859375 0.1578125
5 0.52734375 0.1546875 0.096875 0.13984375
5 0.5328125 0.23515625 0.08203125 0.1171875
5 0.67578125 0.33515625 0.10703125 0.16484375
5 0.565625 0.45 0.09921875 0.1546875
5 0.63515625 0.6390625 0.11796875 0.1796875
5 0.63203125 0.7625 0.1234375 0.16640625
5 0.584375 0.88671875 0.10703125 0.15546875
5 0.49375 0.9390625 0.09609375 0.121875