3 0.7390625 0.6953125 0.11484375 0.16953125
3 0.72578125 0.57421875 0.1140625 0.15703125
3 0.70625 0.5296875 0.1140625 0.1609375
3 0.58203125 0.36171875 0.10546875 0.16484375
3 0.50625 0.3390625 0.1140625 0.18828125
3 0.42421875 0.24921875 0.12421875 0.17109375
3 0.32578125 0.26640625 0.10625 0.1609375
5 0.58671875 0.47421875 0.103125 0.14921875
5 0.721875 0.80625 0.09140625 0.10234375
5 0.68046875 0.75234375 0.0765625 0.13359375
5 0.55703125 0.78828125 0.08125 0.11171875
5 0.57421875 0.8640625 0.09296875 0.08515625
5 0.4265625 0.3765625 0.10625 0.1671875
5 0.36171875 0.45859375 0.10703125 0.159375