3 0.58046875 0.31953125 0.140625 0.20546875
3 0.47265625 0.228125 0.13046875 0.17109375
3 0.4734375 0.39765625 0.16640625 0.22265625
3 0.4828125 0.55234375 0.1640625 0.21875
3 0.675 0.65 0.12421875 0.16328125
5 0.90546875 0.61640625 0.07265625 0.13984375
5 0.84296875 0.54609375 0.11484375 0.175
5 0.7890625 0.740625 0.1046875 0.1703125
5 0.7 0.8890625 0.10234375 0.14609375
5 0.52109375 0.75234375 0.096875 0.13828125
5 0.45078125 0.790625 0.10078125 0.15078125
5 0.53828125 0.3046875 0.1 0.15
5 0.18515625 0.58515625 0.0953125 0.1484375
4 0.26015625 0.23203125 0.1203125 0.18828125
5 0.2265625 0.1859375 0.078125 0.12578125