3 0.44453125 0.7015625 0.246875 0.16171875
3 0.490625 0.58203125 0.2453125 0.14765625
3 0.734375 0.71015625 0.20546875 0.1375
3 0.65390625 0.646875 0.20546875 0.12109375
3 0.74375 0.5828125 0.22421875 0.15546875
3 0.6703125 0.41171875 0.21875 0.1484375
3 0.52890625 0.46328125 0.20703125 0.1421875
5 0.5359375 0.7265625 0.1859375 0.13203125
5 0.52578125 0.8328125 0.1765625 0.10625
5 0.715625 0.79375 0.13203125 0.090625
4 0.53359375 0.3984375 0.1390625 0.096875
4 0.76328125 0.440625 0.11640625 0.084375
4 0.83359375 0.5015625 0.1203125 0.08046875