3 0.89140625 0.30390625 0.025 0.0390625
3 0.8703125 0.334375 0.025 0.03203125
3 0.7609375 0.40390625 0.04765625 0.06640625
3 0.71796875 0.4625 0.053125 0.08046875
3 0.79609375 0.25390625 0.0390625 0.0578125
3 0.7953125 0.20234375 0.0390625 0.06015625
3 0.76328125 0.2171875 0.04140625 0.05703125
3 0.68046875 0.2734375 0.0578125 0.07890625
3 0.609375 0.3828125 0.06015625 0.08046875
3 0.6046875 0.3453125 0.04609375 0.05078125
3 0.575 0.31171875 0.04609375 0.06328125
3 0.61640625 0.13125 0.03515625 0.053125
3 0.55234375 0.1734375 0.046875 0.06640625
3 0.5140625 0.171875 0.04609375 0.06484375
3 0.5421875 0.38359375 0.04609375 0.06640625
3 0.50234375 0.45390625 0.0453125 0.06953125
3 0.44140625 0.39921875 0.05703125 0.08203125
3 0.43046875 0.34140625 0.05546875 0.06953125
3 0.3859375 0.24921875 0.0671875 0.0921875
3 0.36015625 0.4171875 0.0609375 0.07734375
3 0.28671875 0.3953125 0.03828125 0.06015625
3 0.2515625 0.3140625 0.0328125 0.03828125
3 0.3421875 0.503125 0.0234375 0.03515625
3 0.1609375 0.63203125 0.06171875 0.08203125
3 0.51640625 0.52578125 0.05 0.0625
3 0.40078125 0.79296875 0.040625 0.05078125
3 0.53046875 0.8015625 0.0515625 0.07421875
3 0.6328125 0.86953125 0.0609375 0.0671875
3 0.67265625 0.8046875 0.04375 0.0640625
3 0.6453125 0.75390625 0.0328125 0.04921875
3 0.6390625 0.71640625 0.03828125 0.05
3 0.57109375 0.70625 0.0609375 0.08359375
3 0.54375 0.74765625 0.053125 0.075
3 0.55703125 0.61875 0.05234375 0.08125
3 0.5265625 0.603125 0.04296875 0.075
3 0.71875 0.84140625 0.0484375 0.07265625
3 0.75859375 0.73203125 0.034375 0.05234375
3 0.7046875 0.61953125 0.03359375 0.04921875
3 0.84453125 0.60625 0.0328125 0.03515625
3 0.92265625 0.69296875 0.03515625 0.06640625
3 0.90859375 0.64375 0.04609375 0.06171875
5 0.9 0.71328125 0.0328125 0.05234375
5 0.83984375 0.68828125 0.0296875 0.04296875
5 0.8453125 0.72109375 0.02890625 0.0328125
5 0.784375 0.47734375 0.0390625 0.0578125
5 0.7546875 0.5453125 0.03828125 0.0546875
5 0.728125 0.521875 0.02890625 0.03828125
5 0.7203125 0.571875 0.03984375 0.05703125
5 0.7296875 0.62109375 0.0328125 0.046875
5 0.75078125 0.5984375 0.0296875 0.0484375
5 0.69609375 0.64921875 0.034375 0.05625
5 0.6953125 0.68828125 0.03046875 0.03203125
5 0.7140625 0.80390625 0.03671875 0.0578125
5 0.71015625 0.7421875 0.03515625 0.053125
5 0.646875 0.61640625 0.034375 0.0578125
5 0.59140625 0.58828125 0.04296875 0.05859375
5 0.57265625 0.5640625 0.03203125 0.053125
5 0.55 0.55078125 0.040625 0.053125
5 0.603125 0.5421875 0.03203125 0.0515625
5 0.58046875 0.51640625 0.03125 0.04375
5 0.578125 0.48046875 0.040625 0.05546875
5 0.6625 0.45 0.0390625 0.06171875
5 0.69140625 0.41875 0.03984375 0.0578125
5 0.5671875 0.40546875 0.03828125 0.0578125
5 0.48125 0.378125 0.04609375 0.065625
5 0.5484375 0.1546875 0.0359375 0.0578125
5 0.359375 0.35546875 0.0484375 0.07265625
5 0.33515625 0.3953125 0.0328125 0.05859375
5 0.4703125 0.85390625 0.04296875 0.059375
5 0.4484375 0.778125 0.0296875 0.0546875
5 0.4921875 0.69375 0.0375 0.06015625
5 0.46875 0.63046875 0.03984375 0.0609375
5 0.46015625 0.57734375 0.03828125 0.05546875
5 0.48046875 0.53984375 0.03671875 0.06484375
5 0.38984375 0.61953125 0.0359375 0.0609375
5 0.521875 0.871875 0.03359375 0.04765625
5 0.56953125 0.77890625 0.0359375 0.0546875
5 0.31796875 0.85390625 0.03046875 0.04921875
5 0.2921875 0.8328125 0.0375 0.06015625
5 0.3125 0.80234375 0.03515625 0.05390625
5 0.28671875 0.90390625 0.02890625 0.046875
5 0.1609375 0.8328125 0.0359375 0.0546875
5 0.2953125 0.553125 0.034375 0.04921875
5 0.30390625 0.60625 0.03359375 0.05078125
5 0.18515625 0.43671875 0.034375 0.05078125
4 0.6796875 0.3515625 0.04140625 0.05234375