3 0.89921875 0.6625 0.03046875 0.04609375
3 0.8703125 0.66953125 0.02890625 0.03984375
3 0.7546875 0.63515625 0.05546875 0.08046875
3 0.69765625 0.64765625 0.0625 0.09453125
3 0.8390625 0.5421875 0.04609375 0.06875
3 0.8578125 0.49765625 0.046875 0.07109375
3 0.82578125 0.48359375 0.04765625 0.06875
3 0.73671875 0.4609375 0.0671875 0.09609375
3 0.6375 0.49140625 0.06953125 0.09921875
3 0.64765625 0.4578125 0.05078125 0.06640625
3 0.6359375 0.40390625 0.053125 0.07734375
3 0.73671875 0.290625 0.04140625 0.0625
3 0.66796875 0.271875 0.05546875 0.08046875
3 0.6375 0.23828125 0.053125 0.078125
3 0.58203125 0.43671875 0.053125 0.07890625
3 0.5234375 0.4609375 0.0546875 0.08203125
3 0.49296875 0.365625 0.0671875 0.0984375
3 0.50546875 0.30859375 0.0625 0.08671875
3 0.50390625 0.1953125 0.07734375 0.11171875
3 0.41953125 0.31171875 0.06875 0.09609375
3 0.36796875 0.23203125 0.0453125 0.06953125
3 0.36875 0.1359375 0.03671875 0.04921875
3 0.3734375 0.36796875 0.02734375 0.04140625
3 0.17578125 0.32265625 0.0703125 0.10078125
3 0.5078125 0.53203125 0.05703125 0.078125
3 0.31328125 0.65546875 0.04609375 0.06328125
3 0.4171875 0.7703125 0.06015625 0.0890625
3 0.47578125 0.9125 0.06640625 0.0875
3 0.5328125 0.89140625 0.0515625 0.07734375
3 0.5296875 0.82734375 0.0390625 0.0578125
3 0.53828125 0.79140625 0.04375 0.06171875
3 0.4859375 0.7265625 0.0703125 0.1015625
3 0.4484375 0.7375 0.06171875 0.08984375
3 0.50703125 0.6421875 0.0625 0.0953125
3 0.4875 0.60390625 0.053125 0.08515625
3 0.55703125 0.95859375 0.05703125 0.08203125
3 0.63125 0.90390625 0.040625 0.0609375
3 0.62890625 0.76640625 0.03984375 0.05859375
3 0.7484375 0.871875 0.0359375 0.046875
3 0.78046875 0.9859375 0.04453125 0.02734375
3 0.7875 0.95703125 0.053125 0.07578125
5 0.75390625 0.9875 0.0390625 0.0234375
5 0.7140625 0.9359375 0.034375 0.0515625
5 0.70625 0.96796875 0.03125 0.0421875
5 0.74609375 0.715625 0.04609375 0.06875
5 0.696875 0.746875 0.04453125 0.065625
5 0.68359375 0.70546875 0.03359375 0.04765625
5 0.65859375 0.740625 0.046875 0.06875
5 0.6484375 0.7875 0.03828125 0.05546875
5 0.6734375 0.7875 0.0359375 0.05625
5 0.61015625 0.78359375 0.0421875 0.06640625
5 0.59453125 0.81484375 0.0328125 0.04296875
5 0.5671875 0.925 0.04453125 0.06875
5 0.58671875 0.871875 0.04140625 0.06328125
5 0.58203125 0.715625 0.0421875 0.06640625
5 0.54609375 0.64609375 0.05 0.071875
5 0.53984375 0.61015625 0.0390625 0.0609375
5 0.5265625 0.58046875 0.04609375 0.06484375
5 0.5734375 0.61796875 0.0390625 0.06015625
5 0.5640625 0.578125 0.0359375 0.05234375
5 0.575 0.54609375 0.04765625 0.06796875
5 0.65625 0.59140625 0.046875 0.071875
5 0.69140625 0.58984375 0.046875 0.06953125
5 0.59453125 0.47421875 0.0453125 0.06875
5 0.53359375 0.38125 0.053125 0.078125
5 0.67265625 0.25390625 0.04296875 0.0671875
5 0.4421875 0.26015625 0.0578125 0.08671875
5 0.40703125 0.27265625 0.04140625 0.06640625
5 0.3484375 0.76328125 0.04921875 0.071875
5 0.35859375 0.6828125 0.0375 0.0609375
5 0.42578125 0.65 0.04453125 0.06953125
5 0.4296875 0.578125 0.04765625 0.071875
5 0.4421875 0.5265625 0.04453125 0.06640625
5 0.4734375 0.51328125 0.0453125 0.0734375
5 0.36875 0.503125 0.04375 0.06953125
5 0.384375 0.821875 0.03984375 0.0578125
5 0.4578125 0.784375 0.0421875 0.0640625
5 0.22265625 0.63671875 0.03671875 0.05703125
5 0.209375 0.59765625 0.04453125 0.06953125
5 0.2375 0.5890625 0.0421875 0.06328125
5 0.17890625 0.65078125 0.034375 0.05546875
5 0.1015625 0.4875 0.0421875 0.06484375
5 0.315625 0.36953125 0.03984375 0.059375
5 0.303125 0.4203125 0.040625 0.0609375
5 0.26796875 0.18203125 0.040625 0.0609375
4 0.7078125 0.52421875 0.046875 0.0640625