3 0.8 0.8203125 0.16953125 0.25546875
3 0.69453125 0.746875 0.15703125 0.24140625
3 0.60625 0.940625 0.16875 0.11875
3 0.5609375 0.72421875 0.18125 0.27578125
3 0.409375 0.67578125 0.1890625 0.27890625
3 0.40703125 0.40078125 0.175 0.26484375
3 0.59453125 0.465625 0.17734375 0.26015625
5 0.7859375 0.34453125 0.14140625 0.20625
5 0.5984375 0.17578125 0.121875 0.171875
5 0.45 0.10390625 0.13515625 0.18671875
5 0.671875 0.70625 0.125 0.18515625
5 0.7375 0.59140625 0.10625 0.15703125
5 0.7203125 0.9734375 0.09609375 0.05234375