3 0.82890625 0.66171875 0.13984375 0.21171875
3 0.7203125 0.640625 0.12890625 0.2015625
3 0.6796875 0.8625 0.15234375 0.09921875
3 0.59609375 0.6765625 0.14921875 0.22890625
3 0.45078125 0.696875 0.15703125 0.23046875
3 0.39765625 0.4515625 0.14453125 0.21953125
3 0.57734375 0.43125 0.146875 0.21484375
5 0.7265625 0.24140625 0.1171875 0.1703125
5 0.52734375 0.16953125 0.1015625 0.140625
5 0.38046875 0.1671875 0.1140625 0.1515625
5 0.6921875 0.6140625 0.10390625 0.153125
5 0.7296875 0.48359375 0.08828125 0.1296875
5 0.790625 0.85703125 0.084375 0.08125