3 0.1328125 0.5 0.18515625 0.27890625
3 0.2484375 0.53359375 0.171875 0.2625
3 0.240625 0.78125 0.171875 0.175
3 0.3671875 0.6328125 0.19765625 0.30078125
3 0.5109375 0.72734375 0.20546875 0.30546875
3 0.62109375 0.503125 0.19140625 0.2890625
3 0.44140625 0.390625 0.19296875 0.28515625
5 0.33203125 0.121875 0.153125 0.2265625
5 0.5515625 0.14921875 0.13203125 0.18984375
5 0.70234375 0.22109375 0.1453125 0.20625
5 0.2828125 0.5203125 0.1359375 0.20234375
5 0.27421875 0.36796875 0.115625 0.171875
5 0.12734375 0.71953125 0.10078125 0.121875