3 0.82734375 0.4140625 0.14921875 0.22578125
3 0.721875 0.4140625 0.13828125 0.21328125
3 0.7015625 0.19375 0.1515625 0.121875
3 0.60625 0.35625 0.159375 0.24375
3 0.46953125 0.30859375 0.16640625 0.24609375
3 0.3984375 0.53359375 0.1546875 0.23359375
3 0.56796875 0.58671875 0.15625 0.22890625
5 0.69453125 0.79609375 0.125 0.18203125
5 0.4984375 0.8265625 0.1078125 0.1515625
5 0.3578125 0.80078125 0.11953125 0.1640625
5 0.69296875 0.43359375 0.11015625 0.16328125
5 0.7171875 0.565625 0.09375 0.13828125
5 0.80703125 0.2203125 0.0859375 0.0921875