3 0.34140625 0.42890625 0.15546875 0.22578125
3 0.36875 0.28046875 0.18203125 0.228125
3 0.48515625 0.38125 0.14609375 0.22421875
3 0.58359375 0.646875 0.16015625 0.2421875
3 0.64453125 0.4859375 0.1609375 0.23203125
3 0.84375 0.71796875 0.15078125 0.15078125
3 0.72734375 0.77734375 0.11328125 0.1203125
5 0.453125 0.64296875 0.10546875 0.1546875
5 0.38046875 0.6296875 0.1203125 0.165625
5 0.34375 0.57265625 0.10546875 0.146875
5 0.55078125 0.80859375 0.134375 0.18984375
5 0.5375 0.878125 0.1125 0.09921875
5 0.79765625 0.72109375 0.1125 0.1453125