3 0.6703125 0.56328125 0.1640625 0.23984375
3 0.64921875 0.71875 0.190625 0.2453125
3 0.525 0.6265625 0.1546875 0.2375
3 0.4125 0.3640625 0.16953125 0.25703125
3 0.35703125 0.5359375 0.1703125 0.246875
3 0.14296875 0.31796875 0.15546875 0.165625
3 0.259375 0.2453125 0.11796875 0.13125
5 0.546875 0.35546875 0.11171875 0.1640625
5 0.62109375 0.3625 0.1265625 0.1765625
5 0.6609375 0.4171875 0.11171875 0.15625
5 0.4390625 0.19609375 0.1421875 0.20234375
5 0.44921875 0.12265625 0.115625 0.11015625
5 0.190625 0.31015625 0.11796875 0.15546875