3 0.671875 0.08828125 0.09375 0.13984375
3 0.559375 0.371875 0.11171875 0.165625
3 0.71875 0.4578125 0.10390625 0.15703125
3 0.6578125 0.5296875 0.115625 0.17734375
3 0.69453125 0.65546875 0.1171875 0.1734375
3 0.4390625 0.47265625 0.13984375 0.1984375
3 0.30234375 0.44296875 0.12421875 0.19140625
3 0.17890625 0.3453125 0.12421875 0.190625
3 0.359375 0.58125 0.1 0.15546875
3 0.47109375 0.56015625 0.10078125 0.1296875
4 0.62578125 0.29296875 0.0921875 0.15390625
4 0.565625 0.2203125 0.06796875 0.10859375
5 0.684375 0.18671875 0.0875 0.134375
5 0.58125 0.5671875 0.0875 0.12265625