3 0.3984375 0.4953125 0.18984375 0.26875
3 0.4296875 0.3453125 0.16953125 0.25390625
3 0.559375 0.36875 0.20625 0.28984375
3 0.54296875 0.253125 0.19453125 0.2390625
3 0.61796875 0.58125 0.21328125 0.31171875
3 0.73046875 0.64140625 0.16328125 0.26328125
3 0.34296875 0.796875 0.215625 0.2390625
5 0.225 0.60859375 0.13203125 0.178125
5 0.35234375 0.3234375 0.15234375 0.21796875
5 0.35390625 0.634375 0.13828125 0.19765625
5 0.51875 0.6109375 0.13359375 0.2125
5 0.64765625 0.828125 0.14140625 0.2234375
5 0.7078125 0.796875 0.15234375 0.246875
5 0.671875 0.37109375 0.14765625 0.2375