3 0.58203125 0.603125 0.18828125 0.265625
3 0.62734375 0.46171875 0.16796875 0.25234375
3 0.52109375 0.346875 0.2046875 0.28671875
3 0.5859375 0.27890625 0.19296875 0.23515625
3 0.38203125 0.4421875 0.21171875 0.309375
3 0.27265625 0.3734375 0.1609375 0.26171875
3 0.48671875 0.88125 0.215625 0.234375
5 0.65859375 0.8625 0.13125 0.17578125
5 0.69375 0.52421875 0.15078125 0.21640625
5 0.5515625 0.75 0.13671875 0.19609375
5 0.44140625 0.565625 0.1328125 0.2109375
5 0.2484375 0.59375 0.13984375 0.221875
5 0.21875 0.509375 0.15078125 0.2453125
5 0.4375 0.23359375 0.14609375 0.2359375