3 0.428125 0.625 0.20625 0.29765625
3 0.36796875 0.48671875 0.1859375 0.27890625
3 0.4671875 0.34375 0.225 0.321875
3 0.39375 0.28671875 0.20703125 0.271875
3 0.621875 0.4140625 0.23359375 0.34375
3 0.7296875 0.31796875 0.18125 0.2859375
3 0.55546875 0.87734375 0.22734375 0.24453125
5 0.37421875 0.90625 0.1421875 0.1875
5 0.3046875 0.56640625 0.165625 0.24140625
5 0.475 0.77109375 0.15078125 0.21953125
5 0.571875 0.55546875 0.1484375 0.23125
5 0.77578125 0.5421875 0.15703125 0.24375
5 0.7984375 0.4484375 0.16953125 0.26796875
5 0.54375 0.2078125 0.1640625 0.2578125