3 0.4 0.696875 0.096875 0.14609375
3 0.3359375 0.55234375 0.10390625 0.16953125
3 0.3046875 0.453125 0.12109375 0.178125
3 0.30390625 0.31328125 0.11875 0.16484375
3 0.4109375 0.54921875 0.09921875 0.1578125
3 0.434375 0.4421875 0.11875 0.1859375
3 0.4984375 0.5765625 0.11328125 0.18359375
3 0.51953125 0.7203125 0.1203125 0.17734375
3 0.678125 0.58671875 0.12421875 0.18984375
3 0.8125 0.30234375 0.11640625 0.17265625
4 0.39921875 0.80234375 0.08828125 0.13359375
4 0.5515625 0.8734375 0.07421875 0.1125
4 0.54453125 0.83046875 0.090625 0.10625
4 0.5640625 0.540625 0.08828125 0.13828125