3 0.66171875 0.47734375 0.096875 0.14609375
3 0.63828125 0.6421875 0.1046875 0.16796875
3 0.6140625 0.7421875 0.12109375 0.17890625
3 0.55 0.83828125 0.11796875 0.16640625
3 0.58515625 0.56640625 0.09921875 0.15703125
3 0.5203125 0.615625 0.11953125 0.18515625
3 0.5390625 0.4578125 0.1140625 0.1828125
3 0.58984375 0.3375 0.11953125 0.178125
3 0.42109375 0.26484375 0.12421875 0.18984375
3 0.19765625 0.31875 0.11640625 0.17265625
4 0.71015625 0.40625 0.08828125 0.13359375
4 0.6390625 0.2 0.07421875 0.11171875
4 0.62421875 0.2359375 0.08828125 0.10859375
4 0.4765625 0.4140625 0.08828125 0.1375