3 0.190625 0.3828125 0.128125 0.178125
3 0.35703125 0.30625 0.11875 0.153125
3 0.37421875 0.46484375 0.121875 0.1765625
3 0.4875 0.56328125 0.09296875 0.1390625
3 0.5625 0.471875 0.103125 0.146875
3 0.66484375 0.4609375 0.1328125 0.19609375
3 0.52734375 0.6921875 0.11328125 0.17421875
3 0.68984375 0.80234375 0.1328125 0.18125
4 0.47421875 0.65625 0.1125 0.16796875
5 0.8 0.71796875 0.1 0.16640625
5 0.72421875 0.928125 0.103125 0.14296875
5 0.61171875 0.725 0.11015625 0.17265625
5 0.5921875 0.51484375 0.084375 0.128125
4 0.31875 0.415625 0.0921875 0.13125