3 0.20703125 0.72578125 0.1265625 0.1734375
3 0.30078125 0.4984375 0.11953125 0.146875
3 0.3859375 0.603125 0.11953125 0.17265625
3 0.51796875 0.5640625 0.09140625 0.1359375
3 0.53515625 0.41796875 0.10234375 0.14296875
3 0.609375 0.30625 0.13046875 0.1921875
3 0.60703125 0.62421875 0.1109375 0.171875
3 0.78203125 0.54453125 0.13203125 0.175
4 0.54921875 0.64921875 0.11015625 0.16484375
5 0.82890625 0.36796875 0.096875 0.165625
5 0.86796875 0.61171875 0.1015625 0.153125
5 0.68671875 0.5640625 0.10703125 0.1703125
5 0.57734375 0.42109375 0.08203125 0.1265625
4 0.32109375 0.621875 0.090625 0.128125