3 0.83046875 0.38203125 0.11484375 0.14765625
3 0.70234375 0.5765625 0.1109375 0.12109375
3 0.6328125 0.44296875 0.10625 0.15
3 0.49609375 0.4375 0.08046875 0.11953125
3 0.45703125 0.57734375 0.09140625 0.1234375
3 0.36640625 0.66328125 0.115625 0.16796875
3 0.41640625 0.34765625 0.096875 0.15234375
3 0.2296875 0.3671875 0.1203125 0.14765625
4 0.47734375 0.3421875 0.09765625 0.14453125
5 0.15625 0.52734375 0.08125 0.15234375
5 0.15390625 0.27109375 0.0890625 0.134375
5 0.328125 0.38046875 0.0921875 0.153125
5 0.41484375 0.559375 0.071875 0.11171875
4 0.70078125 0.446875 0.08125 0.11015625