3 0.640625 0.2421875 0.125 0.1703125
3 0.64375 0.39765625 0.13203125 0.17109375
3 0.50234375 0.59765625 0.12734375 0.17890625
3 0.45390625 0.68125 0.13671875 0.20703125
3 0.57734375 0.74453125 0.11484375 0.215625
3 0.41328125 0.4390625 0.1078125 0.1796875
3 0.571875 0.5234375 0.1 0.1796875
3 0.5421875 0.203125 0.09921875 0.1515625
5 0.64765625 0.503125 0.09765625 0.13125
5 0.478125 0.2828125 0.09921875 0.146875
5 0.53984375 0.36484375 0.0796875 0.11171875
5 0.46171875 0.38359375 0.07734375 0.1171875
5 0.60078125 0.12578125 0.08671875 0.11953125
5 0.52109375 0.7953125 0.0921875 0.13828125
4 0.46796875 0.51796875 0.08125 0.10703125