3 0.44765625 0.8359375 0.16171875 0.23359375
3 0.4 0.69375 0.16796875 0.2390625
3 0.475 0.415625 0.16484375 0.2421875
3 0.496875 0.30625 0.18203125 0.27421875
3 0.36328125 0.3265625 0.16484375 0.2671875
3 0.60390625 0.50625 0.1484375 0.23125
3 0.43203125 0.5296875 0.14140625 0.22578125
3 0.55078125 0.809375 0.1328125 0.2
5 0.36640625 0.59765625 0.125 0.18046875
5 0.5875 0.69375 0.13125 0.19609375
5 0.50703125 0.65703125 0.10390625 0.15234375
5 0.57421875 0.5890625 0.103125 0.15546875
5 0.51875 0.91875 0.11171875 0.1625
5 0.40078125 0.24296875 0.12265625 0.18359375
4 0.5296875 0.46796875 0.10390625 0.1484375