3 0.29140625 0.36875 0.14140625 0.18359375
3 0.47109375 0.43671875 0.15859375 0.2046875
3 0.62734375 0.19453125 0.15390625 0.203125
3 0.56953125 0.7953125 0.14296875 0.215625
3 0.615625 0.8453125 0.125 0.2078125
3 0.07890625 0.2828125 0.084375 0.13125
5 0.28515625 0.53359375 0.10234375 0.16015625
5 0.384375 0.496875 0.07109375 0.13203125
5 0.44296875 0.18515625 0.0875 0.1375
5 0.51953125 0.140625 0.09296875 0.14453125
5 0.41484375 0.7546875 0.0890625 0.1390625
5 0.365625 0.8578125 0.09453125 0.16171875
5 0.4609375 0.84609375 0.09296875 0.134375
5 0.5125 0.91640625 0.09765625 0.103125