3 0.31015625 0.34296875 0.1453125 0.19296875
3 0.4765625 0.43515625 0.16328125 0.215625
3 0.6421875 0.22734375 0.15859375 0.21328125
3 0.546875 0.7921875 0.14921875 0.22421875
3 0.5875 0.84609375 0.13203125 0.2140625
3 0.1125 0.22890625 0.0875 0.1359375
5 0.29296875 0.49921875 0.10625 0.16640625
5 0.38984375 0.4796875 0.075 0.13515625
5 0.46640625 0.190625 0.09140625 0.1421875
5 0.5421875 0.159375 0.096875 0.15
5 0.40234375 0.7296875 0.09296875 0.14453125
5 0.34765625 0.821875 0.09921875 0.16640625
5 0.43984375 0.82421875 0.09609375 0.140625
5 0.484375 0.89921875 0.09921875 0.11015625