3 0.7 0.63046875 0.1515625 0.21875
3 0.65546875 0.49609375 0.1578125 0.2234375
3 0.4734375 0.4234375 0.1546875 0.2265625
3 0.40625 0.38515625 0.1703125 0.25703125
3 0.4921875 0.246875 0.15390625 0.25078125
3 0.44609375 0.61953125 0.13828125 0.21640625
3 0.55546875 0.4390625 0.13203125 0.21171875
3 0.628125 0.73203125 0.12421875 0.1875
5 0.6265625 0.403125 0.1171875 0.16875
5 0.54921875 0.7078125 0.12265625 0.18359375
5 0.5765625 0.59609375 0.09765625 0.1421875
5 0.5046875 0.63359375 0.09609375 0.1453125
5 0.7015625 0.7578125 0.1046875 0.153125
5 0.42890625 0.24140625 0.11484375 0.171875
4 0.46875 0.5140625 0.096875 0.1390625