3 0.67421875 0.91171875 0.0421875 0.0390625
3 0.6625 0.8890625 0.03125 0.0328125
3 0.63984375 0.8984375 0.0328125 0.03125
3 0.72890625 0.8953125 0.034375 0.0328125
3 0.75 0.8609375 0.02734375 0.02734375
3 0.7140625 0.85 0.04765625 0.04453125
3 0.653125 0.84765625 0.03671875 0.03359375
3 0.653125 0.809375 0.0421875 0.03515625
3 0.8140625 0.80859375 0.03984375 0.03671875
3 0.84921875 0.7375 0.04375 0.0375
3 0.72578125 0.73046875 0.03125 0.03125
3 0.68515625 0.73125 0.03671875 0.0375
3 0.6703125 0.7390625 0.03125 0.0296875
3 0.709375 0.59296875 0.05390625 0.05859375
3 0.70390625 0.66640625 0.040625 0.03671875
3 0.72578125 0.6828125 0.03984375 0.0375
3 0.75390625 0.6984375 0.03828125 0.03515625
3 0.76875 0.5328125 0.03828125 0.0375
3 0.74140625 0.5546875 0.03828125 0.03671875
3 0.7375 0.40078125 0.05546875 0.0546875
3 0.7125 0.38125 0.04609375 0.0484375
3 0.653125 0.46796875 0.059375 0.05625
3 0.63203125 0.49609375 0.0484375 0.04453125
3 0.5734375 0.46640625 0.059375 0.0546875
3 0.6796875 0.43125 0.04765625 0.046875
3 0.92890625 0.3484375 0.04765625 0.0453125
3 0.95859375 0.3984375 0.03828125 0.03125
3 0.89296875 0.31328125 0.040625 0.0375
3 0.9625 0.2953125 0.04375 0.0390625
3 0.58203125 0.2234375 0.059375 0.05078125
3 0.56171875 0.11640625 0.04609375 0.040625
3 0.53828125 0.340625 0.0515625 0.0453125
3 0.5171875 0.37578125 0.04375 0.0375
3 0.48359375 0.38125 0.04453125 0.0390625
3 0.47109375 0.4375 0.04375 0.0390625
3 0.50234375 0.4203125 0.04453125 0.04453125
3 0.5859375 0.37265625 0.04453125 0.03671875
3 0.60078125 0.3375 0.05 0.0484375
3 0.46796875 0.33359375 0.03984375 0.0390625
3 0.49375 0.3546875 0.040625 0.040625
3 0.49921875 0.32109375 0.04765625 0.0484375
3 0.47578125 0.28828125 0.04453125 0.040625
3 0.4078125 0.334375 0.0484375 0.046875
3 0.3890625 0.3140625 0.04609375 0.04453125
3 0.44765625 0.19921875 0.040625 0.0390625
3 0.30078125 0.146875 0.05234375 0.05078125
3 0.278125 0.11015625 0.03984375 0.040625
3 0.2640625 0.08125 0.040625 0.040625
3 0.47421875 0.55 0.06328125 0.05859375
3 0.4828125 0.63125 0.06171875 0.05859375
3 0.41328125 0.52734375 0.06953125 0.06484375
3 0.4046875 0.4984375 0.0609375 0.05234375
3 0.375 0.465625 0.05390625 0.053125
3 0.3375 0.47890625 0.05546875 0.04921875
3 0.2390625 0.4703125 0.06484375 0.05859375
3 0.1703125 0.5609375 0.0578125 0.053125
3 0.1765625 0.59296875 0.06328125 0.05078125
3 0.1078125 0.5453125 0.0578125 0.05078125
3 0.24453125 0.7359375 0.075 0.06875
5 0.74609375 0.61015625 0.05 0.05078125
5 0.809375 0.64140625 0.0328125 0.0296875
5 0.79296875 0.6078125 0.03984375 0.0375
5 0.690625 0.490625 0.05234375 0.0484375
5 0.5375 0.51328125 0.03671875 0.03671875
5 0.68828125 0.3578125 0.0328125 0.03671875
5 0.35390625 0.3921875 0.0359375 0.0375
5 0.32265625 0.390625 0.034375 0.03671875
5 0.3 0.4140625 0.0328125 0.03671875
5 0.2703125 0.4453125 0.04453125 0.04140625
5 0.4296875 0.5875 0.0421875 0.04296875
5 0.3546875 0.5609375 0.05234375 0.05078125
5 0.57421875 0.73984375 0.0421875 0.03671875
4 0.7296875 0.51015625 0.04765625 0.046875
4 0.7265625 0.48203125 0.04609375 0.04453125
4 0.6734375 0.57734375 0.05 0.0484375
4 0.5328125 0.4078125 0.04609375 0.0453125
5 0.45625 0.30546875 0.0328125 0.0328125
5 0.4328125 0.31484375 0.0328125 0.03359375