3 0.07109375 0.34296875 0.0296875 0.05546875
3 0.16328125 0.38046875 0.040625 0.05859375
3 0.24765625 0.33515625 0.0421875 0.0578125
3 0.08359375 0.6234375 0.04140625 0.053125
3 0.2015625 0.659375 0.0328125 0.03984375
3 0.22734375 0.78203125 0.03125 0.0421875
3 0.23359375 0.859375 0.0375 0.04609375
3 0.71953125 0.8359375 0.04453125 0.059375
3 0.7265625 0.96640625 0.0421875 0.06015625
3 0.81640625 0.8671875 0.04765625 0.0703125
3 0.83125 0.71484375 0.0515625 0.06875
3 0.69765625 0.3875 0.04296875 0.05703125
3 0.7015625 0.33515625 0.04921875 0.059375
3 0.70234375 0.2921875 0.03984375 0.0578125
3 0.603125 0.34140625 0.0296875 0.04921875
3 0.64375 0.34296875 0.0328125 0.05390625
3 0.48828125 0.37578125 0.03671875 0.04765625
3 0.48671875 0.34140625 0.03671875 0.03984375
3 0.4484375 0.35 0.02890625 0.04296875
3 0.446875 0.29765625 0.0265625 0.0328125
3 0.4078125 0.61640625 0.0328125 0.04609375
3 0.4515625 0.55390625 0.03515625 0.05
3 0.46328125 0.59609375 0.0265625 0.040625
3 0.47578125 0.63515625 0.03671875 0.05234375
3 0.51015625 0.634375 0.03046875 0.046875
3 0.47578125 0.5125 0.0421875 0.05703125
3 0.5109375 0.53984375 0.04140625 0.0484375
4 0.77578125 0.809375 0.03359375 0.04140625
5 0.1140625 0.4203125 0.0296875 0.04296875
5 0.14609375 0.4140625 0.0296875 0.03828125
5 0.15546875 0.4390625 0.01953125 0.034375
5 0.15390625 0.36171875 0.03125 0.04453125
5 0.1875 0.40546875 0.02421875 0.0328125
5 0.196875 0.37421875 0.03125 0.04375
5 0.19375 0.3328125 0.02578125 0.04453125
5 0.51796875 0.403125 0.0203125 0.0421875
5 0.50390625 0.39375 0.025 0.03671875
5 0.50625 0.32734375 0.0296875 0.04140625
4 0.46484375 0.37734375 0.02421875 0.04921875
5 0.58515625 0.3921875 0.0234375 0.03515625
5 0.625 0.3453125 0.0234375 0.04296875
5 0.6578125 0.334375 0.02265625 0.03515625
5 0.653125 0.396875 0.0171875 0.03671875
5 0.66953125 0.41796875 0.021875 0.0328125
5 0.67109375 0.38515625 0.025 0.03515625
5 0.7671875 0.8578125 0.028125 0.0359375
5 0.77890625 0.83984375 0.0296875 0.04453125
5 0.7984375 0.8171875 0.0234375 0.0328125
5 0.8171875 0.7859375 0.02265625 0.034375
5 0.81328125 0.74140625 0.03203125 0.040625
5 0.8453125 0.76484375 0.0328125 0.04453125
5 0.85390625 0.80546875 0.0265625 0.03671875
5 0.8375 0.82578125 0.028125 0.03984375
5 0.85546875 0.85546875 0.0265625 0.04609375
5 0.89609375 0.83203125 0.03046875 0.04609375