3 0.08515625 0.80625 0.03671875 0.0640625
3 0.17421875 0.7375 0.0484375 0.0703125
3 0.265625 0.75703125 0.05 0.0703125
3 0.05703125 0.51640625 0.0484375 0.065625
3 0.17265625 0.440625 0.0375 0.04921875
3 0.18125 0.3078125 0.03671875 0.0515625
3 0.1765625 0.2265625 0.04375 0.0578125
3 0.67578125 0.09375 0.05234375 0.071875
3 0.7703125 0.03671875 0.05625 0.07265625
3 0.8078125 0.18125 0.06015625 0.084375
3 0.71796875 0.55859375 0.05 0.06953125
3 0.7296875 0.6109375 0.05625 0.0734375
3 0.73671875 0.6546875 0.04765625 0.06953125
3 0.62890625 0.6359375 0.0359375 0.0578125
3 0.66953125 0.621875 0.03984375 0.06328125
3 0.50703125 0.63828125 0.04296875 0.05859375
3 0.509375 0.6734375 0.04140625 0.05078125
3 0.46953125 0.67734375 0.034375 0.05078125
3 0.475 0.73125 0.03046875 0.040625
3 0.38984375 0.41875 0.03828125 0.05546875
3 0.44296875 0.46796875 0.04140625 0.06015625
3 0.44921875 0.421875 0.03203125 0.04921875
3 0.45625 0.37734375 0.04375 0.0625
3 0.49140625 0.3671875 0.03671875 0.05625
3 0.4734375 0.503125 0.04921875 0.06953125
3 0.50625 0.46328125 0.04765625 0.0609375
4 0.73828125 0.103125 0.0390625 0.0515625
5 0.1171875 0.71328125 0.03515625 0.0515625
5 0.15078125 0.709375 0.03515625 0.046875
5 0.1578125 0.68125 0.02421875 0.03984375
5 0.1671875 0.76015625 0.03671875 0.053125
5 0.19453125 0.70546875 0.028125 0.03984375
5 0.209375 0.734375 0.0375 0.053125
5 0.21171875 0.77734375 0.03203125 0.05234375
5 0.53203125 0.60078125 0.0265625 0.04765625
5 0.51953125 0.61484375 0.0296875 0.04375
5 0.53125 0.68125 0.03515625 0.05078125
4 0.4828125 0.64453125 0.03125 0.05546875
5 0.60234375 0.58984375 0.028125 0.0421875
5 0.65 0.625 0.0296875 0.04921875
5 0.6859375 0.62578125 0.0265625 0.04140625
5 0.671875 0.56328125 0.02265625 0.04140625
5 0.6859375 0.53671875 0.02578125 0.0390625
5 0.69140625 0.56953125 0.0296875 0.0421875
5 0.721875 0.05546875 0.0328125 0.04453125
5 0.73671875 0.0703125 0.03515625 0.053125
5 0.759375 0.0875 0.02734375 0.03984375
5 0.7828125 0.11328125 0.02734375 0.04140625
5 0.7859375 0.16015625 0.0375 0.05
5 0.81484375 0.12578125 0.03828125 0.05390625
5 0.81796875 0.08125 0.03125 0.04453125
5 0.7984375 0.06640625 0.03359375 0.0484375
5 0.81171875 0.0296875 0.0328125 0.053125
5 0.85703125 0.040625 0.0359375 0.0546875