3 0.1984375 0.9703125 0.0546875 0.059375
3 0.24140625 0.9765625 0.04375 0.04609375
3 0.3671875 0.884375 0.05078125 0.07265625
3 0.44375 0.6078125 0.05 0.07421875
3 0.4609375 0.4625 0.04453125 0.06640625
3 0.46171875 0.49609375 0.0515625 0.06796875
3 0.484375 0.52421875 0.053125 0.078125
3 0.51328125 0.6078125 0.05078125 0.0703125
3 0.5953125 0.5359375 0.05703125 0.07578125
3 0.63828125 0.6796875 0.0515625 0.0734375
3 0.63046875 0.721875 0.046875 0.0703125
3 0.65703125 0.76328125 0.05546875 0.08046875
3 0.48984375 0.36953125 0.053125 0.071875
3 0.60546875 0.41640625 0.05859375 0.08671875
3 0.63984375 0.38203125 0.05625 0.08046875
3 0.559375 0.334375 0.04609375 0.06796875
3 0.59921875 0.3296875 0.04609375 0.06640625
3 0.53828125 0.23515625 0.0546875 0.07890625
3 0.825 0.23984375 0.034375 0.04765625
3 0.09921875 0.21796875 0.0421875 0.0578125
5 0.0984375 0.7171875 0.025 0.05234375
5 0.09296875 0.66171875 0.028125 0.04609375
5 0.17109375 0.78671875 0.034375 0.05
5 0.19609375 0.76953125 0.03515625 0.05625
5 0.1953125 0.80625 0.0296875 0.04296875
5 0.11484375 0.78671875 0.03125 0.04453125
5 0.20390625 0.89453125 0.03671875 0.0515625
5 0.21796875 0.85859375 0.0296875 0.04921875
5 0.24375 0.871875 0.03125 0.040625
5 0.2109375 0.95 0.03515625 0.05546875
5 0.2703125 0.9703125 0.03125 0.04765625
5 0.2921875 0.94609375 0.034375 0.05390625
5 0.44375 0.44453125 0.03203125 0.0453125
5 0.4703125 0.51328125 0.0328125 0.04765625
5 0.45625 0.55625 0.034375 0.05078125
5 0.5046875 0.56484375 0.03125 0.040625
5 0.48671875 0.578125 0.02421875 0.03984375
5 0.51640625 0.5 0.034375 0.05390625
5 0.54140625 0.5046875 0.03046875 0.0515625
5 0.5453125 0.44296875 0.03671875 0.0546875
5 0.4921875 0.41015625 0.028125 0.0421875
4 0.5796875 0.25 0.0421875 0.0640625
5 0.4796875 0.25078125 0.0328125 0.05078125
5 0.50390625 0.27890625 0.0359375 0.053125
5 0.49609375 0.22421875 0.03671875 0.05625
5 0.490625 0.17734375 0.0296875 0.046875
5 0.5359375 0.15390625 0.03671875 0.05390625
5 0.58046875 0.15390625 0.034375 0.05390625
5 0.6 0.16953125 0.034375 0.053125
5 0.5828125 0.2125 0.03515625 0.04921875
5 0.6328125 0.14765625 0.04140625 0.0609375
5 0.65703125 0.28125 0.03515625 0.0515625