3 0.5 0.796875 0.040625 0.05546875
3 0.47734375 0.81328125 0.034375 0.05234375
3 0.6328125 0.63515625 0.0234375 0.03828125
3 0.59296875 0.65078125 0.02578125 0.034375
3 0.48828125 0.5546875 0.0234375 0.03203125
3 0.58125 0.41484375 0.03359375 0.04765625
3 0.44609375 0.45703125 0.02734375 0.040625
3 0.44609375 0.31328125 0.0328125 0.05234375
3 0.446875 0.22578125 0.03515625 0.05078125
3 0.446875 0.25859375 0.0375 0.046875
3 0.146875 0.646875 0.03515625 0.053125
5 0.4609375 0.1796875 0.0296875 0.0390625
5 0.4578125 0.2078125 0.02421875 0.0390625
5 0.4859375 0.20078125 0.02734375 0.0390625
5 0.46796875 0.24375 0.02421875 0.03828125
5 0.46796875 0.3125 0.02578125 0.03828125
5 0.4546875 0.39453125 0.02109375 0.0328125
5 0.49921875 0.41875 0.01875 0.02421875
5 0.58203125 0.3859375 0.0234375 0.034375
5 0.53125 0.8703125 0.02109375 0.034375
5 0.54296875 0.89609375 0.02109375 0.03125
5 0.540625 0.91796875 0.02109375 0.01953125
5 0.5234375 0.90859375 0.01796875 0.0265625
5 0.51875 0.89609375 0.0203125 0.03203125
5 0.51875 0.8671875 0.01640625 0.03046875
5 0.50078125 0.83125 0.0265625 0.03671875
5 0.47890625 0.778125 0.02265625 0.0328125