3 0.64765625 0.43046875 0.05390625 0.07265625
3 0.590625 0.5078125 0.05546875 0.07578125
3 0.521875 0.53203125 0.05859375 0.0828125
3 0.56796875 0.68671875 0.06328125 0.08515625
3 0.58671875 0.29921875 0.04296875 0.06640625
3 0.63984375 0.16484375 0.04765625 0.071875
3 0.45390625 0.1125 0.053125 0.07578125
3 0.13203125 0.52421875 0.075 0.103125
3 0.15859375 0.34140625 0.06484375 0.084375
3 0.33671875 0.2828125 0.046875 0.05546875
3 0.3796875 0.1890625 0.03828125 0.0515625
3 0.340625 0.17578125 0.04453125 0.05859375
5 0.56796875 0.6 0.04609375 0.06328125
5 0.53046875 0.5765625 0.0390625 0.053125
5 0.52890625 0.61640625 0.0390625 0.034375
5 0.54609375 0.4953125 0.0328125 0.0484375
5 0.521875 0.47578125 0.03671875 0.04375
5 0.61875 0.43046875 0.0375 0.0515625
5 0.6171875 0.3578125 0.03359375 0.04140625
5 0.634375 0.2875 0.03125 0.04609375
5 0.54921875 0.303125 0.04140625 0.0609375
5 0.5109375 0.2375 0.03515625 0.0546875
5 0.6140625 0.22421875 0.0296875 0.05078125
5 0.6921875 0.1671875 0.0265625 0.040625
5 0.6640625 0.14921875 0.03125 0.04375
5 0.66953125 0.2 0.03203125 0.04921875
5 0.68828125 0.2140625 0.02890625 0.05
5 0.40625 0.27734375 0.03203125 0.05390625
5 0.375 0.2984375 0.0265625 0.03828125
5 0.4234375 0.1453125 0.03046875 0.04921875