3 0.3984375 0.6640625 0.06796875 0.09765625
3 0.425 0.559375 0.0703125 0.1015625
3 0.4765625 0.4921875 0.07421875 0.109375
3 0.390625 0.38984375 0.0796875 0.11484375
3 0.490625 0.73671875 0.05625 0.0859375
3 0.484375 0.88828125 0.06171875 0.09375
3 0.6609375 0.80859375 0.06796875 0.10078125
3 0.815625 0.2359375 0.0953125 0.13828125
3 0.84765625 0.4109375 0.08046875 0.11484375
3 0.7109375 0.58203125 0.05703125 0.07890625
3 0.70234375 0.6921875 0.0484375 0.06953125
3 0.73984375 0.67734375 0.05546875 0.0796875
5 0.4171875 0.4640625 0.05859375 0.08515625
5 0.45546875 0.459375 0.04921875 0.071875
5 0.4453125 0.42421875 0.04375 0.05546875
5 0.4671875 0.53984375 0.0421875 0.06328125
5 0.49375 0.540625 0.04453125 0.06171875
5 0.42421875 0.64453125 0.04765625 0.06875
5 0.446875 0.70625 0.04140625 0.0578125
5 0.453125 0.77890625 0.040625 0.06015625
5 0.521875 0.7078125 0.05390625 0.0796875
5 0.57421875 0.7390625 0.04609375 0.0703125
5 0.4890625 0.8203125 0.040625 0.0640625
5 0.4390625 0.921875 0.034375 0.05234375
5 0.46796875 0.91796875 0.03984375 0.05859375
5 0.4484375 0.878125 0.0421875 0.0640625
5 0.428125 0.878125 0.03984375 0.0625
5 0.653125 0.63359375 0.04296875 0.0671875
5 0.6734375 0.59453125 0.034375 0.05
5 0.67734375 0.759375 0.040625 0.0625