3 0.6296875 0.66328125 0.0734375 0.10390625
3 0.59296875 0.5515625 0.07578125 0.10859375
3 0.5296875 0.48671875 0.08046875 0.1171875
3 0.6171875 0.3578125 0.08515625 0.121875
3 0.53359375 0.76015625 0.06015625 0.0921875
3 0.5515625 0.928125 0.06640625 0.1
3 0.35 0.86953125 0.0734375 0.1078125
3 0.1328125 0.2609375 0.10234375 0.14765625
3 0.11171875 0.4609375 0.08671875 0.12265625
3 0.2765625 0.62734375 0.06171875 0.08359375
3 0.29453125 0.74765625 0.05234375 0.07421875
3 0.2515625 0.7375 0.059375 0.084375
5 0.59375 0.4453125 0.06328125 0.090625
5 0.55078125 0.44609375 0.053125 0.0765625
5 0.559375 0.40546875 0.0484375 0.0578125
5 0.54453125 0.5375 0.0453125 0.06796875
5 0.51484375 0.54375 0.0484375 0.065625
5 0.6 0.646875 0.05078125 0.0734375
5 0.5796875 0.71953125 0.04453125 0.06171875
5 0.578125 0.80078125 0.04296875 0.0640625
5 0.49609375 0.73359375 0.0578125 0.08515625
5 0.440625 0.77734375 0.05 0.07578125
5 0.54140625 0.853125 0.04375 0.06875
5 0.6046875 0.95703125 0.03671875 0.05625
5 0.571875 0.95859375 0.04296875 0.0625
5 0.59140625 0.91015625 0.0453125 0.06875
5 0.61328125 0.90703125 0.0421875 0.0671875
5 0.3453125 0.675 0.04609375 0.07265625
5 0.31953125 0.634375 0.03671875 0.05390625
5 0.32734375 0.81796875 0.04375 0.06796875