3 0.40234375 0.77109375 0.1 0.1296875
3 0.2828125 0.95703125 0.071875 0.0859375
3 0.3703125 0.9015625 0.06484375 0.08515625
3 0.703125 0.82734375 0.06640625 0.09140625
3 0.46015625 0.621875 0.07734375 0.125
3 0.50234375 0.46796875 0.09453125 0.13515625
3 0.47578125 0.3484375 0.09375 0.13125
3 0.5375 0.29609375 0.08203125 0.11328125
5 0.3375 0.2890625 0.06328125 0.1
5 0.36640625 0.24453125 0.06171875 0.09375
5 0.421875 0.21796875 0.06171875 0.0859375
5 0.41875 0.10234375 0.0640625 0.065625
5 0.34609375 0.378125 0.0625 0.09375
5 0.40546875 0.35078125 0.059375 0.084375
5 0.3671875 0.50859375 0.0625 0.08671875
5 0.328125 0.60078125 0.071875 0.10546875
5 0.43984375 0.665625 0.05859375 0.090625
5 0.49296875 0.59140625 0.0578125 0.1078125