3 0.421875 0.58828125 0.07578125 0.1046875
3 0.4515625 0.75625 0.07265625 0.10625
3 0.51640625 0.7671875 0.06640625 0.103125
3 0.446875 0.66875 0.05703125 0.08828125
3 0.48203125 0.525 0.08515625 0.12265625
3 0.5453125 0.56015625 0.08671875 0.12109375
3 0.51875 0.2890625 0.0828125 0.1125
3 0.52890625 0.2203125 0.07890625 0.10078125
3 0.7609375 0.26875 0.078125 0.11328125
3 0.83046875 0.28359375 0.0828125 0.11875
3 0.94453125 0.346875 0.078125 0.1296875
3 0.921875 0.4625 0.07578125 0.1375
5 0.28359375 0.7625 0.06484375 0.09453125
5 0.54453125 0.33828125 0.0546875 0.0828125
5 0.5671875 0.20546875 0.06484375 0.0890625
5 0.79140625 0.32578125 0.06953125 0.10703125
5 0.86875 0.31796875 0.0671875 0.09453125
5 0.84453125 0.47578125 0.0515625 0.0796875
5 0.715625 0.35390625 0.05390625 0.08125
4 0.475 0.28515625 0.0515625 0.08125
5 0.296875 0.58046875 0.05859375 0.08515625
5 0.31953125 0.62734375 0.05703125 0.0796875