3 0.565625 0.6359375 0.0703125 0.0890625
3 0.49453125 0.79609375 0.065625 0.09375
3 0.42421875 0.771875 0.05859375 0.09296875
3 0.52109375 0.70703125 0.04921875 0.0796875
3 0.51796875 0.5375 0.0765625 0.1078125
3 0.44296875 0.5390625 0.07890625 0.10390625
3 0.53671875 0.26953125 0.07734375 0.0953125
3 0.5421875 0.1921875 0.075 0.0828125
3 0.2875 0.11640625 0.0703125 0.1
3 0.2109375 0.09375 0.075 0.10390625
3 0.07578125 0.09921875 0.065625 0.1203125
3 0.071875 0.2328125 0.06015625 0.1328125
5 0.66875 0.89375 0.05859375 0.0828125
5 0.49765625 0.30703125 0.04921875 0.07421875
5 0.50625 0.15546875 0.059375 0.0765625
5 0.24140625 0.159375 0.0609375 0.096875
5 0.1625 0.109375 0.0609375 0.08203125
5 0.14921875 0.28828125 0.0453125 0.071875
5 0.3140625 0.23125 0.0484375 0.071875
4 0.58359375 0.2890625 0.04453125 0.07421875
5 0.6984375 0.69609375 0.053125 0.07421875
5 0.6640625 0.7328125 0.05234375 0.06875