3 0.59296875 0.40859375 0.0859375 0.11875
3 0.5609375 0.21796875 0.0828125 0.12109375
3 0.4875 0.20546875 0.07578125 0.11640625
3 0.56640625 0.3171875 0.0640625 0.10078125
3 0.525 0.47890625 0.09609375 0.1390625
3 0.45390625 0.4390625 0.09765625 0.1375
3 0.48203125 0.7453125 0.09453125 0.128125
3 0.4703125 0.82265625 0.08984375 0.11484375
3 0.20859375 0.765625 0.08828125 0.12890625
3 0.1296875 0.74765625 0.09453125 0.13515625
3 0.02265625 0.67421875 0.0453125 0.146875
3 0.03515625 0.54375 0.0703125 0.15625
5 0.75078125 0.21328125 0.0734375 0.10703125
5 0.453125 0.68984375 0.0625 0.09453125
5 0.42734375 0.83984375 0.0734375 0.1015625
5 0.17421875 0.70078125 0.07890625 0.121875
5 0.08671875 0.70859375 0.07578125 0.1078125
5 0.11484375 0.5296875 0.05859375 0.090625
5 0.26015625 0.66875 0.06171875 0.0921875
4 0.53203125 0.75078125 0.05859375 0.0921875
5 0.734375 0.41875 0.06640625 0.096875
5 0.71015625 0.365625 0.0640625 0.090625