3 0.4484375 0.63203125 0.06875 0.08828125
3 0.52109375 0.77421875 0.06484375 0.0921875
3 0.5859375 0.7453125 0.0578125 0.090625
3 0.49296875 0.69375 0.04921875 0.078125
3 0.4890625 0.53671875 0.075 0.10625
3 0.55859375 0.53125 0.07734375 0.10390625
3 0.46171875 0.28984375 0.075 0.0953125
3 0.45234375 0.21875 0.07265625 0.0828125
3 0.6859375 0.12578125 0.06875 0.0984375
3 0.75625 0.09765625 0.07421875 0.10234375
3 0.88125 0.090625 0.065625 0.1171875
3 0.890625 0.2140625 0.0609375 0.128125
5 0.36328125 0.8796875 0.0578125 0.08203125
5 0.4984375 0.32109375 0.0484375 0.07265625
5 0.484375 0.18125 0.0578125 0.07578125
5 0.73046875 0.16171875 0.06015625 0.09453125
5 0.8015625 0.1078125 0.06015625 0.08125
5 0.8203125 0.27265625 0.04453125 0.07109375
5 0.665625 0.234375 0.04765625 0.07109375
4 0.41796875 0.3125 0.04453125 0.07265625
5 0.328125 0.69921875 0.05234375 0.0734375
5 0.3609375 0.73046875 0.05078125 0.06796875