3 0.246875 0.7703125 0.04765625 0.0734375
3 0.328125 0.83359375 0.0421875 0.06328125
3 0.35859375 0.878125 0.04453125 0.06640625
3 0.31171875 0.703125 0.05234375 0.071875
3 0.35 0.61015625 0.04609375 0.0625
3 0.36640625 0.54140625 0.04453125 0.075
3 0.23828125 0.346875 0.06328125 0.0796875
3 0.3140625 0.3796875 0.0375 0.0546875
3 0.3640625 0.3921875 0.046875 0.065625
3 0.396875 0.353125 0.05234375 0.071875
3 0.45078125 0.5078125 0.0484375 0.0625
3 0.54453125 0.2734375 0.053125 0.08125
3 0.6890625 0.51796875 0.05703125 0.090625
3 0.71171875 0.6640625 0.05390625 0.07578125
3 0.77734375 0.55 0.05234375 0.071875
3 0.81171875 0.45625 0.0375 0.05546875
3 0.88828125 0.721875 0.0484375 0.0703125
5 0.66875 0.390625 0.0375 0.053125
5 0.60703125 0.47734375 0.0375 0.0609375
5 0.6484375 0.49609375 0.03984375 0.053125
5 0.61015625 0.578125 0.03671875 0.0578125
5 0.596875 0.61015625 0.03046875 0.04296875
5 0.60703125 0.65078125 0.04375 0.0640625
5 0.61640625 0.71015625 0.04453125 0.06640625
5 0.66875 0.67578125 0.04453125 0.065625
5 0.378125 0.62265625 0.040625 0.0578125
5 0.4609375 0.68203125 0.0328125 0.05234375
5 0.43515625 0.73046875 0.03203125 0.04765625
5 0.43046875 0.840625 0.03515625 0.05
5 0.3046875 0.875 0.04296875 0.0484375
5 0.27578125 0.79140625 0.0359375 0.0484375
5 0.240625 0.54765625 0.0328125 0.053125