3 0.23515625 0.821875 0.0859375 0.1265625
3 0.41484375 0.60234375 0.1015625 0.15078125
3 0.278125 0.43203125 0.09453125 0.14296875
3 0.35546875 0.39375 0.1046875 0.16171875
3 0.3484375 0.25078125 0.1078125 0.1578125
3 0.55703125 0.56796875 0.1296875 0.178125
3 0.68515625 0.67109375 0.11171875 0.1765625
3 0.78359375 0.83359375 0.11171875 0.175
3 0.66171875 0.503125 0.08984375 0.14375
3 0.546875 0.4640625 0.0953125 0.1125
4 0.33046875 0.64453125 0.08125 0.14453125
4 0.371875 0.7484375 0.06015625 0.10078125
5 0.246875 0.7171875 0.07890625 0.1234375
5 0.4390625 0.3984375 0.08125 0.11015625