3 0.80078125 0.6984375 0.0453125 0.07109375
3 0.7265625 0.7890625 0.040625 0.06015625
3 0.70078125 0.84375 0.0421875 0.06328125
3 0.725 0.64921875 0.05078125 0.06796875
3 0.67265625 0.56640625 0.04453125 0.059375
3 0.646875 0.50078125 0.0421875 0.07265625
3 0.7515625 0.26171875 0.06171875 0.075
3 0.67890625 0.31796875 0.03671875 0.05234375
3 0.62890625 0.34609375 0.0453125 0.0625
3 0.58984375 0.31640625 0.05078125 0.06875
3 0.55546875 0.4921875 0.04765625 0.05859375
3 0.42734375 0.28046875 0.05078125 0.078125
3 0.3125 0.57578125 0.0546875 0.0875
3 0.309375 0.7328125 0.05234375 0.071875
3 0.22578125 0.6359375 0.05 0.06796875
3 0.178125 0.55078125 0.0359375 0.053125
3 0.1359375 0.84609375 0.046875 0.0671875
5 0.31640625 0.43828125 0.03671875 0.05
5 0.390625 0.509375 0.0359375 0.059375
5 0.3515625 0.540625 0.03828125 0.05
5 0.4015625 0.61328125 0.03515625 0.05546875
5 0.4203125 0.6421875 0.0296875 0.04140625
5 0.41484375 0.68671875 0.0421875 0.0609375
5 0.41328125 0.75078125 0.04296875 0.06328125
5 0.35546875 0.73125 0.04296875 0.06328125
5 0.6453125 0.58828125 0.0390625 0.05546875
5 0.56875 0.67421875 0.03125 0.05078125
5 0.60234375 0.71640625 0.03125 0.04609375
5 0.621875 0.828125 0.03359375 0.04765625
5 0.75625 0.82421875 0.0421875 0.04453125
5 0.77421875 0.7296875 0.03515625 0.04609375
5 0.7765625 0.46875 0.03125 0.0515625