3 0.8203125 0.41640625 0.0578125 0.08828125
3 0.8421875 0.4859375 0.0578125 0.08203125
3 0.6015625 0.46640625 0.034375 0.04375
3 0.634375 0.41875 0.03125 0.040625
3 0.57890625 0.51328125 0.04375 0.046875
3 0.5296875 0.34453125 0.03984375 0.07265625
5 0.3359375 0.4015625 0.046875 0.0703125
5 0.475 0.66875 0.04453125 0.06875
5 0.753125 0.37109375 0.034375 0.04765625
5 0.69921875 0.22734375 0.0390625 0.053125
4 0.8203125 0.22734375 0.0515625 0.07421875
4 0.85078125 0.3203125 0.04140625 0.059375
4 0.80546875 0.471875 0.04921875 0.06953125
5 0.878125 0.30390625 0.04140625 0.0609375