3 0.76484375 0.14921875 0.06328125 0.09609375
3 0.7390625 0.075 0.06328125 0.0890625
3 0.58984375 0.39921875 0.0375 0.04765625
3 0.63984375 0.38828125 0.034375 0.04375
3 0.54765625 0.396875 0.04765625 0.0515625
3 0.6125 0.5734375 0.04375 0.07890625
5 0.45 0.78671875 0.05078125 0.0765625
5 0.3890625 0.428125 0.04921875 0.075
5 0.74609375 0.26640625 0.0375 0.05234375
5 0.79296875 0.43203125 0.04296875 0.05859375
4 0.87421875 0.275 0.05625 0.08046875
4 0.840625 0.1734375 0.0453125 0.06484375
4 0.7234375 0.13125 0.053125 0.07578125
5 0.86796875 0.14921875 0.0453125 0.06640625