3 0.1828125 0.6703125 0.0578125 0.084375
3 0.4546875 0.46875 0.06328125 0.09140625
3 0.5359375 0.47578125 0.06796875 0.09609375
3 0.6125 0.55546875 0.06328125 0.09296875
3 0.60546875 0.49375 0.06328125 0.07734375
5 0.22578125 0.6640625 0.04453125 0.0640625
5 0.55546875 0.540625 0.03984375 0.0578125
5 0.5796875 0.58203125 0.0390625 0.059375
5 0.56484375 0.63515625 0.0296875 0.03984375
5 0.66015625 0.48984375 0.04375 0.06484375
5 0.6890625 0.46015625 0.05 0.07734375
5 0.7171875 0.52265625 0.0296875 0.0453125
5 0.834375 0.49609375 0.04375 0.0671875