3 0.70390625 0.51796875 0.0671875 0.096875
3 0.69140625 0.30859375 0.05078125 0.0734375
3 0.6359375 0.32109375 0.04140625 0.06015625
3 0.4953125 0.32109375 0.05859375 0.07734375
3 0.35390625 0.5796875 0.06640625 0.096875
3 0.32890625 0.7078125 0.05859375 0.07890625
3 0.30390625 0.64609375 0.06015625 0.07890625
3 0.38515625 0.53046875 0.06953125 0.10390625
3 0.2921875 0.4375 0.05703125 0.078125
3 0.34296875 0.30859375 0.0640625 0.0890625
5 0.89296875 0.55 0.04609375 0.07578125
5 0.85546875 0.6625 0.053125 0.07890625
5 0.77890625 0.63046875 0.03828125 0.0546875
5 0.6609375 0.5421875 0.0484375 0.078125
5 0.765625 0.2796875 0.04453125 0.06953125
5 0.70625 0.35546875 0.03515625 0.05
5 0.44375 0.5296875 0.05390625 0.078125
5 0.55390625 0.42421875 0.0390625 0.05625
5 0.51796875 0.38828125 0.03515625 0.05234375