3 0.3203125 0.6859375 0.075 0.10859375
3 0.25390625 0.4796875 0.0578125 0.08359375
3 0.309375 0.44609375 0.046875 0.06796875
3 0.440625 0.32734375 0.06484375 0.0875
3 0.66875 0.45 0.07421875 0.109375
3 0.73984375 0.5484375 0.065625 0.0890625
3 0.740625 0.4703125 0.0671875 0.0890625
3 0.621875 0.43046875 0.078125 0.11640625
3 0.6734375 0.265625 0.0640625 0.0875
3 0.578125 0.18828125 0.071875 0.1
5 0.15546875 0.87421875 0.05234375 0.084375
5 0.2328125 0.94765625 0.06015625 0.0890625
5 0.2921875 0.85390625 0.04296875 0.06171875
5 0.36875 0.671875 0.0546875 0.0875
5 0.1734375 0.515625 0.05 0.078125
5 0.25703125 0.53671875 0.03984375 0.05703125
5 0.5671875 0.478125 0.0609375 0.08828125
5 0.425 0.47265625 0.04375 0.06328125
5 0.44453125 0.409375 0.0390625 0.059375