3 0.334375 0.58828125 0.0546875 0.07109375
3 0.35625 0.5640625 0.06015625 0.08125
3 0.3671875 0.73984375 0.05078125 0.07421875
3 0.37421875 0.70546875 0.03515625 0.05078125
3 0.3765625 0.4078125 0.05703125 0.08125
3 0.39375 0.45703125 0.04765625 0.0640625
3 0.3953125 0.34765625 0.07265625 0.09140625
5 0.32421875 0.65 0.03671875 0.0515625
4 0.3609375 0.48125 0.0421875 0.0703125
4 0.37890625 0.66171875 0.04453125 0.07265625
4 0.40234375 0.7140625 0.03828125 0.06328125
4 0.44296875 0.740625 0.04609375 0.06171875
4 0.42109375 0.684375 0.04609375 0.06953125