3 0.95 0.51484375 0.03046875 0.0859375
3 0.9390625 0.55546875 0.05078125 0.0921875
3 0.871875 0.503125 0.05703125 0.0828125
3 0.69453125 0.1375 0.0625 0.0875
3 0.64921875 0.0953125 0.04765625 0.08515625
3 0.615625 0.1359375 0.04140625 0.07734375
3 0.4265625 0.2515625 0.05 0.071875
3 0.73359375 0.72890625 0.059375 0.08359375
3 0.5546875 0.6734375 0.0390625 0.059375
3 0.409375 0.63359375 0.0453125 0.0796875
3 0.36328125 0.63046875 0.046875 0.075
5 0.85234375 0.3828125 0.04375 0.06640625
5 0.76953125 0.5828125 0.03828125 0.046875
5 0.7625 0.63125 0.03984375 0.0578125
5 0.721875 0.61640625 0.04296875 0.06875
5 0.66171875 0.59921875 0.0375 0.053125
5 0.64609375 0.66328125 0.04375 0.06640625
5 0.66328125 0.7203125 0.034375 0.0578125
5 0.59921875 0.71015625 0.03671875 0.053125
5 0.57734375 0.68828125 0.0328125 0.05234375
5 0.70703125 0.771875 0.0453125 0.05859375
5 0.3375 0.5171875 0.04296875 0.0734375
5 0.4609375 0.55 0.03828125 0.06171875
5 0.4265625 0.53515625 0.03359375 0.0453125
5 0.421875 0.57578125 0.03828125 0.04140625
5 0.38984375 0.55078125 0.0390625 0.05390625