3 0.6671875 0.09921875 0.14609375 0.1984375
3 0.56796875 0.10625 0.13671875 0.2
3 0.6109375 0.2296875 0.1265625 0.18984375
3 0.5453125 0.30390625 0.12734375 0.1890625
3 0.359375 0.44375 0.11171875 0.16171875
3 0.33828125 0.315625 0.14296875 0.19765625
3 0.546875 0.759375 0.115625 0.18046875
3 0.46015625 0.89453125 0.1390625 0.19609375
3 0.4328125 0.84765625 0.17265625 0.23125
3 0.32265625 0.96484375 0.1484375 0.06875
5 0.5015625 0.9359375 0.09453125 0.1265625
5 0.54609375 0.8765625 0.0890625 0.1375
5 0.73046875 0.2265625 0.08984375 0.1375