3 0.8109375 0.24609375 0.12265625 0.17734375
3 0.71328125 0.1796875 0.1171875 0.16015625
3 0.7078125 0.33046875 0.10546875 0.1578125
3 0.61953125 0.3453125 0.10859375 0.153125
3 0.3953125 0.32421875 0.09765625 0.1265625
3 0.42265625 0.1890625 0.128125 0.14921875
3 0.45625 0.77265625 0.09375 0.153125
3 0.32578125 0.828125 0.12109375 0.1546875
3 0.31796875 0.7625 0.15703125 0.171875
3 0.1453125 0.85234375 0.1265625 0.17734375
5 0.34921875 0.9046875 0.08515625 0.103125
5 0.4140625 0.88203125 0.07265625 0.11640625
5 0.821875 0.425 0.07265625 0.11640625