3 0.80703125 0.29453125 0.1234375 0.18046875
3 0.71796875 0.22109375 0.11796875 0.16328125
3 0.70625 0.3625 0.10625 0.159375
3 0.621875 0.36796875 0.109375 0.1546875
3 0.41171875 0.32265625 0.09765625 0.12890625
3 0.44375 0.19765625 0.12734375 0.153125
3 0.44765625 0.7515625 0.0953125 0.153125
3 0.321875 0.78984375 0.12109375 0.1578125
3 0.3171875 0.7265625 0.15546875 0.17890625
3 0.15 0.7921875 0.1265625 0.18046875
5 0.33984375 0.8640625 0.084375 0.10546875
5 0.4015625 0.84921875 0.07265625 0.11796875
5 0.8078125 0.4640625 0.0734375 0.11640625