3 0.31015625 0.5 0.11796875 0.16875
3 0.509375 0.565625 0.1390625 0.196875
3 0.42109375 0.8171875 0.12578125 0.19609375
3 0.528125 0.73046875 0.16328125 0.21015625
3 0.5359375 0.896875 0.13046875 0.159375
3 0.753125 0.8859375 0.12578125 0.20234375
5 0.0734375 0.56171875 0.07578125 0.14765625
5 0.1421875 0.628125 0.10703125 0.1671875
5 0.1890625 0.42265625 0.09140625 0.15078125
5 0.2671875 0.265625 0.0984375 0.14453125
5 0.4640625 0.3734375 0.09921875 0.14453125
5 0.534375 0.32578125 0.0921875 0.15703125
5 0.4796875 0.23515625 0.08828125 0.1171875
5 0.81796875 0.503125 0.09453125 0.14609375
5 0.77734375 0.27265625 0.1265625 0.1828125