3 0.3234375 0.621875 0.13359375 0.19375
3 0.52578125 0.55625 0.15625 0.225
3 0.515625 0.8453125 0.14453125 0.221875
3 0.58984375 0.69765625 0.18125 0.24453125
3 0.64453125 0.84609375 0.14375 0.1875
3 0.8421875 0.69765625 0.14453125 0.22734375
5 0.121875 0.8296875 0.08984375 0.16171875
5 0.20390625 0.84765625 0.12265625 0.1890625
5 0.1890625 0.628125 0.10546875 0.16953125
5 0.2171875 0.4328125 0.1109375 0.16484375
5 0.43046875 0.40703125 0.11171875 0.16484375
5 0.48203125 0.31875 0.10703125 0.175
5 0.40546875 0.26953125 0.0984375 0.1359375
5 0.79375 0.30234375 0.1078125 0.165625
5 0.69140625 0.115625 0.14296875 0.209375