3 0.4265625 0.63359375 0.08125 0.12265625
3 0.47578125 0.5625 0.08828125 0.12578125
3 0.59140625 0.64921875 0.08671875 0.125
3 0.675 0.7515625 0.0921875 0.13203125
3 0.578125 0.35546875 0.09453125 0.13984375
3 0.65 0.509375 0.078125 0.12109375
3 0.653125 0.33203125 0.071875 0.1046875
4 0.190625 0.4234375 0.071875 0.08203125
4 0.9171875 0.71484375 0.06796875 0.1203125
5 0.24921875 0.46875 0.065625 0.0890625
5 0.32109375 0.453125 0.06640625 0.0890625
5 0.2953125 0.3515625 0.06328125 0.10625
5 0.33359375 0.2453125 0.06640625 0.11171875
5 0.70859375 0.3078125 0.0609375 0.08984375
5 0.6671875 0.21640625 0.0625 0.09609375
5 0.534375 0.64140625 0.06484375 0.0984375