3 0.55546875 0.84296875 0.05625 0.07578125
3 0.55546875 0.7875 0.0609375 0.07890625
3 0.59921875 0.7546875 0.0453125 0.053125
3 0.60234375 0.71328125 0.0546875 0.071875
3 0.134375 0.98359375 0.071875 0.0328125
3 0.13046875 0.35234375 0.05234375 0.07890625
3 0.3703125 0.365625 0.0609375 0.08671875
3 0.3578125 0.42890625 0.05703125 0.071875
3 0.28125 0.26328125 0.05625 0.078125
3 0.35546875 0.19765625 0.0484375 0.0640625
3 0.29296875 0.15390625 0.05859375 0.07265625
3 0.365625 0.10546875 0.04453125 0.0546875
3 0.62109375 0.06015625 0.05859375 0.07890625
3 0.684375 0.05 0.04453125 0.071875
3 0.853125 0.2703125 0.04375 0.0625
5 0.6234375 0.803125 0.03203125 0.04765625
5 0.63125 0.84921875 0.0265625 0.03984375
5 0.53984375 0.74765625 0.034375 0.053125
5 0.528125 0.83671875 0.0296875 0.05
5 0.52890625 0.70234375 0.0328125 0.05
5 0.5375 0.68359375 0.0296875 0.04296875
5 0.578125 0.6578125 0.0359375 0.05078125
5 0.57265625 0.62109375 0.0296875 0.0390625
5 0.6234375 0.63203125 0.03671875 0.06015625
5 0.64140625 0.7328125 0.0296875 0.0515625
5 0.64765625 0.7515625 0.0359375 0.0421875
5 0.6625 0.71328125 0.02734375 0.04375
5 0.64453125 0.6984375 0.03203125 0.04765625
5 0.346875 0.56171875 0.02734375 0.0453125
5 0.346875 0.52109375 0.03046875 0.046875
5 0.34296875 0.48984375 0.034375 0.04921875
5 0.334375 0.45703125 0.034375 0.03984375
5 0.33359375 0.42734375 0.03671875 0.053125
5 0.3703125 0.4828125 0.02890625 0.04453125
5 0.409375 0.5296875 0.03203125 0.04609375
5 0.38828125 0.48125 0.0328125 0.05390625