3 0.58828125 0.21875 0.05546875 0.078125
3 0.56796875 0.25859375 0.05859375 0.08125
3 0.525 0.24609375 0.04375 0.05703125
3 0.5078125 0.27265625 0.053125 0.07421875
3 0.95 0.440625 0.07109375 0.103125
3 0.7109375 0.91484375 0.05234375 0.07890625
3 0.54609375 0.709375 0.06015625 0.08828125
3 0.57734375 0.67421875 0.0546875 0.075
3 0.571875 0.85390625 0.05546875 0.0796875
3 0.4953125 0.840625 0.046875 0.065625
3 0.5234375 0.921875 0.05625 0.07578125
3 0.4546875 0.89765625 0.0421875 0.0578125
3 0.25703125 0.7203125 0.0578125 0.08125
3 0.20859375 0.67578125 0.0453125 0.07109375
3 0.16875 0.38125 0.04375 0.06328125
5 0.525 0.19140625 0.03203125 0.04765625
5 0.53671875 0.15234375 0.0265625 0.03984375
5 0.5640625 0.29921875 0.034375 0.053125
5 0.60546875 0.246875 0.03046875 0.04921875
5 0.55546875 0.340625 0.03359375 0.05
5 0.54296875 0.346875 0.0296875 0.04296875
5 0.5046875 0.33203125 0.03515625 0.0515625
5 0.4953125 0.3625 0.02890625 0.040625
5 0.46328125 0.31328125 0.0375 0.05859375
5 0.48671875 0.2265625 0.03125 0.05
5 0.48984375 0.20859375 0.034375 0.0453125
5 0.46484375 0.2234375 0.02734375 0.04296875
5 0.47265625 0.2484375 0.03203125 0.04765625
5 0.63359375 0.58984375 0.028125 0.04453125
5 0.61875 0.61796875 0.03046875 0.046875
5 0.61015625 0.64296875 0.034375 0.05
5 0.6046875 0.67421875 0.03203125 0.0421875
5 0.59453125 0.6953125 0.03671875 0.05390625
5 0.58828125 0.62578125 0.02890625 0.04375
5 0.57734375 0.5609375 0.03125 0.04609375
5 0.575 0.6125 0.03359375 0.053125