3 0.18359375 0.46796875 0.05859375 0.08515625
3 0.240625 0.6140625 0.0453125 0.06640625
3 0.2265625 0.58046875 0.03984375 0.0515625
3 0.32734375 0.971875 0.046875 0.05625
3 0.478125 0.96953125 0.04453125 0.06015625
3 0.525 0.596875 0.05078125 0.07578125
3 0.58046875 0.59609375 0.04453125 0.07421875
3 0.515625 0.55234375 0.040625 0.05703125
3 0.54765625 0.546875 0.0453125 0.06796875
3 0.57109375 0.50546875 0.05 0.071875
3 0.49375 0.48515625 0.059375 0.08671875
3 0.53984375 0.434375 0.05625 0.08515625
3 0.57265625 0.0796875 0.053125 0.071875
3 0.58203125 0.125 0.05703125 0.0765625
3 0.803125 0.22734375 0.05390625 0.0796875
3 0.71484375 0.4703125 0.04765625 0.07109375
3 0.73515625 0.5203125 0.0515625 0.075
3 0.753125 0.46328125 0.05625 0.08515625
3 0.7953125 0.6046875 0.04921875 0.065625
3 0.834375 0.5421875 0.05234375 0.07890625
3 0.84375 0.47890625 0.05390625 0.07890625
3 0.79453125 0.553125 0.0453125 0.06015625
3 0.83359375 0.58828125 0.04296875 0.0578125
3 0.92890625 0.5765625 0.0359375 0.0546875
3 0.8875 0.2703125 0.0453125 0.06015625
3 0.92109375 0.259375 0.04765625 0.075
5 0.090625 0.34609375 0.03203125 0.04765625
5 0.10546875 0.37421875 0.0328125 0.0453125
5 0.11796875 0.403125 0.03671875 0.05234375
5 0.13671875 0.459375 0.0375 0.05390625
5 0.15 0.3125 0.03125 0.04453125
5 0.1859375 0.5203125 0.0359375 0.05546875
5 0.2265625 0.53359375 0.0421875 0.0625
5 0.2125 0.65390625 0.034375 0.04765625
5 0.26484375 0.596875 0.0375 0.05625
5 0.375 0.5 0.03828125 0.0546875
5 0.2265625 0.98359375 0.03984375 0.03203125
5 0.24453125 0.9296875 0.03984375 0.0578125
5 0.271875 0.9484375 0.034375 0.05234375
5 0.25390625 0.97109375 0.0359375 0.0546875
5 0.2625 0.99375 0.03515625 0.01171875
5 0.4015625 0.9609375 0.03828125 0.05625
5 0.42265625 0.9140625 0.0390625 0.0625
5 0.4609375 0.91796875 0.03203125 0.05078125
5 0.49765625 0.9828125 0.03671875 0.034375
5 0.4265625 0.459375 0.03203125 0.04609375
5 0.43515625 0.553125 0.03046875 0.04453125
5 0.44140625 0.58359375 0.03671875 0.053125
5 0.471875 0.5875 0.03359375 0.0484375
4 0.4484375 0.4390625 0.0453125 0.0671875
4 0.5609375 0.6328125 0.03984375 0.05859375
4 0.565625 0.58828125 0.0375 0.05390625
5 0.52265625 0.47265625 0.02890625 0.04453125
5 0.51875 0.51328125 0.02890625 0.04375
5 0.55625 0.4734375 0.03515625 0.0515625
5 0.615625 0.52421875 0.0328125 0.04921875
5 0.66640625 0.4578125 0.03046875 0.0515625
5 0.98046875 0.4984375 0.03671875 0.05625
5 0.99375 0.50546875 0.0125 0.05625
4 0.97890625 0.5453125 0.04140625 0.06875
4 0.9015625 0.59765625 0.0375 0.05234375
4 0.7859375 0.465625 0.03984375 0.06015625
4 0.69296875 0.02734375 0.0484375 0.0546875