3 0.246875 0.73515625 0.0421875 0.05859375
3 0.253125 0.57734375 0.0328125 0.04609375
3 0.25078125 0.6140625 0.03125 0.03125
3 0.221875 0.21875 0.0328125 0.05
3 0.2390625 0.09453125 0.0421875 0.0546875
3 0.34921875 0.12734375 0.03203125 0.04765625
3 0.49453125 0.4109375 0.03671875 0.053125
3 0.54140625 0.3765625 0.028125 0.05703125
3 0.5 0.45390625 0.03046875 0.0375
3 0.52734375 0.4390625 0.03125 0.0484375
3 0.55859375 0.4578125 0.03671875 0.04921875
3 0.50078125 0.5234375 0.04296875 0.059375
3 0.553125 0.53671875 0.03984375 0.0609375
3 0.68046875 0.81171875 0.04140625 0.0453125
3 0.675 0.76796875 0.04453125 0.04765625
3 0.83046875 0.5421875 0.0390625 0.0546875
3 0.68828125 0.3953125 0.034375 0.04921875
3 0.69140625 0.34140625 0.0375 0.0515625
3 0.721875 0.378125 0.03984375 0.0609375
3 0.71796875 0.2328125 0.03828125 0.04140625
3 0.76796875 0.26015625 0.0359375 0.05703125
3 0.79375 0.30703125 0.03828125 0.0546875
3 0.73203125 0.27578125 0.03515625 0.0375
3 0.7546875 0.221875 0.0328125 0.03671875
3 0.83671875 0.17109375 0.02578125 0.0390625
3 0.88828125 0.45234375 0.03515625 0.0375
3 0.91953125 0.440625 0.03203125 0.05546875
5 0.20390625 0.89609375 0.021875 0.034375
5 0.20859375 0.86328125 0.02421875 0.0296875
5 0.21015625 0.83125 0.02734375 0.034375
5 0.21015625 0.77265625 0.028125 0.03671875
5 0.2625 0.8859375 0.02265625 0.03046875
5 0.23359375 0.690625 0.02421875 0.040625
5 0.2640625 0.65390625 0.03046875 0.04296875
5 0.21796875 0.5625 0.02578125 0.03125
5 0.278125 0.57578125 0.0265625 0.03984375
5 0.39765625 0.58671875 0.028125 0.0375
5 0.13359375 0.26796875 0.0296875 0.03828125
5 0.1671875 0.3125 0.028125 0.040625
5 0.184375 0.2796875 0.02421875 0.03671875
5 0.16328125 0.271875 0.025 0.0390625
5 0.15859375 0.23046875 0.02578125 0.034375
5 0.16796875 0.13203125 0.0328125 0.04140625
5 0.2109375 0.140625 0.0234375 0.034375
5 0.2890625 0.1859375 0.02734375 0.03984375
5 0.3203125 0.21171875 0.02578125 0.046875
5 0.35078125 0.184375 0.02109375 0.0375
5 0.33046875 0.084375 0.0296875 0.03828125
5 0.36015625 0.09921875 0.02578125 0.0375
5 0.4515625 0.5875 0.02265625 0.03125
5 0.4328125 0.50390625 0.02265625 0.03046875
5 0.42890625 0.475 0.0265625 0.03671875
5 0.453125 0.453125 0.02421875 0.03359375
4 0.47578125 0.59140625 0.03203125 0.046875
4 0.5140625 0.35859375 0.02890625 0.040625
4 0.53046875 0.3921875 0.028125 0.0359375
5 0.52734375 0.51640625 0.0203125 0.03203125
5 0.51328125 0.48515625 0.02109375 0.03046875
5 0.55546875 0.49453125 0.02578125 0.03515625
5 0.590625 0.41328125 0.02265625 0.03515625
5 0.6515625 0.43671875 0.01953125 0.03984375
5 0.9015625 0.20390625 0.02578125 0.040625
5 0.9203125 0.18203125 0.02578125 0.040625
5 0.9296875 0.1453125 0.02265625 0.04140625
4 0.8890625 0.16484375 0.03046875 0.04921875
4 0.8078125 0.17109375 0.02890625 0.03359375
4 0.74921875 0.3546875 0.02734375 0.04296875
4 0.79765625 0.784375 0.03515625 0.04765625