3 0.7453125 0.6921875 0.03984375 0.05625
3 0.73359375 0.54765625 0.03125 0.04375
3 0.73671875 0.58125 0.0296875 0.03046875
3 0.746875 0.2171875 0.03125 0.04765625
3 0.7265625 0.1046875 0.03984375 0.05234375
3 0.6265625 0.1453125 0.03046875 0.0453125
3 0.50546875 0.41796875 0.034375 0.05078125
3 0.4609375 0.390625 0.02734375 0.05390625
3 0.50234375 0.4578125 0.02890625 0.0359375
3 0.4765625 0.446875 0.03046875 0.04609375
3 0.4484375 0.4671875 0.034375 0.046875
3 0.5046875 0.521875 0.040625 0.05703125
3 0.45703125 0.5390625 0.0375 0.0578125
3 0.3515625 0.80234375 0.0390625 0.04375
3 0.3546875 0.76171875 0.0421875 0.046875
3 0.203125 0.56953125 0.03671875 0.05234375
3 0.32734375 0.421875 0.0328125 0.046875
3 0.32265625 0.37265625 0.0359375 0.04921875
3 0.29609375 0.40859375 0.0375 0.0578125
3 0.29375 0.275 0.0359375 0.040625
3 0.24921875 0.30546875 0.034375 0.0546875
3 0.228125 0.35078125 0.03671875 0.05234375
3 0.2828125 0.31640625 0.03359375 0.03671875
3 0.26015625 0.26953125 0.03125 0.03515625
3 0.1828125 0.23046875 0.02421875 0.03671875
3 0.146875 0.49296875 0.03359375 0.0359375
3 0.11796875 0.484375 0.03046875 0.053125
5 0.79140625 0.83515625 0.02109375 0.03203125
5 0.7859375 0.80546875 0.02265625 0.02890625
5 0.7828125 0.77578125 0.02578125 0.03359375
5 0.78046875 0.72265625 0.0265625 0.03515625
5 0.73671875 0.83125 0.021875 0.02890625
5 0.75546875 0.65 0.0234375 0.0390625
5 0.7265625 0.61875 0.02890625 0.04140625
5 0.76484375 0.53125 0.02421875 0.03046875
5 0.71015625 0.54921875 0.025 0.03828125
5 0.6015625 0.5703125 0.0265625 0.0359375
5 0.83046875 0.25390625 0.028125 0.03671875
5 0.80078125 0.29765625 0.02734375 0.03828125
5 0.78359375 0.26875 0.0234375 0.03515625
5 0.80234375 0.26015625 0.02421875 0.0375
5 0.80546875 0.221875 0.02421875 0.0328125
5 0.79296875 0.1328125 0.03125 0.03984375
5 0.75390625 0.14453125 0.021875 0.0328125
5 0.684375 0.19296875 0.02578125 0.0375
5 0.65703125 0.21953125 0.025 0.04375
5 0.62734375 0.19765625 0.0203125 0.0359375
5 0.6421875 0.10390625 0.028125 0.03671875
5 0.615625 0.1203125 0.025 0.0359375
5 0.5515625 0.57578125 0.021875 0.03046875
5 0.565625 0.49765625 0.02109375 0.02890625
5 0.56796875 0.47109375 0.02578125 0.03515625
5 0.5453125 0.45234375 0.0234375 0.03203125
4 0.53046875 0.58125 0.03125 0.04453125
4 0.48515625 0.371875 0.028125 0.03828125
4 0.471875 0.4046875 0.0265625 0.034375
5 0.4796875 0.5171875 0.01875 0.03046875
5 0.49140625 0.4875 0.01953125 0.02890625
5 0.453125 0.5 0.02421875 0.03359375
5 0.4171875 0.4296875 0.021875 0.03359375
5 0.3625 0.45625 0.01875 0.0375
5 0.12421875 0.265625 0.02421875 0.03828125
5 0.10625 0.24765625 0.02421875 0.03828125
5 0.096875 0.215625 0.021875 0.0390625
4 0.134375 0.22890625 0.02890625 0.046875
4 0.20859375 0.22734375 0.02734375 0.0328125
4 0.2703125 0.38984375 0.0265625 0.040625
4 0.24296875 0.7875 0.03359375 0.0453125