3 0.2765625 0.94140625 0.146875 0.11640625
3 0.40234375 0.80078125 0.13828125 0.21640625
3 0.50859375 0.63125 0.14140625 0.1984375
3 0.54609375 0.4421875 0.11171875 0.16328125
3 0.5515625 0.34921875 0.12578125 0.165625
3 0.659375 0.3421875 0.12265625 0.18046875
5 0.31171875 0.97109375 0.08828125 0.0578125
5 0.334375 0.8234375 0.08671875 0.159375
5 0.4421875 0.93984375 0.090625 0.11953125
5 0.50546875 0.91953125 0.0875 0.11015625
5 0.52578125 0.796875 0.07734375 0.12109375
5 0.4515625 0.71015625 0.07890625 0.1109375
5 0.60390625 0.49375 0.09296875 0.13984375
5 0.4859375 0.528125 0.09609375 0.10546875
5 0.46796875 0.375 0.0953125 0.1484375
5 0.76328125 0.15703125 0.13203125 0.190625