3 0.1328125 0.325 0.15546875 0.209375
3 0.3046875 0.35390625 0.15078125 0.2328125
3 0.45703125 0.39453125 0.1515625 0.2171875
3 0.56171875 0.5125 0.1203125 0.17734375
3 0.60234375 0.58359375 0.1328125 0.1828125
3 0.6921875 0.4921875 0.1328125 0.19609375
5 0.15390625 0.278125 0.09296875 0.12265625
5 0.24140625 0.396875 0.096875 0.16640625
5 0.2796875 0.20625 0.09609375 0.1359375
5 0.33984375 0.1671875 0.0921875 0.12265625
5 0.4046875 0.24765625 0.084375 0.1296875
5 0.3796875 0.3828125 0.084375 0.121875
5 0.5875 0.4203125 0.1 0.15078125
5 0.4796875 0.49765625 0.09921875 0.12109375
5 0.52578125 0.63671875 0.10390625 0.159375
5 0.84921875 0.54765625 0.1421875 0.2078125