3 0.56796875 0.5109375 0.09140625 0.13515625
3 0.528125 0.40390625 0.07890625 0.11015625
3 0.5015625 0.4859375 0.0828125 0.10859375
3 0.45390625 0.6 0.06640625 0.08046875
3 0.41640625 0.57265625 0.0625 0.1078125
3 0.4359375 0.70703125 0.075 0.10390625
3 0.115625 0.58203125 0.0734375 0.1171875
4 0.459375 0.546875 0.06484375 0.0953125
5 0.5953125 0.56875 0.0640625 0.0890625
5 0.53359375 0.57578125 0.0546875 0.07578125
5 0.49609375 0.5640625 0.04296875 0.06953125
5 0.46796875 0.76796875 0.05078125 0.071875
5 0.48203125 0.89921875 0.06171875 0.08671875
5 0.4515625 0.83125 0.05625 0.08984375
5 0.228125 0.54609375 0.0640625 0.1
5 0.22734375 0.646875 0.05078125 0.078125
4 0.31640625 0.8625 0.0640625 0.090625
5 0.19921875 0.60546875 0.05390625 0.0859375
5 0.1796875 0.52734375 0.065625 0.10859375