3 0.4328125 0.4984375 0.09765625 0.14453125
3 0.4765625 0.60859375 0.084375 0.11796875
3 0.503125 0.521875 0.0875 0.11640625
3 0.55078125 0.4 0.0703125 0.08671875
3 0.59140625 0.42734375 0.0671875 0.1140625
3 0.56796875 0.2875 0.0796875 0.1109375
3 0.90625 0.40546875 0.078125 0.125
4 0.546875 0.45625 0.06953125 0.10234375
5 0.403125 0.43828125 0.06796875 0.0953125
5 0.46796875 0.42890625 0.05859375 0.08125
5 0.50703125 0.43984375 0.04609375 0.07421875
5 0.53359375 0.22421875 0.0546875 0.07734375
5 0.51640625 0.0875 0.065625 0.09296875
5 0.54921875 0.1578125 0.06015625 0.09609375
5 0.78828125 0.44765625 0.06796875 0.10703125
5 0.7875 0.3421875 0.05390625 0.08359375
4 0.690625 0.11953125 0.06796875 0.096875
5 0.81796875 0.384375 0.0578125 0.09140625
5 0.83984375 0.46484375 0.0703125 0.115625