3 0.35078125 0.46640625 0.0875 0.11953125
3 0.3609375 0.37421875 0.06171875 0.109375
3 0.39609375 0.3890625 0.07734375 0.11328125
3 0.4703125 0.3609375 0.07421875 0.103125
3 0.5234375 0.36875 0.07109375 0.10703125
3 0.57890625 0.33828125 0.08359375 0.121875
3 0.63203125 0.37734375 0.0796875 0.11796875
3 0.3703125 0.58671875 0.08515625 0.115625
3 0.98125 0.41328125 0.03671875 0.12421875
4 0.45625 0.44140625 0.06875 0.10703125
4 0.56171875 0.43046875 0.06796875 0.103125
4 0.59140625 0.48515625 0.0609375 0.1015625
4 0.37421875 0.7453125 0.05546875 0.0859375
4 0.27265625 0.63515625 0.0578125 0.0890625
4 0.87578125 0.2984375 0.0671875 0.10078125
4 0.840625 0.2484375 0.05390625 0.07109375