3 0.47578125 0.2765625 0.09375 0.1359375
3 0.55390625 0.30546875 0.0828125 0.1265625
3 0.5265625 0.4 0.09765625 0.1359375
3 0.54140625 0.48125 0.075 0.109375
3 0.60078125 0.559375 0.103125 0.14140625
3 0.340625 0.50234375 0.08984375 0.13515625
3 0.43671875 0.603125 0.0953125 0.1296875
3 0.36328125 0.640625 0.09296875 0.1359375
3 0.290625 0.690625 0.10234375 0.15234375
3 0.80546875 0.9625 0.065625 0.07421875
3 0.78671875 0.99375 0.07109375 0.0125
4 0.284375 0.57734375 0.08828125 0.1265625
4 0.4546875 0.37890625 0.08359375 0.125
5 0.48125 0.4890625 0.0796875 0.1109375
5 0.22421875 0.53203125 0.08203125 0.12265625
5 0.3140625 0.72109375 0.07578125 0.11484375
5 0.4125 0.7359375 0.084375 0.13203125
5 0.61953125 0.6625 0.0703125 0.103125
5 0.61171875 0.40625 0.07265625 0.1109375
5 0.57109375 0.21328125 0.075 0.1109375
5 0.50390625 0.190625 0.07578125 0.10078125
5 0.3265625 0.03671875 0.0625 0.0734375