3 0.8328125 0.7140625 0.10703125 0.16015625
3 0.609375 0.5671875 0.12734375 0.190625
3 0.71640625 0.33671875 0.11875 0.17890625
3 0.63046875 0.33046875 0.1328125 0.20234375
3 0.61015625 0.18203125 0.134375 0.19921875
3 0.45859375 0.5921875 0.159375 0.228125
3 0.34765625 0.75078125 0.1421875 0.21875
3 0.27890625 0.9234375 0.1421875 0.15234375
3 0.340625 0.57109375 0.11484375 0.178125
3 0.45 0.48203125 0.1140625 0.15078125
4 0.703125 0.57421875 0.10625 0.175
4 0.68046875 0.696875 0.078125 0.12421875
5 0.8015625 0.6125 0.1 0.15390625
5 0.54609375 0.3703125 0.1 0.14140625