3 0.63359375 0.36171875 0.05703125 0.0859375
3 0.6484375 0.4375 0.059375 0.07890625
3 0.6421875 0.50078125 0.06328125 0.090625
3 0.596875 0.50234375 0.0625 0.09296875
3 0.62265625 0.56015625 0.06796875 0.103125
3 0.63359375 0.63203125 0.0734375 0.09140625
3 0.628125 0.696875 0.0796875 0.096875
3 0.60703125 0.76796875 0.07890625 0.1140625
3 0.553125 0.7078125 0.07578125 0.11015625
3 0.5453125 0.7859375 0.08046875 0.1015625
4 0.67890625 0.5359375 0.0578125 0.09140625
4 0.5953125 0.3296875 0.06328125 0.10390625
5 0.5421875 0.11953125 0.06640625 0.0875
5 0.57578125 0.2484375 0.05078125 0.084375