3 0.6375 0.3640625 0.0578125 0.08828125
3 0.65078125 0.44140625 0.0609375 0.08125
3 0.64375 0.50546875 0.0640625 0.09296875
3 0.59765625 0.50546875 0.0640625 0.0953125
3 0.6234375 0.56484375 0.0703125 0.10546875
3 0.63359375 0.6375 0.075 0.09453125
3 0.6265625 0.703125 0.08125 0.1
3 0.60546875 0.77421875 0.08046875 0.1171875
3 0.55078125 0.71171875 0.07734375 0.11328125
3 0.5421875 0.790625 0.08203125 0.10390625
4 0.68125 0.5421875 0.059375 0.09296875
4 0.59921875 0.33046875 0.065625 0.10625
5 0.54765625 0.115625 0.06796875 0.08984375
5 0.58046875 0.24765625 0.05234375 0.0859375