3 0.46875 0.70546875 0.07734375 0.1046875
3 0.4328125 0.94609375 0.065625 0.1078125
3 0.48125 0.9171875 0.09140625 0.115625
3 0.46171875 0.85 0.09609375 0.115625
3 0.57578125 0.653125 0.07109375 0.09375
3 0.571875 0.6046875 0.065625 0.0796875
3 0.6609375 0.571875 0.0609375 0.09296875
3 0.746875 0.496875 0.0578125 0.07890625
3 0.7796875 0.6515625 0.05859375 0.084375
3 0.65546875 0.42578125 0.0640625 0.0984375
3 0.6265625 0.34296875 0.0609375 0.08671875
3 0.4203125 0.36953125 0.0453125 0.0640625
3 0.3234375 0.34453125 0.0546875 0.08046875
3 0.2671875 0.36015625 0.06015625 0.08203125
4 0.46640625 0.7734375 0.059375 0.08125
5 0.553125 0.6875 0.0484375 0.075
5 0.6453125 0.675 0.04453125 0.06875