3 0.071875 0.7875 0.01796875 0.0265625
3 0.08828125 0.80078125 0.01796875 0.025
3 0.11640625 0.78203125 0.01875 0.02421875
3 0.16171875 0.7828125 0.025 0.0328125
3 0.209375 0.7203125 0.02421875 0.03359375
3 0.19375 0.69453125 0.025 0.0328125
3 0.21171875 0.6828125 0.02421875 0.028125
3 0.26328125 0.7109375 0.025 0.03515625
3 0.33359375 0.7078125 0.02578125 0.034375
3 0.32109375 0.678125 0.0265625 0.0390625
3 0.3171875 0.65546875 0.03359375 0.03671875
3 0.0859375 0.503125 0.0203125 0.02890625
3 0.115625 0.53203125 0.01796875 0.02109375
3 0.13203125 0.47890625 0.02109375 0.02421875
3 0.1546875 0.2046875 0.01875 0.03125
3 0.24609375 0.2234375 0.0265625 0.03828125
3 0.23515625 0.2625 0.0171875 0.02734375
3 0.22265625 0.2390625 0.02265625 0.02890625
3 0.3296875 0.2046875 0.01796875 0.01953125
3 0.40546875 0.2234375 0.02265625 0.03359375
3 0.284375 0.0359375 0.02421875 0.021875
3 0.3578125 0.0515625 0.0265625 0.03046875
3 0.3328125 0.059375 0.01953125 0.0265625
3 0.36953125 0.246875 0.0125 0.02109375
3 0.47265625 0.390625 0.0171875 0.0234375
3 0.41953125 0.2640625 0.01953125 0.0296875
3 0.43125 0.64765625 0.02421875 0.034375
3 0.4453125 0.646875 0.0140625 0.02890625
3 0.45859375 0.653125 0.02109375 0.0328125
3 0.47265625 0.67890625 0.01796875 0.034375
3 0.47109375 0.5875 0.0203125 0.0328125
3 0.58671875 0.52109375 0.02421875 0.04140625
3 0.659375 0.45 0.0234375 0.03828125
3 0.5734375 0.325 0.02734375 0.0359375
3 0.65 0.34921875 0.01875 0.0328125
3 0.653125 0.26875 0.02734375 0.0390625
3 0.58125 0.2171875 0.01875 0.03046875
3 0.6359375 0.15859375 0.02109375 0.0328125
3 0.7578125 0.37109375 0.02421875 0.03203125
4 0.15078125 0.7859375 0.01796875 0.03515625
5 0.18515625 0.771875 0.02109375 0.03125
5 0.1984375 0.77265625 0.0171875 0.03125
5 0.19375 0.7484375 0.01796875 0.02578125
5 0.18671875 0.71640625 0.01796875 0.0265625
5 0.28828125 0.709375 0.02265625 0.0390625
5 0.30390625 0.70625 0.0171875 0.0265625
5 0.31015625 0.7234375 0.01796875 0.02734375
5 0.41015625 0.61953125 0.015625 0.02265625
5 0.4125 0.59375 0.01328125 0.01953125
5 0.23359375 0.70625 0.0140625 0.0234375