3 0.25078125 0.259375 0.09140625 0.1390625
3 0.303125 0.31328125 0.0890625 0.1421875
3 0.40078125 0.41328125 0.08828125 0.1328125
3 0.56171875 0.275 0.065625 0.0984375
3 0.57578125 0.35703125 0.0703125 0.115625
4 0.32578125 0.40859375 0.07109375 0.10703125
4 0.553125 0.46328125 0.08515625 0.128125
4 0.47578125 0.3953125 0.0890625 0.13359375
4 0.44140625 0.57109375 0.0859375 0.12265625
5 0.225 0.521875 0.078125 0.11875
5 0.34765625 0.50078125 0.0765625 0.103125
5 0.48984375 0.44765625 0.06953125 0.096875
5 0.475 0.50234375 0.0703125 0.0953125
5 0.3109375 0.54765625 0.06484375 0.0859375
5 0.509375 0.303125 0.07421875 0.10390625
5 0.625 0.36875 0.07421875 0.121875