3 0.7921875 0.51484375 0.08046875 0.1234375
3 0.73046875 0.515625 0.07734375 0.12734375
3 0.61640625 0.515625 0.078125 0.11796875
3 0.53828125 0.271875 0.0578125 0.08671875
3 0.496875 0.3265625 0.0609375 0.1046875
4 0.678125 0.57265625 0.0625 0.0953125
4 0.4765625 0.42890625 0.075 0.11328125
4 0.56328125 0.4390625 0.07890625 0.11796875
4 0.52578125 0.60703125 0.07734375 0.10703125
5 0.71640625 0.74609375 0.06953125 0.10546875
5 0.6265625 0.628125 0.06953125 0.0890625
5 0.5328125 0.46953125 0.0625 0.084375
5 0.525 0.525 0.06328125 0.0828125
5 0.63828125 0.69609375 0.05859375 0.0734375
5 0.56953125 0.3375 0.0671875 0.090625
5 0.45390625 0.29453125 0.0640625 0.11015625