3 0.07734375 0.6609375 0.07265625 0.12578125
3 0.15234375 0.64296875 0.09296875 0.13046875
3 0.08203125 0.75 0.0734375 0.11015625
3 0.28359375 0.434375 0.075 0.1171875
3 0.271875 0.51875 0.06328125 0.08984375
3 0.4078125 0.6234375 0.06875 0.0984375
3 0.46953125 0.53359375 0.0609375 0.0953125
3 0.51640625 0.509375 0.0609375 0.096875
3 0.54921875 0.421875 0.06484375 0.09921875
3 0.484375 0.38046875 0.078125 0.10703125
3 0.646875 0.35703125 0.07109375 0.103125
3 0.70234375 0.29375 0.0875 0.11328125
3 0.8078125 0.253125 0.0859375 0.12578125
4 0.2609375 0.65 0.0453125 0.0625
4 0.38828125 0.71796875 0.05703125 0.084375
5 0.20390625 0.7453125 0.06328125 0.08203125
5 0.2953125 0.6671875 0.06015625 0.0859375
5 0.21328125 0.54921875 0.053125 0.08046875
5 0.103125 0.5375 0.04375 0.06328125
5 0.31796875 0.55234375 0.06484375 0.09140625
5 0.37734375 0.56796875 0.04765625 0.075
5 0.36640625 0.6375 0.0484375 0.06953125
5 0.553125 0.52421875 0.04296875 0.06875
5 0.68046875 0.42109375 0.04296875 0.0640625
5 0.684375 0.365625 0.05390625 0.08046875
5 0.74453125 0.334375 0.06015625 0.08671875
5 0.88515625 0.2703125 0.0515625 0.06796875
5 0.86875 0.3109375 0.05234375 0.06171875
5 0.83359375 0.34921875 0.046875 0.06640625
5 0.90625 0.340625 0.04140625 0.06953125
4 0.9421875 0.2359375 0.06171875 0.08984375