3 0.94296875 0.325 0.075 0.12890625
3 0.86484375 0.34609375 0.0953125 0.13359375
3 0.93671875 0.23125 0.075 0.11328125
3 0.73125 0.56796875 0.07734375 0.1203125
3 0.7421875 0.4796875 0.06484375 0.0921875
3 0.5984375 0.375 0.0703125 0.10078125
3 0.53671875 0.47109375 0.06171875 0.0984375
3 0.48671875 0.49765625 0.0625 0.09921875
3 0.4546875 0.58984375 0.06640625 0.10234375
3 0.5234375 0.63046875 0.08046875 0.109375
3 0.35390625 0.6609375 0.07265625 0.10546875
3 0.296875 0.72890625 0.08984375 0.115625
3 0.1875 0.77421875 0.0875 0.128125
4 0.7515625 0.3421875 0.04609375 0.0640625
4 0.6171875 0.27578125 0.0578125 0.0859375
5 0.809375 0.24140625 0.065625 0.08359375
5 0.715625 0.32578125 0.06171875 0.08828125
5 0.803125 0.44609375 0.0546875 0.0828125
5 0.91796875 0.45390625 0.0453125 0.06484375
5 0.69296875 0.44609375 0.0671875 0.09375
5 0.63203125 0.43203125 0.04921875 0.07734375
5 0.6421875 0.359375 0.05 0.071875
5 0.44921875 0.48359375 0.04375 0.0703125
5 0.31796875 0.5953125 0.04375 0.065625
5 0.3140625 0.653125 0.05546875 0.0828125
5 0.2515625 0.68828125 0.06171875 0.08828125
5 0.10703125 0.759375 0.053125 0.06953125
5 0.1234375 0.71640625 0.05390625 0.06328125
5 0.159375 0.67578125 0.0484375 0.06875
5 0.08359375 0.6875 0.04296875 0.07109375
4 0.0484375 0.79765625 0.06328125 0.09140625