3 0.10625 0.56015625 0.07421875 0.1234375
3 0.175 0.55859375 0.0921875 0.13203125
3 0.10234375 0.64140625 0.0734375 0.11015625
3 0.31171875 0.39765625 0.07578125 0.11640625
3 0.29375 0.47109375 0.0625 0.090625
3 0.40703125 0.59296875 0.06796875 0.09921875
3 0.46953125 0.5234375 0.0609375 0.0953125
3 0.51484375 0.51171875 0.06171875 0.09609375
3 0.5515625 0.43984375 0.06484375 0.09921875
3 0.496875 0.38984375 0.07734375 0.10859375
3 0.6453125 0.40078125 0.0703125 0.103125
3 0.70078125 0.3546875 0.0859375 0.115625
3 0.79921875 0.33984375 0.08515625 0.12578125
4 0.271875 0.5875 0.04453125 0.06328125
4 0.38125 0.6734375 0.05625 0.084375
5 0.2125 0.6609375 0.0625 0.08359375
5 0.3015625 0.609375 0.059375 0.08671875
5 0.23828125 0.48671875 0.053125 0.08046875
5 0.140625 0.4546875 0.04375 0.0640625
5 0.33203125 0.5109375 0.06484375 0.0921875
5 0.38359375 0.53671875 0.0484375 0.07421875
5 0.36796875 0.596875 0.0484375 0.0703125
5 0.54609375 0.53203125 0.04375 0.06796875
5 0.66953125 0.46484375 0.04296875 0.0640625
5 0.67890625 0.415625 0.05390625 0.08046875
5 0.73515625 0.39921875 0.059375 0.08671875
5 0.8671875 0.3703125 0.05078125 0.06953125
5 0.84921875 0.403125 0.05078125 0.06484375
5 0.8140625 0.43046875 0.046875 0.0671875
5 0.8796875 0.4375 0.0421875 0.06796875
4 0.92109375 0.35 0.0609375 0.08984375