3 0.12890625 0.4390625 0.02890625 0.04453125
3 0.16640625 0.21796875 0.03046875 0.0421875
3 0.2453125 0.1109375 0.0390625 0.05703125
3 0.20234375 0.26640625 0.03046875 0.0453125
3 0.24140625 0.328125 0.03203125 0.046875
3 0.17421875 0.32890625 0.02734375 0.0359375
3 0.29609375 0.41328125 0.03515625 0.053125
3 0.2859375 0.36875 0.03125 0.046875
3 0.3359375 0.4328125 0.040625 0.0578125
3 0.41328125 0.39453125 0.03984375 0.059375
3 0.384375 0.40625 0.03046875 0.046875
3 0.4640625 0.4625 0.02890625 0.0453125
3 0.48515625 0.465625 0.03125 0.046875
3 0.48515625 0.4078125 0.034375 0.05078125
3 0.50703125 0.43671875 0.0296875 0.0453125
3 0.534375 0.49609375 0.0296875 0.0453125
3 0.55078125 0.44140625 0.03125 0.04765625
3 0.57890625 0.43515625 0.03515625 0.0515625
3 0.62890625 0.44921875 0.03984375 0.05703125
3 0.63125 0.509375 0.03125 0.04296875
3 0.71328125 0.44609375 0.03984375 0.05625
3 0.72265625 0.49921875 0.03125 0.04453125
3 0.7625 0.39375 0.03125 0.05
3 0.6203125 0.75390625 0.0328125 0.0484375
3 0.6734375 0.9265625 0.03515625 0.05078125
3 0.70546875 0.93203125 0.02578125 0.04296875
4 0.40546875 0.50546875 0.02734375 0.03984375
4 0.36875 0.45546875 0.0234375 0.03203125
4 0.36796875 0.38359375 0.02578125 0.03671875
5 0.36640625 0.4125 0.025 0.03828125
5 0.3765625 0.4328125 0.025 0.03828125
5 0.390625 0.4828125 0.0265625 0.03984375
5 0.41328125 0.44921875 0.028125 0.04296875
5 0.41171875 0.47734375 0.021875 0.03359375
5 0.4453125 0.47578125 0.0203125 0.03046875
5 0.5 0.4796875 0.02421875 0.0359375
5 0.5 0.4453125 0.021875 0.03125
5 0.490625 0.425 0.02421875 0.03515625
5 0.56015625 0.47890625 0.0203125 0.03046875
5 0.59296875 0.4640625 0.025 0.03828125
5 0.6203125 0.48359375 0.025 0.0375
5 0.6515625 0.471875 0.02421875 0.0359375
4 0.68046875 0.47734375 0.0296875 0.04453125
5 0.69609375 0.459375 0.02734375 0.03984375
4 0.69296875 0.92265625 0.02734375 0.03984375
5 0.6265625 0.92890625 0.025 0.03671875
5 0.61953125 0.89375 0.02265625 0.03359375
5 0.62265625 0.8609375 0.02109375 0.03203125
5 0.59453125 0.8015625 0.021875 0.03359375
5 0.5984375 0.78359375 0.02265625 0.03359375
5 0.62265625 0.7796875 0.0203125 0.0296875
5 0.68203125 0.896875 0.02890625 0.04140625