3 0.87578125 0.86484375 0.06640625 0.090625
3 0.8171875 0.86953125 0.078125 0.1015625
3 0.78359375 0.61484375 0.0640625 0.09921875
3 0.7 0.640625 0.07890625 0.1125
3 0.7296875 0.296875 0.06171875 0.08984375
3 0.578125 0.309375 0.0640625 0.09453125
3 0.50546875 0.3078125 0.06015625 0.090625
3 0.3171875 0.4109375 0.07421875 0.11171875
3 0.40546875 0.4921875 0.0671875 0.1015625
3 0.190625 0.5140625 0.06875 0.09453125
3 0.2734375 0.534375 0.05625 0.07109375
3 0.56875 0.07734375 0.07578125 0.10546875
3 0.40859375 0.11015625 0.0640625 0.0953125
5 0.359375 0.46015625 0.0578125 0.08984375
5 0.73515625 0.6171875 0.04765625 0.06484375