3 0.8703125 0.19296875 0.0421875 0.059375
3 0.7890625 0.21171875 0.028125 0.046875
3 0.7671875 0.21796875 0.0421875 0.05625
3 0.78671875 0.0796875 0.034375 0.05234375
3 0.76171875 0.10078125 0.0375 0.05625
3 0.65859375 0.134375 0.04140625 0.05703125
3 0.625 0.23828125 0.040625 0.06015625
3 0.615625 0.13125 0.02734375 0.03984375
3 0.62578125 0.15546875 0.025 0.0375
3 0.61015625 0.16484375 0.0203125 0.03203125
3 0.590625 0.1703125 0.01953125 0.028125
3 0.55703125 0.1640625 0.028125 0.0390625
3 0.640625 0.2890625 0.02109375 0.03203125
3 0.62265625 0.2953125 0.01796875 0.028125
3 0.61015625 0.29140625 0.01640625 0.0234375
3 0.6171875 0.2765625 0.01796875 0.0265625
3 0.78515625 0.5578125 0.034375 0.04921875
3 0.7296875 0.60078125 0.03203125 0.0453125
3 0.75390625 0.709375 0.0296875 0.04296875
3 0.74453125 0.76171875 0.03984375 0.0546875
3 0.72421875 0.80703125 0.03515625 0.0453125
3 0.7203125 0.78046875 0.03125 0.046875
3 0.68515625 0.771875 0.03515625 0.05078125
3 0.65546875 0.8 0.0265625 0.0390625
3 0.63203125 0.790625 0.028125 0.0421875
3 0.609375 0.81796875 0.03671875 0.05078125
3 0.58359375 0.83359375 0.03828125 0.059375
3 0.54375 0.71328125 0.0359375 0.05546875
3 0.50625 0.74140625 0.040625 0.06328125
3 0.603125 0.67578125 0.0296875 0.04453125
3 0.609375 0.4375 0.0375 0.05625
3 0.5859375 0.459375 0.02421875 0.03671875
3 0.48671875 0.5703125 0.03828125 0.05625
3 0.4171875 0.60625 0.03515625 0.0515625
3 0.39765625 0.62265625 0.028125 0.04765625
3 0.38125 0.621875 0.034375 0.0515625
3 0.39375 0.503125 0.03671875 0.0515625
3 0.3046875 0.7125 0.04140625 0.06171875
3 0.2546875 0.7859375 0.040625 0.05859375
3 0.496875 0.93828125 0.0359375 0.0515625
5 0.7359375 0.13046875 0.0265625 0.040625
5 0.73125 0.1765625 0.02734375 0.040625
5 0.72109375 0.14765625 0.02421875 0.034375
5 0.71640625 0.12421875 0.028125 0.04140625
5 0.68828125 0.1265625 0.021875 0.03203125
5 0.5953125 0.20546875 0.03203125 0.04765625
5 0.70078125 0.34921875 0.02890625 0.04296875
5 0.69453125 0.321875 0.0296875 0.04296875
5 0.6875 0.27890625 0.02421875 0.034375
5 0.71171875 0.2390625 0.03046875 0.04375
5 0.68359375 0.43984375 0.02578125 0.040625
4 0.7625 0.3546875 0.03203125 0.04921875
5 0.90625 0.5796875 0.03828125 0.05859375
5 0.8890625 0.59609375 0.028125 0.0453125
5 0.8703125 0.6046875 0.02734375 0.03984375
5 0.8578125 0.6296875 0.03828125 0.05625
5 0.84453125 0.6015625 0.0359375 0.0578125
5 0.73515625 0.58828125 0.02890625 0.040625
5 0.71875 0.62265625 0.0234375 0.03828125
5 0.70625 0.6453125 0.0265625 0.03828125
5 0.65546875 0.6328125 0.03046875 0.0421875
5 0.7359375 0.728125 0.02421875 0.03515625