3 0.09296875 0.3390625 0.04140625 0.0578125
3 0.16015625 0.41015625 0.02734375 0.04609375
3 0.17890625 0.4296875 0.04140625 0.0546875
3 0.10078125 0.5078125 0.034375 0.05078125
3 0.128125 0.51953125 0.03671875 0.0546875
3 0.21796875 0.60390625 0.040625 0.0546875
3 0.290625 0.56328125 0.03984375 0.05859375
3 0.246875 0.65078125 0.0265625 0.0390625
3 0.25078125 0.62265625 0.025 0.03671875
3 0.26640625 0.63203125 0.01953125 0.03125
3 0.28359375 0.64921875 0.01875 0.028125
3 0.30390625 0.68828125 0.02734375 0.0375
3 0.303125 0.51171875 0.0203125 0.03125
3 0.31875 0.52578125 0.0171875 0.028125
3 0.32578125 0.5421875 0.01640625 0.02265625
3 0.3140625 0.54453125 0.0171875 0.0265625
3 0.325 0.1671875 0.03359375 0.04765625
3 0.384375 0.19453125 0.03203125 0.04375
3 0.41875 0.09140625 0.02890625 0.0421875
3 0.44921875 0.06328125 0.0390625 0.053125
3 0.48515625 0.05234375 0.03515625 0.04375
3 0.47578125 0.07578125 0.03046875 0.04609375
3 0.496875 0.11875 0.034375 0.05
3 0.53046875 0.1296875 0.02578125 0.0375
3 0.54375 0.1609375 0.028125 0.040625
3 0.57265625 0.16484375 0.0359375 0.04921875
3 0.59765625 0.18125 0.0375 0.0578125
3 0.5703125 0.309375 0.03515625 0.0546875
3 0.61015625 0.328125 0.03984375 0.0625
3 0.5109375 0.27421875 0.0296875 0.04375
3 0.39453125 0.43828125 0.03671875 0.05546875
3 0.421875 0.446875 0.0234375 0.0359375
3 0.54453125 0.47109375 0.0375 0.05546875
3 0.61171875 0.51953125 0.034375 0.05
3 0.6328125 0.528125 0.02734375 0.04765625
3 0.64453125 0.5453125 0.0328125 0.05078125
3 0.5796875 0.61796875 0.0359375 0.05
3 0.74140625 0.5609375 0.040625 0.0609375
3 0.81171875 0.56171875 0.03984375 0.05703125
3 0.709375 0.19765625 0.03515625 0.05
5 0.05390625 0.5875 0.02890625 0.040625
5 0.04140625 0.609375 0.03125 0.04140625
5 0.16015625 0.52421875 0.02578125 0.0390625
5 0.18515625 0.496875 0.0265625 0.03984375
5 0.17890625 0.528125 0.0234375 0.0328125
5 0.171875 0.55 0.02734375 0.040625
5 0.19296875 0.578125 0.021875 0.03125
5 0.29609375 0.61875 0.03125 0.046875
5 0.28828125 0.40546875 0.02890625 0.0421875
5 0.2796875 0.43125 0.02890625 0.04140625
5 0.26484375 0.4703125 0.0234375 0.0328125
5 0.228125 0.47265625 0.03046875 0.0421875
5 0.34296875 0.35859375 0.025 0.03984375
4 0.24609375 0.3359375 0.03125 0.04765625
5 0.2484375 0.02578125 0.0375 0.0515625
5 0.26875 0.03046875 0.02734375 0.04453125
5 0.2859375 0.04375 0.02734375 0.0390625
5 0.30625 0.0390625 0.03828125 0.0546875
5 0.303125 0.07265625 0.03515625 0.05703125
5 0.375 0.19765625 0.028125 0.03984375
5 0.403125 0.190625 0.02265625 0.0375
5 0.421875 0.18671875 0.02578125 0.0375
5 0.453125 0.24921875 0.0296875 0.040625
5 0.43984375 0.096875 0.0234375 0.034375