3 0.87890625 0.8375 0.04375 0.06171875
3 0.7953125 0.81484375 0.02890625 0.0484375
3 0.77265625 0.8078125 0.04375 0.059375
3 0.790625 0.9515625 0.0359375 0.05390625
3 0.76484375 0.9296875 0.0390625 0.05859375
3 0.65859375 0.890625 0.04296875 0.059375
3 0.62578125 0.78203125 0.04296875 0.06328125
3 0.6140625 0.89296875 0.028125 0.04140625
3 0.625 0.86796875 0.0265625 0.0390625
3 0.609375 0.8578125 0.02109375 0.03359375
3 0.58828125 0.8515625 0.0203125 0.0296875
3 0.5546875 0.85703125 0.0296875 0.040625
3 0.6421875 0.73046875 0.021875 0.03359375
3 0.62421875 0.72265625 0.01875 0.0296875
3 0.6109375 0.7265625 0.0171875 0.02421875
3 0.61796875 0.74140625 0.01875 0.028125
3 0.79609375 0.45625 0.03515625 0.0515625
3 0.7390625 0.41015625 0.03359375 0.046875
3 0.765625 0.2984375 0.03046875 0.0453125
3 0.75703125 0.24375 0.04140625 0.0578125
3 0.73671875 0.19609375 0.03671875 0.04765625
3 0.73203125 0.2234375 0.0328125 0.04921875
3 0.6953125 0.23125 0.0375 0.053125
3 0.665625 0.2015625 0.02734375 0.040625
3 0.640625 0.21015625 0.0296875 0.04375
3 0.61796875 0.18125 0.03828125 0.053125
3 0.59140625 0.1640625 0.040625 0.06171875
3 0.5484375 0.2875 0.0375 0.0578125
3 0.51015625 0.25703125 0.0421875 0.06640625
3 0.609375 0.328125 0.03125 0.046875
3 0.61171875 0.57578125 0.0390625 0.059375
3 0.58828125 0.5515625 0.025 0.03828125
3 0.4875 0.43359375 0.03984375 0.059375
3 0.415625 0.39375 0.03671875 0.05390625
3 0.3953125 0.3765625 0.0296875 0.05
3 0.37890625 0.3765625 0.03515625 0.05390625
3 0.38984375 0.5 0.03828125 0.05390625
3 0.30078125 0.28046875 0.04296875 0.06484375
3 0.24921875 0.20234375 0.0421875 0.0609375
3 0.503125 0.05234375 0.03671875 0.05390625
5 0.7390625 0.896875 0.028125 0.0421875
5 0.734375 0.85 0.028125 0.0421875
5 0.72421875 0.87890625 0.025 0.03515625
5 0.71875 0.903125 0.0296875 0.04296875
5 0.68984375 0.9 0.0234375 0.03359375
5 0.59453125 0.81484375 0.03359375 0.05
5 0.70546875 0.66953125 0.03046875 0.0453125
5 0.69921875 0.69765625 0.03125 0.04453125
5 0.690625 0.7421875 0.025 0.03515625
5 0.715625 0.784375 0.03203125 0.0453125
5 0.6890625 0.575 0.0265625 0.04296875
4 0.7703125 0.66640625 0.03359375 0.0515625
5 0.921875 0.4375 0.03984375 0.0609375
5 0.90390625 0.4203125 0.0296875 0.046875
5 0.88515625 0.4109375 0.02890625 0.04140625
5 0.87265625 0.384375 0.040625 0.05859375
5 0.85859375 0.4125 0.0375 0.06015625
5 0.74453125 0.42265625 0.03046875 0.0421875
5 0.728125 0.38671875 0.02421875 0.03984375
5 0.715625 0.3625 0.028125 0.040625
5 0.66328125 0.37421875 0.03125 0.04375
5 0.74765625 0.278125 0.025 0.03671875