3 0.09765625 0.63671875 0.03984375 0.0546875
3 0.165625 0.571875 0.02578125 0.04453125
3 0.184375 0.55390625 0.03984375 0.0515625
3 0.11015625 0.471875 0.03203125 0.0484375
3 0.1375 0.4625 0.03515625 0.053125
3 0.22734375 0.38671875 0.0390625 0.05234375
3 0.296875 0.43046875 0.03828125 0.05625
3 0.25703125 0.3421875 0.025 0.03671875
3 0.26015625 0.3703125 0.0234375 0.03515625
3 0.27578125 0.36171875 0.01875 0.03046875
3 0.29296875 0.34609375 0.01796875 0.0265625
3 0.3140625 0.309375 0.0265625 0.0359375
3 0.3078125 0.48203125 0.01953125 0.03046875
3 0.3234375 0.46953125 0.01640625 0.0265625
3 0.33125 0.45390625 0.015625 0.021875
3 0.31953125 0.45078125 0.01640625 0.025
3 0.31953125 0.8203125 0.03203125 0.04609375
3 0.378125 0.796875 0.03046875 0.04140625
3 0.40859375 0.9 0.02734375 0.03984375
3 0.4375 0.92890625 0.03828125 0.05078125
3 0.47265625 0.9421875 0.03359375 0.04140625
3 0.46328125 0.91953125 0.0296875 0.04453125
3 0.4859375 0.87890625 0.03359375 0.046875
3 0.51953125 0.8703125 0.025 0.0359375
3 0.53203125 0.840625 0.0265625 0.0390625
3 0.5609375 0.8390625 0.034375 0.046875
3 0.5859375 0.82421875 0.0359375 0.05546875
3 0.56328125 0.69765625 0.03359375 0.05234375
3 0.603125 0.68125 0.0375 0.059375
3 0.50390625 0.728125 0.028125 0.0421875
3 0.3953125 0.559375 0.03515625 0.053125
3 0.421875 0.553125 0.02265625 0.034375
3 0.54296875 0.5375 0.0359375 0.05234375
3 0.609375 0.4953125 0.0328125 0.04765625
3 0.63046875 0.4875 0.02578125 0.04609375
3 0.6421875 0.471875 0.03203125 0.0484375
3 0.58125 0.396875 0.034375 0.04765625
3 0.7375 0.46328125 0.0390625 0.0578125
3 0.80625 0.4671875 0.03828125 0.05390625
3 0.6953125 0.815625 0.03359375 0.04765625
5 0.06640625 0.390625 0.028125 0.0390625
5 0.05546875 0.36875 0.03046875 0.0390625
5 0.16875 0.46015625 0.025 0.0375
5 0.19296875 0.48828125 0.02578125 0.0375
5 0.1875 0.4578125 0.02265625 0.03125
5 0.18046875 0.4359375 0.0265625 0.03828125
5 0.20234375 0.41015625 0.02109375 0.0296875
5 0.3046875 0.37734375 0.0296875 0.04453125
5 0.290625 0.584375 0.02734375 0.040625
5 0.2828125 0.559375 0.028125 0.03984375
5 0.26953125 0.5203125 0.02265625 0.03125
5 0.23359375 0.515625 0.02890625 0.040625
5 0.3421875 0.634375 0.0234375 0.03828125
4 0.246875 0.65 0.0296875 0.04609375
5 0.23984375 0.9546875 0.03515625 0.0546875
5 0.26015625 0.94921875 0.02578125 0.04296875
5 0.27734375 0.9375 0.02578125 0.03671875
5 0.296875 0.94375 0.03671875 0.05234375
5 0.2953125 0.91015625 0.0328125 0.0546875
5 0.36953125 0.79296875 0.02734375 0.0375
5 0.39609375 0.80234375 0.021875 0.0359375
5 0.41484375 0.80703125 0.025 0.0359375
5 0.44609375 0.7484375 0.028125 0.0390625
5 0.42890625 0.89609375 0.02265625 0.0328125