3 0.37109375 0.28515625 0.06640625 0.09921875
3 0.2953125 0.2359375 0.0765625 0.11875
3 0.33203125 0.53515625 0.0609375 0.0859375
3 0.465625 0.56640625 0.059375 0.084375
3 0.24765625 0.56796875 0.0484375 0.07265625
3 0.06640625 0.66484375 0.0578125 0.084375
3 0.29765625 0.7171875 0.05078125 0.0671875
3 0.115625 0.4578125 0.05 0.075
4 0.4734375 0.2234375 0.05 0.06953125
4 0.4546875 0.275 0.0578125 0.0796875
4 0.33203125 0.22421875 0.05859375 0.08828125
4 0.4765625 0.31484375 0.0421875 0.0609375
5 0.0765625 0.5546875 0.0453125 0.06484375