3 0.365625 0.7859375 0.07421875 0.11171875
3 0.2828125 0.84765625 0.08671875 0.13515625
3 0.31171875 0.5125 0.06875 0.09765625
3 0.45859375 0.46484375 0.0671875 0.096875
3 0.21796875 0.484375 0.0546875 0.08203125
3 0.02265625 0.39296875 0.0453125 0.096875
3 0.265625 0.3140625 0.05625 0.078125
3 0.075 0.61796875 0.05546875 0.084375
4 0.48046875 0.8453125 0.05625 0.0796875
4 0.45859375 0.7890625 0.065625 0.090625
4 0.32421875 0.85703125 0.06640625 0.09921875
4 0.48125 0.74296875 0.04765625 0.06953125
5 0.028125 0.51484375 0.05078125 0.07578125