3 0.66328125 0.74375 0.06640625 0.09765625
3 0.74375 0.78828125 0.0765625 0.1203125
3 0.69453125 0.4828125 0.0609375 0.0859375
3 0.55625 0.46171875 0.06015625 0.084375
3 0.7796875 0.44296875 0.0484375 0.07265625
3 0.96328125 0.328125 0.05859375 0.084375
3 0.7234375 0.29296875 0.0515625 0.06875
3 0.9203125 0.5453125 0.05 0.0734375
4 0.56015625 0.81484375 0.05078125 0.07109375
4 0.57734375 0.76015625 0.05859375 0.0796875
4 0.70625 0.80234375 0.05859375 0.08828125
4 0.55390625 0.721875 0.0421875 0.0609375
5 0.95703125 0.4421875 0.0453125 0.06640625