3 0.6359375 0.7390625 0.11328125 0.171875
3 0.61015625 0.81328125 0.13515625 0.1875
3 0.52265625 0.709375 0.12578125 0.1859375
3 0.4625 0.34140625 0.13046875 0.1921875
5 0.653125 0.853125 0.0875 0.13515625
5 0.6 0.9078125 0.07421875 0.1140625
5 0.50546875 0.87734375 0.09375 0.1375
5 0.50234375 0.5515625 0.07734375 0.1125
5 0.490625 0.190625 0.0953125 0.14375
5 0.390625 0.12734375 0.09921875 0.14453125
5 0.390625 0.25078125 0.09453125 0.1359375
5 0.3578125 0.3203125 0.08984375 0.1359375
5 0.4078125 0.40859375 0.07890625 0.1140625
5 0.39375 0.34609375 0.0609375 0.096875
5 0.35234375 0.02265625 0.08125 0.0453125
5 0.3765625 0.07890625 0.06953125 0.11171875