3 0.29140625 0.50546875 0.12578125 0.18984375
3 0.265625 0.5921875 0.15078125 0.20625
3 0.38828125 0.6359375 0.1390625 0.20625
3 0.64921875 0.45859375 0.14453125 0.21171875
5 0.21171875 0.5625 0.09609375 0.15234375
5 0.2171875 0.67109375 0.0828125 0.1265625
5 0.30078125 0.77734375 0.10390625 0.15234375
5 0.49609375 0.553125 0.0859375 0.1234375
5 0.71875 0.31640625 0.10546875 0.159375
5 0.82578125 0.4046875 0.109375 0.159375
5 0.753125 0.49140625 0.1046875 0.14921875
5 0.73515625 0.58359375 0.10078125 0.15078125
5 0.646875 0.57890625 0.08828125 0.1265625
5 0.69453125 0.55390625 0.0671875 0.1078125
5 0.9359375 0.3578125 0.08984375 0.12734375
5 0.86484375 0.390625 0.07578125 0.125