3 0.334375 0.6109375 0.103125 0.153125
3 0.2953125 0.53125 0.1046875 0.134375
3 0.38984375 0.5609375 0.10078125 0.1609375
3 0.12578125 0.5953125 0.078125 0.14375
3 0.71484375 0.72265625 0.1203125 0.1875
3 0.5046875 0.45234375 0.09140625 0.14296875
3 0.58125 0.37890625 0.08125 0.10390625
3 0.378125 0.15703125 0.07265625 0.09765625
5 0.14375 0.8546875 0.071875 0.10546875
5 0.121875 0.65 0.06015625 0.1328125
5 0.2328125 0.725 0.08515625 0.1234375
5 0.29921875 0.77578125 0.0890625 0.1265625
5 0.37265625 0.71953125 0.075 0.08671875
5 0.38671875 0.66328125 0.08125 0.096875
5 0.64921875 0.80859375 0.0828125 0.1171875
5 0.69375 0.61015625 0.0859375 0.12421875
5 0.771875 0.6375 0.0671875 0.1109375
5 0.79609375 0.74140625 0.0734375 0.11328125
5 0.8875 0.7390625 0.084375 0.121875