3 0.38828125 0.76171875 0.1046875 0.15625
3 0.64921875 0.48984375 0.10078125 0.15859375
3 0.6015625 0.4453125 0.084375 0.128125
3 0.75546875 0.40546875 0.0828125 0.1234375
3 0.72109375 0.56328125 0.0796875 0.1171875
4 0.68046875 0.60625 0.08125 0.12265625
4 0.42421875 0.628125 0.08984375 0.1296875
5 0.55390625 0.59296875 0.0796875 0.11328125
5 0.4703125 0.546875 0.07421875 0.115625
5 0.51953125 0.52109375 0.06015625 0.0921875
5 0.3671875 0.50703125 0.08125 0.11484375
5 0.80625 0.45859375 0.075 0.1125
4 0.86953125 0.42578125 0.084375 0.121875
5 0.81171875 0.26953125 0.071875 0.1015625