3 0.54140625 0.21875 0.07734375 0.1140625
3 0.378125 0.59140625 0.071875 0.1203125
3 0.4296875 0.60625 0.0609375 0.0953125
3 0.3046875 0.72109375 0.0609375 0.090625
3 0.29765625 0.565625 0.059375 0.08515625
4 0.3234375 0.50703125 0.059375 0.090625
4 0.540625 0.3546875 0.0671875 0.09296875
5 0.43671875 0.45234375 0.0609375 0.0796875
5 0.5203125 0.4484375 0.05234375 0.0875
5 0.4828125 0.496875 0.04375 0.06875
5 0.61875 0.4296875 0.06171875 0.08046875
5 0.24765625 0.7015625 0.05546875 0.08203125
4 0.2 0.76328125 0.06328125 0.08671875
5 0.28671875 0.86875 0.05546875 0.07109375