3 0.43671875 0.215625 0.08984375 0.1328125
3 0.6390625 0.5703125 0.084375 0.13828125
3 0.58671875 0.5953125 0.071875 0.11015625
3 0.7265625 0.690625 0.0703125 0.10546875
3 0.7203125 0.52734375 0.06875 0.09921875
4 0.68828125 0.471875 0.06953125 0.10546875
4 0.44921875 0.35625 0.07734375 0.109375
5 0.56640625 0.4375 0.06953125 0.09453125
5 0.47890625 0.45 0.06171875 0.10078125
5 0.521875 0.49296875 0.05078125 0.0796875
5 0.375 0.44921875 0.07109375 0.0953125
5 0.78359375 0.65859375 0.0640625 0.09609375
4 0.8390625 0.7140625 0.07265625 0.10234375
5 0.7578125 0.840625 0.06328125 0.084375