3 0.68984375 0.38515625 0.01796875 0.0296875
3 0.678125 0.3765625 0.02109375 0.02578125
3 0.321875 0.8359375 0.02109375 0.03125
3 0.30078125 0.8171875 0.02265625 0.0328125
3 0.2875 0.8171875 0.0140625 0.02734375
3 0.378125 0.690625 0.0171875 0.03046875
3 0.30625 0.65 0.02421875 0.028125
3 0.265625 0.6734375 0.02265625 0.0328125
3 0.24921875 0.66953125 0.01484375 0.02578125
3 0.2828125 0.5921875 0.01796875 0.0265625
3 0.31484375 0.58984375 0.015625 0.02265625
3 0.38515625 0.57734375 0.021875 0.028125
3 0.3546875 0.61875 0.0171875 0.02421875
3 0.31484375 0.61796875 0.015625 0.021875
3 0.45546875 0.52890625 0.01953125 0.028125
3 0.2609375 0.41640625 0.02421875 0.03515625
3 0.31796875 0.353125 0.021875 0.028125
3 0.2921875 0.3453125 0.0234375 0.03125
3 0.31640625 0.33125 0.02265625 0.02421875
3 0.18203125 0.853125 0.0234375 0.0296875
3 0.12578125 0.69296875 0.0203125 0.02265625
3 0.1671875 0.65390625 0.0265625 0.0296875
3 0.09296875 0.88984375 0.01953125 0.028125
3 0.57109375 0.43046875 0.0171875 0.02734375
3 0.49921875 0.4015625 0.01640625 0.021875
3 0.490625 0.42109375 0.01171875 0.01796875
3 0.49765625 0.29375 0.01796875 0.0265625
3 0.5234375 0.271875 0.01328125 0.01796875
3 0.51953125 0.22578125 0.01640625 0.02421875
4 0.7421875 0.3625 0.01640625 0.02578125
4 0.58828125 0.434375 0.0125 0.01484375
4 0.31640625 0.728125 0.01796875 0.0265625
5 0.35390625 0.7109375 0.01484375 0.0203125
5 0.37109375 0.69921875 0.01484375 0.025
5 0.3265625 0.66875 0.015625 0.0234375
5 0.321875 0.7 0.01484375 0.0265625
5 0.3171875 0.675 0.0125 0.0171875
5 0.31015625 0.684375 0.01640625 0.021875
5 0.28359375 0.68671875 0.015625 0.02578125
5 0.27265625 0.63828125 0.01640625 0.02421875
4 0.2765625 0.625 0.01875 0.0234375
5 0.28671875 0.6203125 0.0140625 0.02109375
5 0.3 0.621875 0.01328125 0.01953125
5 0.32421875 0.59609375 0.009375 0.01796875
5 0.3328125 0.59140625 0.015625 0.0234375
5 0.2390625 0.68046875 0.0140625 0.0203125
5 0.25234375 0.70625 0.0125 0.01953125
5 0.23515625 0.71328125 0.0109375 0.01640625
5 0.215625 0.515625 0.01640625 0.0203125
5 0.2140625 0.50078125 0.01484375 0.01953125
5 0.22109375 0.48125 0.0140625 0.02265625
5 0.2359375 0.4546875 0.0171875 0.025
5 0.26015625 0.45234375 0.015625 0.0234375
5 0.24140625 0.42890625 0.01875 0.02109375
5 0.2359375 0.40859375 0.01640625 0.02578125
5 0.2515625 0.3953125 0.01484375 0.02109375
5 0.2796875 0.37734375 0.01484375 0.0171875
5 0.32578125 0.33046875 0.0140625 0.02265625
5 0.3171875 0.3140625 0.0125 0.021875
5 0.2953125 0.3109375 0.015625 0.021875
5 0.65703125 0.4328125 0.01796875 0.02734375
5 0.65234375 0.4078125 0.015625 0.01875