3 0.5109375 0.80546875 0.05390625 0.078125
3 0.47578125 0.7515625 0.0578125 0.08671875
3 0.44609375 0.7421875 0.0421875 0.0625
3 0.21328125 0.728125 0.065625 0.08359375
3 0.6765625 0.54375 0.05078125 0.08828125
3 0.73046875 0.31953125 0.0546875 0.07578125
3 0.89375 0.2796875 0.04765625 0.0625
3 0.54375 0.40703125 0.0578125 0.08125
3 0.44921875 0.42578125 0.0578125 0.08203125
3 0.41875 0.39765625 0.0390625 0.0625
3 0.5171875 0.27578125 0.046875 0.06875
3 0.2546875 0.3046875 0.06015625 0.08203125
3 0.1578125 0.35390625 0.053125 0.07265625
4 0.534375 0.5796875 0.04375 0.05859375
4 0.61796875 0.47578125 0.02890625 0.0390625
5 0.1453125 0.77734375 0.046875 0.06953125
5 0.225 0.81171875 0.04140625 0.06484375
5 0.4828125 0.8140625 0.04375 0.0640625
5 0.41640625 0.83671875 0.04921875 0.0625
5 0.65703125 0.56171875 0.03671875 0.0578125
5 0.61953125 0.57421875 0.0359375 0.05234375
5 0.5515625 0.52109375 0.0453125 0.0578125
5 0.57734375 0.46484375 0.0359375 0.0578125
5 0.55546875 0.46796875 0.03046875 0.04375
5 0.4828125 0.46484375 0.0375 0.0515625
5 0.478125 0.36171875 0.04375 0.06875
4 0.4875 0.328125 0.03671875 0.05
5 0.39140625 0.4203125 0.03984375 0.05859375
5 0.5390625 0.3453125 0.03515625 0.046875
5 0.5140625 0.33515625 0.034375 0.05
5 0.59765625 0.31484375 0.025 0.04140625
5 0.61875 0.3078125 0.0359375 0.05390625
5 0.6484375 0.39375 0.03359375 0.05
5 0.403125 0.0609375 0.0375 0.0609375
5 0.40390625 0.03125 0.0359375 0.05