3 0.09609375 0.70390625 0.0546875 0.07734375
3 0.1859375 0.65234375 0.053125 0.075
3 0.22265625 0.6609375 0.05078125 0.0765625
3 0.2515625 0.72109375 0.0484375 0.065625
3 0.29453125 0.7234375 0.0515625 0.0796875
3 0.2703125 0.67578125 0.04296875 0.05625
3 0.41015625 0.8640625 0.04921875 0.07734375
3 0.484375 0.771875 0.0578125 0.07890625
3 0.58515625 0.77421875 0.05625 0.08125
3 0.34140625 0.16875 0.05390625 0.08046875
3 0.35078125 0.2390625 0.05234375 0.0765625
3 0.42265625 0.16171875 0.0671875 0.09921875
3 0.89609375 0.578125 0.06484375 0.0953125
5 0.0265625 0.753125 0.03046875 0.04765625
5 0.0640625 0.74296875 0.0390625 0.0546875
5 0.08828125 0.76640625 0.03828125 0.06171875
5 0.0390625 0.67265625 0.03203125 0.05234375
5 0.1671875 0.7265625 0.03203125 0.046875
5 0.17578125 0.759375 0.034375 0.0515625
5 0.2109375 0.78984375 0.034375 0.0484375
5 0.215625 0.73046875 0.03203125 0.0484375
5 0.25078125 0.85078125 0.03046875 0.0359375
5 0.23125 0.846875 0.028125 0.0296875
4 0.4671875 0.82265625 0.046875 0.071875
4 0.4828125 0.20703125 0.040625 0.06328125
5 0.4359375 0.33828125 0.03828125 0.0546875
5 0.45078125 0.3609375 0.0390625 0.059375
5 0.5015625 0.35703125 0.0328125 0.04609375
5 0.425 0.2734375 0.03984375 0.059375
5 0.69921875 0.37734375 0.03203125 0.04609375
5 0.7359375 0.3765625 0.0328125 0.04765625
5 0.72734375 0.34140625 0.034375 0.04921875
5 0.71796875 0.30546875 0.0203125 0.040625
5 0.740625 0.30234375 0.0359375 0.05078125
5 0.76953125 0.35625 0.0296875 0.04609375
5 0.7984375 0.39296875 0.02734375 0.03828125
5 0.80390625 0.36953125 0.03828125 0.04921875