3 0.24453125 0.94609375 0.06484375 0.096875
3 0.26796875 0.915625 0.0421875 0.071875
3 0.28359375 0.9703125 0.06484375 0.05859375
3 0.37109375 0.76640625 0.06953125 0.10390625
3 0.38125 0.73125 0.05078125 0.0828125
3 0.39765625 0.69921875 0.06484375 0.0921875
3 0.37890625 0.634375 0.06171875 0.08671875
3 0.43359375 0.65078125 0.0609375 0.08671875
3 0.47890625 0.66796875 0.06796875 0.1015625
3 0.46328125 0.603125 0.06875 0.1
3 0.69453125 0.4546875 0.05546875 0.0859375
3 0.5421875 0.2078125 0.07109375 0.10546875
3 0.57578125 0.25234375 0.05390625 0.08046875
3 0.5375 0.32421875 0.0578125 0.0828125
3 0.25390625 0.36875 0.078125 0.115625
3 0.43203125 0.07109375 0.06484375 0.09609375
3 0.4578125 0.03203125 0.05390625 0.0640625
3 0.5171875 0.06015625 0.06171875 0.090625
3 0.5140625 0.01953125 0.05234375 0.03828125
3 0.49375 0.00859375 0.04765625 0.0171875
5 0.26640625 0.44609375 0.04453125 0.06875
4 0.4421875 0.70546875 0.05078125 0.07421875
4 0.4546875 0.146875 0.0546875 0.078125
4 0.47265625 0.1578125 0.05078125 0.075
5 0.44296875 0.11484375 0.046875 0.0609375
5 0.48984375 0.03125 0.046875 0.06171875