3 0.16640625 0.484375 0.053125 0.078125
3 0.1921875 0.490625 0.0328125 0.06015625
3 0.16953125 0.54453125 0.05390625 0.0703125
3 0.31484375 0.5140625 0.05703125 0.084375
3 0.33515625 0.50546875 0.040625 0.06875
3 0.35859375 0.50390625 0.053125 0.07421875
3 0.37734375 0.45078125 0.05078125 0.06953125
3 0.39921875 0.5140625 0.05 0.06875
3 0.41640625 0.56875 0.05546875 0.0828125
3 0.43671875 0.51796875 0.05625 0.08125
3 0.628125 0.66953125 0.04453125 0.07109375
3 0.65546875 0.38359375 0.05859375 0.08515625
3 0.65390625 0.440625 0.04453125 0.065625
3 0.60078125 0.44140625 0.04765625 0.06640625
3 0.428125 0.1828125 0.0640625 0.09375
3 0.65625 0.2 0.053125 0.078125
3 0.68984375 0.20234375 0.0453125 0.05546875
3 0.70703125 0.27890625 0.05078125 0.07265625
3 0.7328125 0.24375 0.04296875 0.06171875
3 0.7265625 0.2171875 0.04140625 0.04296875
5 0.4 0.23671875 0.0359375 0.05625
4 0.3796875 0.55234375 0.04140625 0.059375
4 0.63515625 0.26328125 0.04453125 0.06328125
4 0.63984375 0.2875 0.04140625 0.06015625
5 0.64296875 0.234375 0.03984375 0.046875
5 0.7078125 0.23359375 0.03828125 0.05703125