3 0.18359375 0.44921875 0.084375 0.121875
3 0.1609375 0.33984375 0.06875 0.10390625
3 0.20078125 0.371875 0.08359375 0.128125
3 0.2109375 0.2828125 0.0796875 0.11796875
3 0.25546875 0.42265625 0.07109375 0.10625
3 0.271875 0.49453125 0.06484375 0.1046875
3 0.315625 0.4296875 0.07578125 0.1125
3 0.346875 0.365625 0.08203125 0.11875
3 0.3390625 0.25 0.09140625 0.13203125
3 0.4109375 0.51484375 0.07734375 0.115625
3 0.42421875 0.4578125 0.071875 0.10546875
3 0.46875 0.4921875 0.0625 0.09375
5 0.29375 0.33515625 0.0609375 0.0828125
5 0.3296875 0.28984375 0.06171875 0.08515625