3 0.2234375 0.3453125 0.06953125 0.096875
3 0.1734375 0.42109375 0.05546875 0.084375
3 0.215625 0.41953125 0.0671875 0.10390625
3 0.1984375 0.5 0.06484375 0.09453125
3 0.27578125 0.41328125 0.0578125 0.08515625
3 0.309375 0.36328125 0.05078125 0.08671875
3 0.3265625 0.4453125 0.06171875 0.090625
3 0.334375 0.51796875 0.06640625 0.0953125
3 0.29609375 0.60859375 0.07421875 0.10546875
3 0.4296875 0.4359375 0.0625 0.09296875
3 0.42421875 0.49140625 0.05859375 0.084375
3 0.47109375 0.49140625 0.05 0.07578125
5 0.28203125 0.509375 0.05078125 0.06484375
5 0.2984375 0.56953125 0.0515625 0.0671875