3 0.2265625 0.37421875 0.02734375 0.0375
3 0.25390625 0.3875 0.0203125 0.028125
3 0.26796875 0.38359375 0.01875 0.028125
3 0.27265625 0.40703125 0.0234375 0.0296875
3 0.25390625 0.42578125 0.025 0.03359375
3 0.2953125 0.390625 0.01796875 0.02734375
3 0.303125 0.3828125 0.021875 0.040625
3 0.3203125 0.371875 0.025 0.0296875
3 0.37265625 0.53984375 0.02109375 0.03203125
3 0.425 0.53515625 0.02734375 0.0359375
3 0.38828125 0.62109375 0.01875 0.02734375
3 0.36015625 0.640625 0.02578125 0.0328125
3 0.44140625 0.759375 0.02578125 0.03671875
3 0.4671875 0.71796875 0.02421875 0.0359375
3 0.46015625 0.696875 0.02421875 0.03671875
3 0.42421875 0.48671875 0.02421875 0.03671875
3 0.45625 0.47109375 0.0265625 0.03515625
3 0.484375 0.49765625 0.02109375 0.02890625
3 0.21328125 0.68671875 0.025 0.04140625
3 0.19921875 0.69609375 0.01640625 0.02109375
3 0.20234375 0.6765625 0.01796875 0.02734375
3 0.23046875 0.74296875 0.02265625 0.03125
3 0.25 0.7359375 0.01796875 0.021875
3 0.26953125 0.76796875 0.01640625 0.025
3 0.27109375 0.721875 0.02109375 0.03125
3 0.30703125 0.77109375 0.02109375 0.03046875
3 0.31875 0.7515625 0.01953125 0.028125
3 0.32578125 0.7703125 0.0171875 0.028125
3 0.3046875 0.75390625 0.0109375 0.015625
3 0.32578125 0.053125 0.028125 0.040625
3 0.3484375 0.04296875 0.02734375 0.0359375
3 0.43046875 0.09921875 0.02421875 0.0375
3 0.440625 0.1078125 0.015625 0.02890625
3 0.45390625 0.11328125 0.0234375 0.034375
4 0.24765625 0.75390625 0.0171875 0.02578125
4 0.2625 0.75 0.015625 0.02421875
4 0.1890625 0.71875 0.015625 0.021875
4 0.18203125 0.7 0.0171875 0.01640625
4 0.1859375 0.68828125 0.0171875 0.0234375
4 0.23203125 0.45390625 0.0203125 0.03125
4 0.2484375 0.36953125 0.0171875 0.02734375
5 0.28203125 0.44453125 0.02109375 0.03125
5 0.28203125 0.38125 0.01953125 0.03046875
5 0.3078125 0.453125 0.01328125 0.01953125
5 0.2671875 0.690625 0.015625 0.0234375
5 0.26484375 0.67265625 0.01328125 0.02265625
5 0.27421875 0.6765625 0.0140625 0.02109375
5 0.2828125 0.76796875 0.015625 0.025
5 0.43671875 0.1421875 0.01640625 0.02421875
5 0.453125 0.16796875 0.0203125 0.02890625
5 0.453125 0.18515625 0.01875 0.02578125