3 0.22578125 0.5625 0.0265625 0.03671875
3 0.25390625 0.55703125 0.01953125 0.02734375
3 0.2640625 0.5453125 0.01796875 0.02734375
3 0.275 0.5625 0.02265625 0.02890625
3 0.2640625 0.590625 0.025 0.0328125
3 0.290625 0.53359375 0.01796875 0.02578125
3 0.2953125 0.52265625 0.021875 0.0390625
3 0.30703125 0.5015625 0.02421875 0.02890625
3 0.39921875 0.615625 0.0203125 0.03125
3 0.44375 0.57890625 0.0265625 0.03515625
3 0.43515625 0.67734375 0.01796875 0.0265625
3 0.41640625 0.71171875 0.025 0.03203125
3 0.5203125 0.7640625 0.025 0.03515625
3 0.53125 0.7125 0.0234375 0.03515625
3 0.51875 0.6984375 0.02421875 0.0359375
3 0.4296875 0.5375 0.0234375 0.0359375
3 0.453125 0.50390625 0.02578125 0.034375
3 0.48515625 0.51015625 0.0203125 0.028125
3 0.30078125 0.84375 0.02421875 0.040625
3 0.29140625 0.86015625 0.01640625 0.0203125
3 0.28828125 0.84140625 0.0171875 0.0265625
3 0.33203125 0.88203125 0.021875 0.03046875
3 0.346875 0.86328125 0.0171875 0.02109375
3 0.37265625 0.87890625 0.015625 0.02421875
3 0.3609375 0.83828125 0.0203125 0.03046875
3 0.40703125 0.85859375 0.0203125 0.0296875
3 0.41171875 0.834375 0.01875 0.028125
3 0.421875 0.84609375 0.0171875 0.02734375
3 0.39921875 0.8453125 0.0109375 0.015625
3 0.2234375 0.22109375 0.02734375 0.03984375
3 0.240625 0.19765625 0.0265625 0.03515625
3 0.328125 0.19609375 0.02421875 0.03671875
3 0.3390625 0.196875 0.01484375 0.028125
3 0.3515625 0.19375 0.02265625 0.0328125
4 0.34921875 0.88125 0.0171875 0.025
4 0.36171875 0.86796875 0.015625 0.0234375
4 0.28828125 0.88671875 0.015625 0.021875
4 0.278125 0.87421875 0.01640625 0.015625
4 0.278125 0.86171875 0.01640625 0.02265625
4 0.253125 0.62890625 0.0203125 0.03046875
4 0.24375 0.54453125 0.01640625 0.0265625
5 0.29375 0.5890625 0.02109375 0.03046875
5 0.27578125 0.534375 0.01953125 0.0296875
5 0.31953125 0.58046875 0.01328125 0.01875
5 0.3484375 0.81328125 0.01484375 0.0234375
5 0.3421875 0.7984375 0.0125 0.021875
5 0.35078125 0.796875 0.01328125 0.0203125
5 0.384375 0.8703125 0.015625 0.02421875
5 0.34453125 0.2296875 0.015625 0.0234375
5 0.36640625 0.24140625 0.0203125 0.028125
5 0.37109375 0.25703125 0.01796875 0.025