3 0.7484375 0.725 0.03046875 0.04296875
3 0.72421875 0.703125 0.021875 0.03203125
3 0.71015625 0.7015625 0.02109375 0.03203125
3 0.709375 0.67734375 0.025 0.034375
3 0.73046875 0.665625 0.02734375 0.03828125
3 0.684375 0.68515625 0.0203125 0.0296875
3 0.67578125 0.68984375 0.02578125 0.04296875
3 0.6578125 0.69453125 0.0265625 0.03515625
3 0.6328125 0.5140625 0.0234375 0.03515625
3 0.58203125 0.5 0.0296875 0.04140625
3 0.63046875 0.4296875 0.0203125 0.03046875
3 0.6609375 0.42109375 0.028125 0.03828125
3 0.60078125 0.27734375 0.028125 0.04140625
3 0.56953125 0.3078125 0.02734375 0.040625
3 0.5734375 0.33125 0.02734375 0.04140625
3 0.575 0.546875 0.02734375 0.040625
3 0.54140625 0.5515625 0.02890625 0.040625
3 0.51875 0.51484375 0.02265625 0.0328125
3 0.81015625 0.428125 0.028125 0.0453125
3 0.825 0.42421875 0.01796875 0.025
3 0.81953125 0.44140625 0.01953125 0.03046875
3 0.80234375 0.3671875 0.025 0.0359375
3 0.78203125 0.36796875 0.01953125 0.02578125
3 0.76875 0.3296875 0.01796875 0.02734375
3 0.76015625 0.3734375 0.0234375 0.03515625
3 0.73203125 0.31328125 0.0234375 0.034375
3 0.71796875 0.328125 0.021875 0.03203125
3 0.71484375 0.3078125 0.01953125 0.03046875
3 0.7328125 0.33046875 0.0125 0.01796875
3 0.603125 0.9890625 0.03125 0.021875
3 0.57890625 0.990625 0.0296875 0.01796875
3 0.50859375 0.91875 0.02734375 0.04140625
3 0.5 0.90703125 0.01875 0.03125
3 0.48828125 0.896875 0.02578125 0.03828125
4 0.7875 0.35078125 0.01953125 0.028125
4 0.77265625 0.34921875 0.01796875 0.02734375
4 0.8390625 0.40546875 0.0171875 0.025
4 0.8421875 0.42578125 0.0171875 0.0203125
4 0.83671875 0.4359375 0.01875 0.0265625
4 0.75546875 0.64609375 0.02265625 0.034375
4 0.7265625 0.721875 0.01953125 0.03046875
5 0.70546875 0.6375 0.0234375 0.03515625
5 0.69609375 0.69921875 0.021875 0.03359375
5 0.68203125 0.6203125 0.01484375 0.021875
5 0.759375 0.40546875 0.0171875 0.0265625
5 0.75859375 0.4234375 0.01484375 0.02421875
5 0.75 0.41640625 0.015625 0.0234375
5 0.75546875 0.325 0.01796875 0.02734375
5 0.509375 0.87578125 0.01796875 0.02734375
5 0.49765625 0.8453125 0.02265625 0.0328125
5 0.50078125 0.828125 0.0203125 0.02890625