3 0.20546875 0.16015625 0.0890625 0.1265625
3 0.21953125 0.0703125 0.10859375 0.12890625
3 0.27265625 0.15234375 0.09140625 0.15546875
3 0.30703125 0.24453125 0.07578125 0.12109375
3 0.37421875 0.23203125 0.10546875 0.140625
3 0.3984375 0.3203125 0.0875 0.1359375
3 0.390625 0.4390625 0.0890625 0.1359375
3 0.5984375 0.6453125 0.0875 0.12890625
3 0.54296875 0.60625 0.053125 0.0859375
3 0.628125 0.4875 0.0828125 0.1234375
3 0.69765625 0.46796875 0.11015625 0.171875
3 0.575 0.353125 0.075 0.125
3 0.6171875 0.3765625 0.08828125 0.14375
3 0.5453125 0.41640625 0.096875 0.1359375
3 0.62578125 0.7734375 0.09453125 0.146875
5 0.1640625 0.18359375 0.06875 0.11015625
5 0.38125 0.1109375 0.07734375 0.1140625
5 0.48828125 0.4109375 0.05546875 0.096875
5 0.48984375 0.559375 0.053125 0.0671875