3 0.5703125 0.621875 0.059375 0.09609375
3 0.53515625 0.61171875 0.07578125 0.1140625
3 0.59453125 0.759375 0.06484375 0.1
3 0.6 0.384375 0.06328125 0.0921875
3 0.546875 0.3375 0.06796875 0.10234375
3 0.51953125 0.43671875 0.0640625 0.09609375
5 0.665625 0.4296875 0.0625 0.09609375
5 0.646875 0.3390625 0.065625 0.09296875
4 0.6359375 0.7609375 0.0515625 0.07734375
5 0.6390625 0.80625 0.06640625 0.09453125
5 0.471875 0.4578125 0.05546875 0.0828125
5 0.4625 0.37265625 0.04921875 0.0734375
5 0.33203125 0.54453125 0.0578125 0.0875
5 0.3 0.578125 0.0578125 0.084375
5 0.27109375 0.546875 0.05859375 0.090625