3 0.7109375 0.4375 0.1265625 0.190625
3 0.6140625 0.4625 0.125 0.1859375
3 0.55859375 0.5671875 0.10234375 0.1546875
3 0.590625 0.58984375 0.11640625 0.1703125
3 0.33984375 0.2796875 0.0875 0.13125
3 0.34296875 0.40625 0.0734375 0.1265625
3 0.55859375 0.3265625 0.09765625 0.146875
5 0.7015625 0.48046875 0.10078125 0.146875
5 0.7453125 0.5671875 0.0890625 0.1265625
5 0.5375 0.675 0.09296875 0.13515625
5 0.48125 0.7390625 0.0921875 0.14140625
5 0.50859375 0.49609375 0.09453125 0.14609375
5 0.4796875 0.5921875 0.07734375 0.11328125
5 0.421875 0.50859375 0.075 0.1078125
5 0.43984375 0.5703125 0.10234375 0.13046875
5 0.44453125 0.37578125 0.10390625 0.15546875
5 0.378125 0.440625 0.09921875 0.1453125
5 0.38828125 0.346875 0.084375 0.1109375