3 0.15390625 0.7953125 0.06328125 0.11640625
3 0.271875 0.675 0.078125 0.1046875
3 0.26796875 0.81484375 0.0796875 0.1140625
3 0.2671875 0.865625 0.07109375 0.09765625
3 0.4046875 0.653125 0.0765625 0.11875
3 0.45859375 0.68671875 0.06796875 0.0984375
3 0.43359375 0.5359375 0.08046875 0.11875
3 0.53359375 0.55390625 0.07265625 0.103125
3 0.5640625 0.59921875 0.06875 0.1
3 0.58125 0.684375 0.071875 0.11015625
3 0.64375 0.67265625 0.07734375 0.11015625
3 0.60546875 0.50234375 0.06640625 0.090625
3 0.64609375 0.3921875 0.0796875 0.11640625
3 0.6921875 0.47890625 0.09921875 0.1421875
3 0.73828125 0.5671875 0.07421875 0.1140625
3 0.78984375 0.5125 0.08359375 0.128125
4 0.2921875 0.925 0.065625 0.096875
4 0.49375 0.74296875 0.0703125 0.1078125
4 0.5390625 0.7625 0.071875 0.1078125
5 0.5796875 0.325 0.06796875 0.09765625