3 0.9 0.6390625 0.04921875 0.1125
3 0.7609375 0.571875 0.071875 0.0875
3 0.79140625 0.70703125 0.071875 0.0984375
3 0.80234375 0.75625 0.065625 0.08203125
3 0.6265625 0.6078125 0.065625 0.10703125
3 0.58046875 0.66484375 0.0609375 0.08515625
3 0.57578125 0.50546875 0.07109375 0.10390625
3 0.48125 0.56640625 0.065625 0.08828125
3 0.46015625 0.62421875 0.06171875 0.08671875
3 0.459375 0.715625 0.0625 0.0984375
3 0.39609375 0.73046875 0.0703125 0.09453125
3 0.40078125 0.54765625 0.06171875 0.0765625
3 0.33984375 0.45703125 0.07109375 0.1015625
3 0.31171875 0.56171875 0.0890625 0.121875
3 0.2828125 0.66796875 0.06484375 0.1015625
3 0.221875 0.63671875 0.07265625 0.1140625
4 0.78984375 0.82578125 0.05859375 0.084375
4 0.55703125 0.734375 0.0609375 0.09609375
4 0.51640625 0.7734375 0.06328125 0.0953125
5 0.3921875 0.3625 0.0609375 0.084375