3 0.759375 0.13203125 0.140625 0.2140625
3 0.6921875 0.0609375 0.16484375 0.12109375
3 0.6828125 0.20625 0.13046875 0.20234375
3 0.578125 0.16953125 0.13984375 0.20859375
3 0.56171875 0.4453125 0.15078125 0.225
3 0.484375 0.33515625 0.14765625 0.21171875
3 0.4578125 0.69765625 0.115625 0.21015625
3 0.3734375 0.68828125 0.134375 0.20625
3 0.35859375 0.8046875 0.14140625 0.1890625
5 0.78125 0.259375 0.09375 0.13515625
5 0.70234375 0.371875 0.1046875 0.15234375
5 0.75078125 0.31796875 0.1109375 0.153125
5 0.66640625 0.57109375 0.12265625 0.184375
5 0.678125 0.65703125 0.1203125 0.13828125
5 0.52421875 0.7625 0.109375 0.1625