3 0.903125 0.3 0.03125 0.0609375
3 0.80625 0.228125 0.03515625 0.05078125
3 0.8359375 0.16953125 0.03046875 0.03984375
3 0.83359375 0.22421875 0.03125 0.04765625
3 0.52890625 0.40703125 0.02890625 0.04140625
3 0.48828125 0.42265625 0.02578125 0.04453125
3 0.60703125 0.68203125 0.0328125 0.05234375
3 0.58359375 0.7015625 0.0328125 0.04765625
3 0.49453125 0.72578125 0.040625 0.05234375
3 0.478125 0.69375 0.03515625 0.0453125
3 0.40546875 0.759375 0.03515625 0.0453125
3 0.4 0.73125 0.02890625 0.0328125
3 0.4109375 0.81328125 0.03359375 0.053125
4 0.61328125 0.39296875 0.03671875 0.06015625
4 0.60859375 0.45 0.0390625 0.0515625
4 0.5796875 0.4453125 0.03203125 0.053125
4 0.4890625 0.65 0.028125 0.04375
4 0.36796875 0.809375 0.03046875 0.0453125
4 0.32421875 0.765625 0.040625 0.0625
5 0.39921875 0.4390625 0.03203125 0.04296875
5 0.44609375 0.434375 0.0265625 0.0375
4 0.45234375 0.46953125 0.0390625 0.0546875