3 0.92734375 0.384375 0.0265625 0.0578125
3 0.83671875 0.290625 0.03203125 0.0453125
3 0.871875 0.23828125 0.028125 0.034375
3 0.86484375 0.29296875 0.028125 0.04296875
3 0.53828125 0.41171875 0.0265625 0.0375
3 0.49609375 0.41953125 0.02265625 0.040625
3 0.59140625 0.70703125 0.0296875 0.04765625
3 0.565625 0.72109375 0.0296875 0.04296875
3 0.4734375 0.7265625 0.0375 0.04609375
3 0.459375 0.690625 0.0328125 0.03984375
3 0.3796875 0.74140625 0.03203125 0.03984375
3 0.3765625 0.71171875 0.02734375 0.028125
3 0.38046875 0.796875 0.0296875 0.0484375
4 0.62578125 0.415625 0.0328125 0.0546875
4 0.61484375 0.471875 0.0359375 0.0453125
4 0.58671875 0.46171875 0.028125 0.0484375
4 0.47421875 0.6484375 0.02578125 0.03984375
4 0.33671875 0.78359375 0.028125 0.040625
4 0.296875 0.7296875 0.03671875 0.05625
5 0.40390625 0.415625 0.02890625 0.03828125
5 0.45234375 0.421875 0.02421875 0.03359375
4 0.45546875 0.45859375 0.0359375 0.04921875