3 0.11875 0.31953125 0.0390625 0.06484375
3 0.165625 0.45625 0.0390625 0.0578125
3 0.12109375 0.4765625 0.0328125 0.046875
3 0.14296875 0.4359375 0.0359375 0.05390625
3 0.44609375 0.5546875 0.0328125 0.04765625
3 0.4828125 0.5765625 0.03046875 0.0484375
3 0.4890625 0.27734375 0.03828125 0.05859375
3 0.5140625 0.2828125 0.0375 0.05546875
3 0.59140625 0.33984375 0.04453125 0.0625
3 0.5921875 0.378125 0.03828125 0.05390625
3 0.67265625 0.3890625 0.03828125 0.05390625
3 0.66640625 0.415625 0.03046875 0.040625
3 0.6890625 0.34296875 0.03828125 0.059375
4 0.37578125 0.49375 0.04296875 0.06640625
4 0.40078125 0.4546875 0.04296875 0.0609375
4 0.42109375 0.48125 0.0375 0.05859375
4 0.56796875 0.40234375 0.0328125 0.05
4 0.7203125 0.3828125 0.03515625 0.0515625
4 0.7375 0.453125 0.046875 0.0703125
5 0.55703125 0.640625 0.03515625 0.05078125
5 0.51953125 0.60390625 0.0296875 0.04375
4 0.52734375 0.57109375 0.04375 0.0640625