3 0.81796875 0.265625 0.1171875 0.18046875
3 0.775 0.13828125 0.1484375 0.140625
3 0.73125 0.30234375 0.1078125 0.171875
3 0.63984375 0.22109375 0.1171875 0.175
3 0.5703125 0.475 0.1265625 0.18828125
3 0.51796875 0.3359375 0.125 0.175
3 0.42265625 0.6671875 0.090625 0.18515625
3 0.34375 0.621875 0.11171875 0.17421875
3 0.30703125 0.725 0.121875 0.153125
5 0.8140625 0.39609375 0.0796875 0.1125
5 0.7171875 0.46796875 0.08828125 0.1265625
5 0.7734375 0.43828125 0.09453125 0.125
5 0.64453125 0.63984375 0.103125 0.15390625
5 0.63828125 0.7265625 0.10859375 0.1046875
5 0.471875 0.75859375 0.0921875 0.13515625