3 0.653125 0.33828125 0.08203125 0.11484375
3 0.67890625 0.4015625 0.065625 0.08671875
3 0.68828125 0.74453125 0.078125 0.11640625
3 0.609375 0.56640625 0.0765625 0.1140625
3 0.55234375 0.63203125 0.05234375 0.08203125
3 0.51953125 0.4875 0.0765625 0.11875
3 0.54375 0.334375 0.059375 0.0953125
3 0.3203125 0.465625 0.0734375 0.103125
3 0.2921875 0.41171875 0.08359375 0.1125
3 0.04140625 0.45703125 0.0828125 0.1203125
5 0.64765625 0.73828125 0.05625 0.084375
5 0.609375 0.7609375 0.05859375 0.0859375
5 0.59765625 0.69140625 0.05703125 0.0859375
5 0.61171875 0.61015625 0.05390625 0.078125
5 0.528125 0.6609375 0.0515625 0.07734375
5 0.4546875 0.65234375 0.065625 0.0953125
5 0.68359375 0.66171875 0.0359375 0.05625
5 0.67421875 0.47421875 0.05234375 0.07578125
5 0.621875 0.44453125 0.053125 0.07734375
5 0.60390625 0.484375 0.05625 0.08203125
5 0.61796875 0.30078125 0.04375 0.0671875
5 0.62890625 0.25234375 0.05078125 0.07578125
5 0.60390625 0.21484375 0.05 0.0734375
5 0.6734375 0.140625 0.0453125 0.075
5 0.52421875 0.209375 0.0484375 0.06875
5 0.39921875 0.41015625 0.059375 0.08828125
5 0.3546875 0.4203125 0.05625 0.0859375
5 0.36796875 0.365625 0.0578125 0.084375
5 0.33125 0.34453125 0.05859375 0.08359375
5 0.3578125 0.5859375 0.05703125 0.08359375
5 0.30390625 0.53046875 0.0703125 0.1078125
5 0.4171875 0.4546875 0.04921875 0.07109375
5 0.3 0.1890625 0.05 0.0640625
4 0.61875 0.1453125 0.059375 0.08671875
4 0.653125 0.1453125 0.0515625 0.075