3 0.32421875 0.5828125 0.06875 0.08984375
3 0.31953125 0.50546875 0.05703125 0.06484375
3 0.41796875 0.18125 0.06484375 0.09296875
3 0.43515625 0.4015625 0.0640625 0.0921875
3 0.509375 0.38046875 0.040625 0.06953125
3 0.49375 0.53828125 0.0609375 0.09765625
3 0.42421875 0.6625 0.04609375 0.0796875
3 0.671875 0.69765625 0.06328125 0.08125
3 0.68125 0.76640625 0.07265625 0.08203125
3 0.928125 0.90078125 0.0734375 0.09296875
5 0.453125 0.215625 0.04609375 0.06875
5 0.49609375 0.22109375 0.04921875 0.0671875
5 0.48515625 0.29375 0.046875 0.06953125
5 0.446875 0.359375 0.04375 0.0640625
5 0.53984375 0.3703125 0.040625 0.0640625
5 0.6046875 0.43046875 0.05390625 0.078125
5 0.39609375 0.2609375 0.0296875 0.046875
5 0.346875 0.44140625 0.04296875 0.0609375
5 0.3859375 0.50546875 0.04375 0.0625
5 0.41484375 0.48125 0.046875 0.0671875
5 0.3453125 0.6421875 0.03515625 0.05625
5 0.31953125 0.67890625 0.040625 0.0609375
5 0.33125 0.73125 0.040625 0.0609375
5 0.24296875 0.7515625 0.03359375 0.06484375
5 0.403125 0.79140625 0.03984375 0.05390625
5 0.58203125 0.69375 0.04921875 0.07109375
5 0.62578125 0.71484375 0.046875 0.06953125
5 0.596875 0.75625 0.0484375 0.06640625
5 0.62421875 0.80234375 0.04921875 0.06484375
5 0.675 0.559375 0.04765625 0.0671875
5 0.7078125 0.6484375 0.05703125 0.08828125
5 0.578125 0.6390625 0.040625 0.05546875
5 0.60390625 0.9671875 0.0453125 0.0453125
4 0.29609375 0.78515625 0.04921875 0.06953125
4 0.26328125 0.7609375 0.04296875 0.05859375