3 0.24375 0.53046875 0.05625 0.0734375
3 0.25625 0.46015625 0.0671875 0.09921875
3 0.32578125 0.6578125 0.059375 0.0859375
3 0.2859375 0.8234375 0.0671875 0.078125
3 0.384375 0.703125 0.046875 0.0671875
3 0.396875 0.575 0.0640625 0.0953125
3 0.35078125 0.43359375 0.05078125 0.0796875
3 0.36875 0.07109375 0.059375 0.08359375
3 0.56953125 0.490625 0.0578125 0.09453125
3 0.59140625 0.54140625 0.053125 0.08671875
3 0.81171875 0.41640625 0.0671875 0.1015625
3 0.58125 0.4359375 0.06953125 0.07578125
4 0.234375 0.29140625 0.04375 0.0671875
4 0.26171875 0.2828125 0.04765625 0.07109375
5 0.2125 0.3 0.0328125 0.046875
5 0.26484375 0.384375 0.04375 0.0625
5 0.2828125 0.425 0.040625 0.0609375
5 0.28671875 0.3453125 0.03828125 0.05625
5 0.321875 0.32890625 0.03671875 0.0578125
5 0.35625 0.31484375 0.04765625 0.06640625
5 0.35234375 0.38203125 0.0484375 0.06484375
5 0.4921875 0.4671875 0.04921875 0.07109375
5 0.48203125 0.50859375 0.0421875 0.0609375
5 0.53203125 0.46640625 0.04296875 0.06953125
5 0.5125 0.4171875 0.04921875 0.075
5 0.54375 0.39296875 0.0359375 0.05234375
5 0.5484375 0.609375 0.04375 0.06875
5 0.56953125 0.615625 0.03203125 0.06015625
5 0.58828125 0.55390625 0.04609375 0.078125
5 0.471875 0.69453125 0.05078125 0.078125
5 0.4109375 0.72734375 0.0421875 0.0578125
5 0.3953125 0.646875 0.0390625 0.05625
5 0.36484375 0.64609375 0.0390625 0.06015625
5 0.31953125 0.584375 0.04375 0.0640625
5 0.29921875 0.55546875 0.03984375 0.06015625
5 0.25390625 0.6 0.03828125 0.05546875
5 0.32890625 0.7 0.04609375 0.06640625
5 0.3546875 0.765625 0.04765625 0.07109375
5 0.35234375 0.83359375 0.0484375 0.07109375
5 0.3140625 0.82578125 0.04921875 0.06640625
5 0.31484375 0.7828125 0.0390625 0.04921875
5 0.3421875 0.11875 0.03984375 0.05625
5 0.38828125 0.16640625 0.04375 0.06953125
5 0.55234375 0.240625 0.040625 0.06015625
5 0.65390625 0.2515625 0.05390625 0.07578125