3 0.18359375 0.22890625 0.0796875 0.1078125
3 0.1546875 0.2984375 0.0703125 0.096875
3 0.221875 0.41640625 0.0859375 0.10390625
3 0.284375 0.3078125 0.059375 0.078125
3 0.27109375 0.05625 0.075 0.103125
3 0.346875 0.203125 0.07109375 0.10625
3 0.3875 0.24921875 0.053125 0.0671875
3 0.42265625 0.30546875 0.05234375 0.0734375
3 0.515625 0.19375 0.05546875 0.08125
3 0.4921875 0.2859375 0.0671875 0.09921875
3 0.45625 0.2203125 0.04921875 0.0671875
3 0.4953125 0.5328125 0.05703125 0.096875
3 0.5375 0.565625 0.0671875 0.09921875
3 0.73984375 0.40859375 0.07265625 0.10625
3 0.73125 0.72890625 0.0515625 0.0796875
3 0.68984375 0.76328125 0.0515625 0.07578125
3 0.7875 0.73515625 0.046875 0.08125
3 0.2234375 0.83671875 0.06640625 0.09765625
5 0.14609375 0.13515625 0.053125 0.07578125
5 0.18125 0.11484375 0.05 0.07109375
5 0.2015625 0.03046875 0.065625 0.0609375
5 0.2109375 0.06484375 0.05390625 0.08359375
5 0.21484375 0.15546875 0.05078125 0.07578125
5 0.30859375 0.15625 0.06328125 0.09453125
5 0.3921875 0.15546875 0.0609375 0.08125
5 0.11640625 0.2484375 0.04296875 0.07265625
5 0.2265625 0.27421875 0.0546875 0.07109375
5 0.2546875 0.86796875 0.0484375 0.05625
5 0.29375 0.87890625 0.046875 0.05859375
5 0.59765625 0.31796875 0.05546875 0.084375