3 0.7828125 0.16328125 0.0828125 0.11484375
3 0.81796875 0.2203125 0.07265625 0.103125
3 0.76953125 0.34765625 0.0859375 0.1125
3 0.6984375 0.2625 0.0609375 0.084375
3 0.68125 0.03984375 0.0765625 0.0796875
3 0.628125 0.18125 0.07421875 0.1125
3 0.5953125 0.23515625 0.05390625 0.0734375
3 0.56953125 0.296875 0.05390625 0.078125
3 0.46953125 0.21640625 0.05703125 0.084375
3 0.50234375 0.296875 0.0703125 0.103125
3 0.528125 0.22578125 0.05 0.07265625
3 0.528125 0.52734375 0.06015625 0.09765625
3 0.4921875 0.56875 0.0703125 0.103125
3 0.28515625 0.475 0.075 0.11171875
3 0.3296875 0.77109375 0.05390625 0.08203125
3 0.37265625 0.79375 0.053125 0.0796875
3 0.27890625 0.7921875 0.05 0.08203125
3 0.81640625 0.740625 0.06875 0.10390625
5 0.8078125 0.065625 0.0546875 0.0796875
5 0.77265625 0.05625 0.0515625 0.07578125
5 0.7421875 0.00859375 0.0671875 0.0171875
5 0.7390625 0.03046875 0.05625 0.0609375
5 0.7453125 0.103125 0.053125 0.078125
5 0.65859375 0.128125 0.065625 0.09921875
5 0.5796875 0.14921875 0.06328125 0.08671875
5 0.8484375 0.16328125 0.046875 0.075
5 0.7484375 0.2171875 0.05546875 0.07734375
5 0.790625 0.77734375 0.0484375 0.0625
5 0.75546875 0.79765625 0.046875 0.0640625
5 0.40703125 0.35390625 0.0578125 0.08984375