3 0.134375 0.87578125 0.053125 0.0734375
3 0.21640625 0.91328125 0.05390625 0.08125
3 0.28046875 0.9890625 0.046875 0.02109375
3 0.0765625 0.45 0.03828125 0.0578125
3 0.0765625 0.39609375 0.0375 0.05
3 0.290625 0.46328125 0.03984375 0.04921875
3 0.296875 0.50078125 0.02890625 0.0390625
3 0.2625 0.23046875 0.034375 0.04921875
3 0.33046875 0.40390625 0.02578125 0.046875
3 0.378125 0.453125 0.0359375 0.0484375
3 0.446875 0.3390625 0.03984375 0.053125
3 0.44296875 0.3078125 0.04375 0.0453125
3 0.5421875 0.196875 0.03515625 0.05078125
3 0.1078125 0.675 0.03359375 0.046875
3 0.3765625 0.63046875 0.0390625 0.059375
3 0.36328125 0.525 0.04140625 0.059375
3 0.37265625 0.95859375 0.03984375 0.0578125
3 0.359375 0.91953125 0.03515625 0.053125
3 0.39140625 0.853125 0.0390625 0.05703125
3 0.42421875 0.90078125 0.03515625 0.04921875
3 0.459375 0.9546875 0.0421875 0.05859375
3 0.4796875 0.91796875 0.02734375 0.03984375
3 0.49453125 0.890625 0.03515625 0.053125
3 0.51484375 0.93046875 0.028125 0.0421875
3 0.53125 0.89375 0.0390625 0.05234375
3 0.546875 0.9359375 0.02890625 0.0453125
3 0.52890625 0.7671875 0.0359375 0.0578125
3 0.54921875 0.74765625 0.03828125 0.05625
3 0.6546875 0.81328125 0.03828125 0.0578125
3 0.31484375 0.759375 0.034375 0.04609375
3 0.6203125 0.628125 0.02890625 0.0421875
3 0.603125 0.6390625 0.025 0.04140625
3 0.64140625 0.64296875 0.0265625 0.04375
3 0.65234375 0.62109375 0.025 0.03671875
3 0.67421875 0.6328125 0.03203125 0.04296875
3 0.678125 0.59921875 0.0234375 0.0390625
3 0.60625 0.38359375 0.034375 0.053125
3 0.7125 0.40234375 0.04140625 0.059375
5 0.03125 0.39453125 0.028125 0.0453125
5 0.02734375 0.43671875 0.028125 0.04140625
5 0.0484375 0.3046875 0.028125 0.04296875
5 0.00390625 0.28203125 0.0078125 0.0328125
5 0.01171875 0.265625 0.02265625 0.028125
5 0.0921875 0.3140625 0.02421875 0.0328125
5 0.06328125 0.2984375 0.01796875 0.02578125
5 0.234375 0.4015625 0.0234375 0.03828125
4 0.24375 0.390625 0.02578125 0.040625
4 0.25625 0.375 0.02734375 0.04375
5 0.28125 0.3921875 0.025 0.03671875
5 0.278125 0.41875 0.02578125 0.03125
5 0.2578125 0.265625 0.0234375 0.03515625
5 0.290625 0.2671875 0.02421875 0.040625
5 0.3828125 0.22734375 0.02109375 0.03046875
5 0.39375 0.128125 0.03125 0.04765625
5 0.403125 0.36015625 0.02734375 0.03984375
5 0.421875 0.340625 0.028125 0.03984375
5 0.403125 0.328125 0.028125 0.0421875
5 0.4125 0.30078125 0.025 0.03515625
5 0.43203125 0.18984375 0.028125 0.0421875
5 0.425 0.10234375 0.02890625 0.0390625
5 0.84921875 0.003125 0.03046875 0.00546875
5 0.38984375 0.609375 0.0265625 0.0390625
5 0.35703125 0.6 0.01953125 0.03046875
5 0.3640625 0.58046875 0.0203125 0.02890625
5 0.37578125 0.5984375 0.0171875 0.02421875
5 0.38203125 0.58515625 0.02109375 0.02734375
5 0.34140625 0.57890625 0.01328125 0.01875
5 0.33671875 0.55 0.01484375 0.02109375
5 0.32109375 0.55 0.009375 0.0171875
5 0.315625 0.5265625 0.021875 0.03046875
5 0.32890625 0.48671875 0.025 0.03671875
5 0.34375 0.49453125 0.02421875 0.03828125
5 0.39609375 0.5640625 0.02578125 0.03828125
5 0.371875 0.5421875 0.02421875 0.0375
5 0.409375 0.59609375 0.02734375 0.0421875
5 0.41484375 0.51640625 0.025 0.0359375
5 0.4390625 0.47578125 0.03046875 0.0453125
5 0.4578125 0.4046875 0.02421875 0.03671875
5 0.4703125 0.3984375 0.01796875 0.03359375
5 0.46640625 0.359375 0.0265625 0.04140625
5 0.42734375 0.37109375 0.02265625 0.0328125
5 0.40703125 0.38828125 0.02421875 0.03359375
5 0.29453125 0.4328125 0.02265625 0.034375
5 0.21484375 0.7359375 0.025 0.0390625
5 0.2640625 0.7484375 0.02421875 0.03515625
5 0.24375 0.78671875 0.02109375 0.03125
5 0.25 0.76484375 0.02109375 0.0296875
5 0.26015625 0.809375 0.0234375 0.03359375
5 0.27109375 0.78828125 0.02265625 0.0328125
5 0.3078125 0.85625 0.02265625 0.034375
5 0.2984375 0.8640625 0.01953125 0.03203125
5 0.30234375 0.83359375 0.0234375 0.03515625
5 0.33359375 0.84375 0.015625 0.0234375
5 0.36484375 0.88125 0.02421875 0.040625
5 0.3375 0.95390625 0.0234375 0.03515625
5 0.3921875 0.9859375 0.03046875 0.02734375
5 0.4421875 0.9796875 0.03515625 0.040625
5 0.434375 0.9109375 0.02109375 0.03125
5 0.453125 0.925 0.0171875 0.025
5 0.5859375 0.8703125 0.0296875 0.04453125
5 0.640625 0.87578125 0.028125 0.040625
5 0.57265625 0.840625 0.025 0.03828125
5 0.55703125 0.81640625 0.0234375 0.0328125
5 0.62734375 0.678125 0.02421875 0.0375
5 0.625 0.65546875 0.0203125 0.0265625
5 0.6140625 0.51328125 0.02421875 0.03671875
5 0.61640625 0.48046875 0.0171875 0.0234375
5 0.6109375 0.46328125 0.01953125 0.0265625
5 0.64296875 0.4609375 0.02578125 0.03671875
5 0.6640625 0.46875 0.01953125 0.03203125
5 0.684375 0.4671875 0.0203125 0.0296875
5 0.67734375 0.53203125 0.0171875 0.02578125
5 0.66484375 0.52265625 0.01796875 0.02578125
5 0.64609375 0.509375 0.02265625 0.0328125
5 0.6640625 0.49921875 0.01953125 0.028125