3 0.2546875 0.4125 0.1828125 0.26875
3 0.34765625 0.6375 0.171875 0.26328125
3 0.47890625 0.6015625 0.18359375 0.28046875
3 0.515625 0.74765625 0.20078125 0.24765625
4 0.13046875 0.44296875 0.16875 0.240625
4 0.6234375 0.61796875 0.1609375 0.25625
4 0.48359375 0.8890625 0.1578125 0.21875
5 0.38046875 0.46328125 0.1515625 0.22265625
5 0.5375 0.328125 0.1390625 0.2015625
5 0.68828125 0.50625 0.1390625 0.209375
5 0.7328125 0.415625 0.13203125 0.1890625
5 0.59921875 0.228125 0.13515625 0.19453125
5 0.6578125 0.1671875 0.12890625 0.190625
5 0.75390625 0.20078125 0.13046875 0.20625