3 0.21171875 0.415625 0.040625 0.04375
3 0.21640625 0.38515625 0.03671875 0.0390625
3 0.34375 0.3109375 0.040625 0.0515625
3 0.64609375 0.38515625 0.05 0.07109375
3 0.646875 0.49140625 0.05625 0.08828125
3 0.703125 0.7015625 0.065625 0.08984375
3 0.7375 0.578125 0.03203125 0.0640625
3 0.76015625 0.22265625 0.04140625 0.04140625
3 0.75703125 0.1921875 0.04765625 0.0390625
4 0.26171875 0.23125 0.03515625 0.0390625
5 0.2046875 0.17578125 0.034375 0.0453125
5 0.2453125 0.165625 0.03046875 0.04140625
5 0.2796875 0.2078125 0.02890625 0.03515625
5 0.234375 0.25703125 0.0296875 0.04140625
5 0.16640625 0.421875 0.028125 0.03671875
5 0.18828125 0.4078125 0.02578125 0.03671875
5 0.17265625 0.384375 0.02890625 0.0328125
5 0.18828125 0.36171875 0.0234375 0.0296875
5 0.1734375 0.27421875 0.0234375 0.03046875
5 0.23359375 0.44375 0.02890625 0.04375
5 0.21640625 0.4875 0.02421875 0.03671875
5 0.1796875 0.55625 0.02890625 0.04375
5 0.1234375 0.6671875 0.02578125 0.040625
5 0.103125 0.66875 0.021875 0.0453125
5 0.115625 0.62890625 0.02421875 0.03828125
5 0.14609375 0.5859375 0.02421875 0.034375
5 0.60234375 0.11953125 0.03515625 0.03046875
5 0.6671875 0.1875 0.02734375 0.034375
5 0.68359375 0.14921875 0.03046875 0.0390625
5 0.71015625 0.134375 0.02890625 0.03828125
5 0.7 0.234375 0.02890625 0.04140625
5 0.8015625 0.41953125 0.03125 0.0453125
5 0.784375 0.3875 0.0296875 0.0328125
5 0.80625 0.3765625 0.03125 0.040625
5 0.74296875 0.33125 0.03046875 0.03828125
5 0.69609375 0.4828125 0.05390625 0.0734375
5 0.6875 0.421875 0.0453125 0.05859375
5 0.66796875 0.571875 0.04296875 0.06953125
4 0.69453125 0.540625 0.0390625 0.05625
5 0.75703125 0.6046875 0.0296875 0.04765625
5 0.6265625 0.61171875 0.05 0.0640625
5 0.64609375 0.67109375 0.04921875 0.07734375
5 0.8234375 0.66796875 0.0296875 0.04375
5 0.828125 0.69453125 0.021875 0.028125
5 0.85859375 0.66328125 0.0328125 0.0453125
5 0.878125 0.709375 0.02734375 0.0390625
5 0.91328125 0.65546875 0.021875 0.0390625
5 0.89765625 0.5375 0.0234375 0.03515625