3 0.4484375 0.89765625 0.05546875 0.06640625
3 0.39453125 0.853125 0.0515625 0.05625
3 0.421875 0.75078125 0.04765625 0.06953125
3 0.4765625 0.71875 0.0703125 0.09453125
3 0.50703125 0.753125 0.05625 0.08125
3 0.47109375 0.62578125 0.05 0.07265625
3 0.4953125 0.6046875 0.05390625 0.08125
3 0.49609375 0.528125 0.05234375 0.059375
3 0.4953125 0.44296875 0.04765625 0.06015625
3 0.290625 0.54453125 0.05625 0.08046875
3 0.23828125 0.50703125 0.0390625 0.06015625
3 0.2921875 0.35234375 0.05703125 0.0765625
3 0.3796875 0.4296875 0.06328125 0.090625
3 0.5453125 0.3671875 0.0609375 0.08828125
3 0.5484375 0.31328125 0.05078125 0.065625
3 0.56953125 0.2109375 0.06171875 0.096875
3 0.62421875 0.36640625 0.0515625 0.08046875
3 0.85 0.48359375 0.06484375 0.09609375
4 0.309375 0.42109375 0.0375 0.053125
5 0.396875 0.18125 0.034375 0.0515625
5 0.371875 0.17734375 0.034375 0.05234375
5 0.4234375 0.42734375 0.03984375 0.06484375
5 0.5015625 0.36875 0.04296875 0.0640625
5 0.34296875 0.5078125 0.040625 0.06328125
5 0.30703125 0.490625 0.053125 0.0671875
5 0.23203125 0.584375 0.04296875 0.065625
5 0.47421875 0.4171875 0.03828125 0.0578125
5 0.4859375 0.4921875 0.03515625 0.04140625
5 0.4296875 0.50234375 0.0328125 0.0484375
5 0.4328125 0.54140625 0.0328125 0.04609375
5 0.46796875 0.55859375 0.03984375 0.05546875
5 0.4453125 0.5828125 0.0328125 0.04765625
5 0.41484375 0.571875 0.03203125 0.05078125
5 0.43515625 0.61640625 0.04140625 0.05859375
5 0.38671875 0.66015625 0.03515625 0.0546875
5 0.34609375 0.71015625 0.0421875 0.06015625
5 0.35390625 0.74296875 0.0359375 0.0453125
5 0.3484375 0.80625 0.034375 0.05625
5 0.30703125 0.70078125 0.03515625 0.05625
5 0.28359375 0.68359375 0.03046875 0.0578125
5 0.2703125 0.63828125 0.03984375 0.06171875
5 0.29140625 0.60234375 0.0328125 0.04765625
5 0.309375 0.65078125 0.0390625 0.059375
5 0.33359375 0.6328125 0.0390625 0.06015625
5 0.32578125 0.603125 0.0328125 0.04921875
5 0.26484375 0.57734375 0.028125 0.0453125
5 0.546875 0.67890625 0.03515625 0.05703125
5 0.5609375 0.6046875 0.03828125 0.06484375
5 0.559375 0.5484375 0.03125 0.05546875
5 0.53515625 0.525 0.0296875 0.0578125
5 0.60390625 0.7390625 0.03046875 0.0515625
5 0.5953125 0.81953125 0.0421875 0.06640625
5 0.54921875 0.8578125 0.034375 0.04296875
5 0.35703125 0.86484375 0.03515625 0.059375
5 0.61484375 0.29921875 0.04921875 0.0765625
5 0.646875 0.3203125 0.034375 0.0578125
5 0.70859375 0.36328125 0.028125 0.04765625
5 0.71171875 0.46328125 0.03359375 0.05078125
5 0.63125 0.56171875 0.03359375 0.06015625
5 0.7921875 0.31015625 0.03515625 0.05625
5 0.16640625 0.853125 0.03828125 0.0546875
5 0.153125 0.8921875 0.028125 0.04140625
5 0.21484375 0.8375 0.03046875 0.04140625
5 0.2140625 0.80703125 0.03515625 0.04921875
5 0.65 0.4078125 0.02734375 0.04765625
5 0.88828125 0.675 0.0359375 0.05703125
5 0.76328125 0.725 0.0375 0.06796875
5 0.740625 0.7609375 0.0375 0.04609375
5 0.7359375 0.7125 0.0359375 0.05078125
5 0.7828125 0.79296875 0.034375 0.05625