3 0.5953125 0.10234375 0.05390625 0.06015625
3 0.64765625 0.159375 0.05 0.04921875
3 0.609375 0.26171875 0.04453125 0.06484375
3 0.54921875 0.28359375 0.0671875 0.08671875
3 0.5203125 0.24140625 0.053125 0.07578125
3 0.54609375 0.38203125 0.04765625 0.0671875
3 0.51953125 0.3984375 0.05 0.0765625
3 0.5109375 0.47890625 0.05078125 0.053125
3 0.50390625 0.56875 0.04609375 0.0546875
3 0.72734375 0.5046875 0.053125 0.075
3 0.77890625 0.55546875 0.03671875 0.05703125
3 0.7078125 0.70546875 0.0546875 0.0703125
3 0.6234375 0.60625 0.06015625 0.084375
3 0.44453125 0.6375 0.0578125 0.0828125
3 0.4359375 0.6921875 0.04921875 0.06015625
3 0.4046875 0.7953125 0.0578125 0.09140625
3 0.36171875 0.62109375 0.0484375 0.0765625
3 0.13671875 0.45078125 0.0609375 0.08984375
4 0.69609375 0.6296875 0.03515625 0.04921875
5 0.58203125 0.86328125 0.03203125 0.04921875
5 0.60859375 0.871875 0.03203125 0.04921875
5 0.578125 0.6 0.03671875 0.06171875
5 0.48984375 0.64453125 0.040625 0.06015625
5 0.66953125 0.53203125 0.03828125 0.059375
5 0.7046875 0.5578125 0.0515625 0.0609375
5 0.79296875 0.47578125 0.040625 0.0609375
5 0.52421875 0.59921875 0.0359375 0.05390625
5 0.51875 0.51875 0.034375 0.0375
5 0.578125 0.5203125 0.03125 0.0453125
5 0.57890625 0.478125 0.03125 0.04296875
5 0.54296875 0.45234375 0.0375 0.0515625
5 0.56875 0.43203125 0.03125 0.04453125
5 0.6 0.45 0.0296875 0.04765625
5 0.58359375 0.39921875 0.0390625 0.0546875
5 0.6375 0.36328125 0.0328125 0.0515625
5 0.684375 0.31953125 0.03984375 0.05625
5 0.6796875 0.284375 0.034375 0.04140625
5 0.69140625 0.21875 0.03203125 0.053125
5 0.725 0.33828125 0.0328125 0.053125
5 0.74765625 0.3609375 0.02734375 0.05546875
5 0.7578125 0.4109375 0.03671875 0.05859375
5 0.73203125 0.44375 0.03046875 0.0453125
5 0.71796875 0.38984375 0.03671875 0.05546875
5 0.690625 0.403125 0.03671875 0.05625
5 0.69609375 0.4359375 0.03125 0.04609375
5 0.75703125 0.47578125 0.0265625 0.04296875
5 0.471875 0.31015625 0.0328125 0.05390625
5 0.45 0.38515625 0.03515625 0.06171875
5 0.446875 0.44453125 0.028125 0.05390625
5 0.4703125 0.4734375 0.02734375 0.05546875
5 0.41796875 0.23515625 0.028125 0.04921875
5 0.434375 0.153125 0.03984375 0.0625
5 0.48671875 0.1234375 0.0328125 0.0390625
5 0.6875 0.15625 0.03203125 0.05703125
5 0.36484375 0.69296875 0.0453125 0.071875
5 0.33359375 0.66484375 0.03203125 0.05546875
5 0.2734375 0.60703125 0.0265625 0.0453125
5 0.2796875 0.50078125 0.03203125 0.04765625
5 0.37265625 0.415625 0.03046875 0.05859375
5 0.18125 0.64453125 0.0328125 0.053125
5 0.88671875 0.20859375 0.03671875 0.0515625
5 0.90390625 0.16953125 0.0265625 0.0390625
5 0.83359375 0.2140625 0.0296875 0.0375
5 0.83203125 0.24609375 0.0328125 0.04609375
5 0.3390625 0.57265625 0.025 0.04609375
5 0.11484375 0.24296875 0.03359375 0.0546875
5 0.25 0.21640625 0.03359375 0.065625
5 0.27734375 0.184375 0.0359375 0.04140625
5 0.27734375 0.23515625 0.03359375 0.04765625
5 0.2359375 0.140625 0.03203125 0.05390625