3 0.74921875 0.16484375 0.09453125 0.13125
3 0.6421875 0.0765625 0.11328125 0.1359375
3 0.6109375 0.475 0.13984375 0.19453125
3 0.5390625 0.41640625 0.11015625 0.17265625
3 0.48671875 0.32578125 0.109375 0.159375
3 0.63671875 0.65703125 0.1078125 0.16640625
3 0.58828125 0.7203125 0.09296875 0.146875
3 0.6046875 0.86484375 0.090625 0.1296875
5 0.85625 0.2359375 0.08515625 0.13125
5 0.8296875 0.1109375 0.08203125 0.1265625
5 0.87890625 0.43046875 0.09375 0.13515625
5 0.859375 0.35625 0.075 0.09765625
5 0.803125 0.54296875 0.0859375 0.1296875
5 0.9375 0.646875 0.07578125 0.10546875
5 0.915625 0.590625 0.08203125 0.1203125
5 0.7671875 0.74609375 0.0734375 0.12109375
5 0.71328125 0.67109375 0.0921875 0.140625
5 0.69765625 0.734375 0.075 0.12109375
5 0.65546875 0.7921875 0.075 0.109375
5 0.73125 0.8140625 0.084375 0.11640625
5 0.4703125 0.5765625 0.08359375 0.12890625
5 0.4546875 0.73515625 0.09140625 0.1421875
5 0.47109375 0.84765625 0.07890625 0.12734375
5 0.5203125 0.890625 0.078125 0.1265625
5 0.3171875 0.85078125 0.078125 0.13125
5 0.34140625 0.47890625 0.07734375 0.12109375
5 0.34375 0.30390625 0.11015625 0.159375
5 0.43359375 0.21171875 0.0875 0.11484375