3 0.81953125 0.728125 0.08671875 0.11484375
3 0.73828125 0.86796875 0.10703125 0.11484375
3 0.615625 0.50390625 0.1265625 0.1703125
3 0.5609375 0.59765625 0.096875 0.15703125
3 0.53203125 0.71015625 0.09765625 0.140625
3 0.5984375 0.31796875 0.0953125 0.15078125
3 0.5375 0.2828125 0.08203125 0.13359375
3 0.5203125 0.13515625 0.0828125 0.1140625
5 0.9046875 0.6046875 0.07578125 0.11875
5 0.90859375 0.73828125 0.07265625 0.1140625
5 0.88125 0.4078125 0.08515625 0.11796875
5 0.88046875 0.4875 0.06953125 0.0859375
5 0.78359375 0.33984375 0.0765625 0.11640625
5 0.8875 0.1703125 0.06953125 0.09296875
5 0.8796875 0.2359375 0.0734375 0.10625
5 0.70234375 0.16484375 0.06484375 0.109375
5 0.66875 0.265625 0.0828125 0.1265625
5 0.63828125 0.21171875 0.06640625 0.109375
5 0.58515625 0.178125 0.06875 0.096875
5 0.653125 0.11875 0.0765625 0.103125
5 0.45859375 0.4796875 0.0734375 0.11640625
5 0.40703125 0.33671875 0.08125 0.1296875
5 0.39609375 0.221875 0.0703125 0.11484375
5 0.43359375 0.1546875 0.06875 0.1140625
5 0.24921875 0.2984375 0.06875 0.12109375
5 0.3578125 0.64140625 0.06875 0.109375
5 0.4 0.80546875 0.1 0.140625
5 0.50703125 0.84765625 0.0796875 0.1015625