3 0.3375 0.36953125 0.11015625 0.15859375
3 0.44375 0.425 0.11640625 0.175
3 0.51875 0.80546875 0.11953125 0.16328125
3 0.684375 0.7140625 0.134375 0.17109375
3 0.8828125 0.2453125 0.09609375 0.11640625
3 0.79921875 0.0734375 0.10546875 0.11484375
3 0.8671875 0.08046875 0.07109375 0.13515625
5 0.30390625 0.2359375 0.08203125 0.121875
5 0.36796875 0.26953125 0.08125 0.121875
5 0.44921875 0.25703125 0.0859375 0.1203125
5 0.42890625 0.1390625 0.08046875 0.1109375
5 0.37890625 0.15859375 0.05859375 0.12421875
5 0.5109375 0.10078125 0.08828125 0.128125
5 0.61875 0.18984375 0.0828125 0.11796875
5 0.7234375 0.11015625 0.090625 0.134375
5 0.76328125 0.13984375 0.065625 0.11015625
5 0.809375 0.175 0.07578125 0.1234375
5 0.71328125 0.36484375 0.0828125 0.13125
5 0.50546875 0.32265625 0.06953125 0.1046875
5 0.5015625 0.48828125 0.08203125 0.1296875
5 0.5625 0.41484375 0.0734375 0.12109375
5 0.7734375 0.51640625 0.071875 0.10859375
5 0.778125 0.67421875 0.084375 0.12890625
5 0.853125 0.8546875 0.06171875 0.09140625
5 0.95625 0.79375 0.03984375 0.1328125