3 0.66875 0.45625 0.12109375 0.178125
3 0.5671875 0.46015625 0.1296875 0.19453125
3 0.4328125 0.75703125 0.1296875 0.18515625
3 0.30703125 0.609375 0.14296875 0.19765625
3 0.22265625 0.12421875 0.10234375 0.1375
3 0.32578125 0.040625 0.109375 0.08046875
3 0.265625 0.0296875 0.084375 0.059375
5 0.721875 0.35546875 0.090625 0.1359375
5 0.6609375 0.35703125 0.08984375 0.13515625
5 0.59296875 0.3125 0.09453125 0.1359375
5 0.63203125 0.2203125 0.0875 0.1265625
5 0.67109375 0.25703125 0.071875 0.128125
5 0.56796875 0.153125 0.09765625 0.14375
5 0.459375 0.18515625 0.09140625 0.13359375
5 0.384375 0.07421875 0.10078125 0.1484375
5 0.34453125 0.0828125 0.075 0.11953125
5 0.2984375 0.09375 0.08671875 0.134375
5 0.34609375 0.296875 0.09296875 0.14375
5 0.5328125 0.346875 0.07734375 0.115625
5 0.50546875 0.490625 0.0921875 0.1421875
5 0.46640625 0.40234375 0.08359375 0.13203125
5 0.26640625 0.40234375 0.08046875 0.1203125
5 0.23359375 0.5359375 0.09453125 0.1421875
5 0.1359375 0.66015625 0.06875 0.10234375
5 0.0578125 0.565625 0.0578125 0.12734375