3 0.2796875 0.55234375 0.1484375 0.21640625
3 0.40546875 0.68984375 0.13828125 0.2140625
3 0.5046875 0.5953125 0.1484375 0.22734375
3 0.5671875 0.69609375 0.16640625 0.19375
4 0.18515625 0.6390625 0.1375 0.19296875
4 0.6265625 0.53671875 0.12890625 0.209375
4 0.571875 0.828125 0.1296875 0.175
5 0.39453125 0.53125 0.12265625 0.1796875
5 0.4921875 0.3421875 0.11328125 0.1625
5 0.6546875 0.41328125 0.1125 0.16953125
5 0.67109375 0.3171875 0.1078125 0.1515625
5 0.52109375 0.23046875 0.11015625 0.15625
5 0.5546875 0.1515625 0.1046875 0.15390625
5 0.64140625 0.13125 0.1046875 0.16796875