3 0.67109375 0.3796875 0.11484375 0.165625
3 0.56328125 0.42890625 0.12109375 0.1828125
3 0.47734375 0.80546875 0.12421875 0.17109375
3 0.31328125 0.703125 0.1390625 0.1796875
3 0.128125 0.21875 0.1 0.12265625
3 0.2171875 0.05703125 0.10859375 0.11328125
3 0.1484375 0.0625 0.075 0.125
5 0.709375 0.24765625 0.08515625 0.12734375
5 0.64375 0.27734375 0.08515625 0.12734375
5 0.5625 0.259375 0.08984375 0.12578125
5 0.58671875 0.1421875 0.08359375 0.11640625
5 0.6359375 0.16484375 0.0625 0.128125
5 0.5046875 0.09921875 0.0921875 0.13359375
5 0.39453125 0.18125 0.08671875 0.1234375
5 0.29140625 0.09453125 0.09453125 0.13984375
5 0.25078125 0.12109375 0.06875 0.11484375
5 0.20390625 0.153125 0.0796875 0.128125
5 0.29453125 0.35 0.08671875 0.13671875
5 0.50390625 0.321875 0.071875 0.109375
5 0.503125 0.48828125 0.0859375 0.13515625
5 0.44453125 0.41015625 0.07734375 0.1265625
5 0.2296875 0.4984375 0.075 0.11328125
5 0.2203125 0.65625 0.08828125 0.134375
5 0.13984375 0.8328125 0.06484375 0.09609375
5 0.0375 0.765625 0.04375 0.13515625