3 0.3078125 0.884375 0.1421875 0.128125
3 0.53984375 0.85625 0.1375 0.18046875
3 0.50859375 0.70078125 0.146875 0.20859375
3 0.46953125 0.546875 0.1609375 0.21328125
3 0.48828125 0.3796875 0.128125 0.17734375
3 0.55859375 0.365625 0.08828125 0.175
3 0.590625 0.18125 0.109375 0.13984375
5 0.103125 0.54375 0.096875 0.14140625
5 0.153125 0.38125 0.08828125 0.1265625
5 0.16015625 0.2734375 0.1265625 0.165625
5 0.08828125 0.284375 0.06171875 0.09921875
5 0.084375 0.2046875 0.0671875 0.1359375
5 0.10703125 0.08125 0.08984375 0.1625
5 0.28984375 0.1796875 0.09921875 0.1453125
5 0.1625 0.03671875 0.078125 0.07265625
5 0.22734375 0.0265625 0.06484375 0.053125
5 0.40078125 0.03046875 0.078125 0.0609375
5 0.40703125 0.3015625 0.10390625 0.1546875
5 0.50859375 0.2421875 0.10390625 0.14765625
5 0.6625 0.5140625 0.10234375 0.15
5 0.7234375 0.36953125 0.0921875 0.15
5 0.759375 0.2765625 0.103125 0.14765625
5 0.69921875 0.16015625 0.08125 0.13828125
5 0.96875 0.18359375 0.0625 0.1171875
5 0.79609375 0.678125 0.08046875 0.1421875
5 0.73125 0.8734375 0.11953125 0.1734375
5 0.45625 0.775 0.10625 0.1421875
5 0.0890625 0.78046875 0.1 0.1453125