3 0.4453125 0.09765625 0.12734375 0.134375
3 0.61875 0.24921875 0.128125 0.17578125
3 0.55625 0.353125 0.1390625 0.2
3 0.4875 0.4515625 0.15078125 0.2078125
3 0.46015625 0.59140625 0.1203125 0.17109375
3 0.51171875 0.64296875 0.08828125 0.1609375
3 0.49140625 0.80390625 0.10234375 0.13671875
5 0.20078125 0.2484375 0.0921875 0.13515625
5 0.19921875 0.403125 0.08359375 0.12109375
5 0.17890625 0.49140625 0.11875 0.1609375
5 0.125 0.44296875 0.059375 0.09296875
5 0.10234375 0.503125 0.0671875 0.12421875
5 0.08828125 0.6140625 0.0890625 0.15703125
5 0.25625 0.6375 0.09375 0.13828125
5 0.115625 0.69453125 0.075 0.1109375
5 0.16484375 0.7359375 0.0609375 0.0875
5 0.30546875 0.815625 0.06875 0.0671875
5 0.378125 0.60703125 0.09921875 0.14765625
5 0.4421875 0.71015625 0.0984375 0.1421875
5 0.6296875 0.584375 0.096875 0.14296875
5 0.64140625 0.73125 0.08828125 0.14140625
5 0.64609375 0.8234375 0.09765625 0.14140625
5 0.5703125 0.88125 0.07890625 0.1296875
5 0.790625 0.98046875 0.06875 0.0390625
5 0.775 0.53125 0.078125 0.13203125
5 0.77265625 0.34296875 0.11328125 0.165625
5 0.53359375 0.265625 0.09921875 0.1375
5 0.2484375 0.0625 0.09375 0.125