3 0.88046875 0.38203125 0.1703125 0.225
3 0.7328125 0.640625 0.15 0.21875
3 0.6859375 0.7640625 0.1453125 0.17265625
3 0.6140625 0.49375 0.1484375 0.240625
3 0.4828125 0.5671875 0.1078125 0.18515625
3 0.421875 0.5640625 0.14453125 0.190625
3 0.40234375 0.42734375 0.10625 0.16328125
3 0.340625 0.66328125 0.12734375 0.22578125
3 0.24921875 0.66015625 0.14765625 0.19375
4 0.70546875 0.47421875 0.13359375 0.19140625
4 0.40546875 0.26328125 0.1125 0.159375
4 0.43828125 0.33984375 0.10078125 0.11328125
4 0.3375 0.47421875 0.12265625 0.18984375
4 0.13828125 0.73515625 0.12734375 0.178125
5 0.20234375 0.25859375 0.09765625 0.146875
5 0.6234375 0.66484375 0.115625 0.16328125
5 0.54140625 0.590625 0.0984375 0.1703125