3 0.85078125 0.68203125 0.15234375 0.19375
3 0.73046875 0.4125 0.1328125 0.19140625
3 0.69609375 0.28828125 0.13203125 0.14609375
3 0.6078125 0.53203125 0.12890625 0.2140625
3 0.4890625 0.4390625 0.09296875 0.16640625
3 0.43046875 0.43203125 0.1296875 0.1640625
3 0.4015625 0.55859375 0.09296875 0.14375
3 0.36171875 0.325 0.10859375 0.203125
3 0.27421875 0.3125 0.13203125 0.1671875
4 0.6921875 0.565625 0.11796875 0.1671875
4 0.3921875 0.71328125 0.1 0.1390625
4 0.4296875 0.646875 0.09140625 0.0953125
4 0.34453125 0.503125 0.10703125 0.1671875
4 0.17578125 0.22265625 0.11328125 0.1546875
5 0.2 0.68359375 0.0859375 0.1296875
5 0.62890625 0.37109375 0.10234375 0.1421875
5 0.5453125 0.42734375 0.084375 0.153125