3 0.48125 0.15390625 0.14453125 0.18046875
3 0.48984375 0.43359375 0.13671875 0.19765625
3 0.6125 0.6875 0.1640625 0.2328125
3 0.49296875 0.61953125 0.11171875 0.1765625
3 0.48984375 0.7453125 0.13671875 0.1640625
3 0.37890625 0.66328125 0.1703125 0.2375
3 0.3390625 0.47578125 0.16796875 0.215625
5 0.64140625 0.5203125 0.1234375 0.196875
5 0.55625 0.54453125 0.1078125 0.15234375
5 0.57578125 0.40234375 0.10390625 0.16015625
5 0.48671875 0.33125 0.09453125 0.09921875
5 0.40234375 0.43359375 0.09296875 0.128125
5 0.34375 0.38359375 0.1046875 0.1578125