3 0.884375 0.33984375 0.15234375 0.1984375
3 0.58984375 0.4640625 0.11015625 0.14140625
3 0.51171875 0.540625 0.15078125 0.2203125
3 0.4015625 0.66484375 0.146875 0.21328125
3 0.41796875 0.390625 0.15234375 0.221875
3 0.3140625 0.4078125 0.146875 0.215625
3 0.28671875 0.2125 0.14765625 0.225
5 0.62578125 0.675 0.1265625 0.18828125
5 0.53359375 0.75703125 0.121875 0.175
5 0.55546875 0.85390625 0.11015625 0.15859375
5 0.69296875 0.35 0.096875 0.1515625
5 0.5203125 0.45 0.1 0.1484375
5 0.3484375 0.30390625 0.1 0.15078125
5 0.20546875 0.03046875 0.096875 0.0609375
5 0.31796875 0.08046875 0.109375 0.1609375
5 0.553125 0.13125 0.0921875 0.1359375
5 0.5203125 0.1421875 0.1015625 0.15078125
5 0.56328125 0.3671875 0.10859375 0.1609375
5 0.58828125 0.0765625 0.08046875 0.09453125
3 0.83984375 0.9484375 0.084375 0.103125
3 0.95078125 0.6484375 0.06484375 0.109375
5 0.91328125 0.7796875 0.05078125 0.0921875
5 0.88046875 0.88125 0.05234375 0.09765625
5 0.8984375 0.65625 0.0640625 0.08984375