3 0.84296875 0.32265625 0.1375 0.1734375
3 0.58046875 0.46015625 0.09921875 0.1234375
3 0.5125 0.5359375 0.134375 0.1953125
3 0.4171875 0.65859375 0.13046875 0.1890625
3 0.421875 0.4078125 0.13515625 0.196875
3 0.328125 0.4328125 0.13046875 0.190625
3 0.29609375 0.25859375 0.13046875 0.20078125
5 0.62109375 0.6484375 0.1125 0.1671875
5 0.540625 0.73125 0.10859375 0.1546875
5 0.56328125 0.8171875 0.0984375 0.13984375
5 0.66953125 0.34765625 0.0859375 0.13515625
5 0.51640625 0.453125 0.08828125 0.13203125
5 0.35546875 0.3359375 0.08828125 0.134375
5 0.2140625 0.06328125 0.0859375 0.1265625
5 0.25859375 0.00390625 0.09453125 0.0078125
5 0.31875 0.134375 0.096875 0.1453125
5 0.534375 0.1609375 0.08203125 0.1203125
5 0.5046875 0.17421875 0.08984375 0.13359375
5 0.55234375 0.375 0.09609375 0.14296875
5 0.5640625 0.109375 0.0734375 0.08125
3 0.82578125 0.90625 0.07265625 0.15078125
3 0.9140625 0.596875 0.05703125 0.09765625
5 0.8859375 0.71875 0.04453125 0.08359375
5 0.859375 0.8140625 0.0453125 0.0890625
5 0.86796875 0.6078125 0.05703125 0.07890625