3 0.3453125 0.46015625 0.06484375 0.0859375
3 0.33046875 0.184375 0.053125 0.084375
3 0.396875 0.309375 0.0578125 0.09375
3 0.41171875 0.53203125 0.0640625 0.096875
3 0.47890625 0.53359375 0.06953125 0.09921875
3 0.45078125 0.7078125 0.0703125 0.103125
3 0.890625 0.44140625 0.08515625 0.13046875
3 0.84296875 0.25546875 0.07734375 0.11796875
5 0.44453125 0.61796875 0.05625 0.078125
5 0.47734375 0.5859375 0.04453125 0.06328125
5 0.4875 0.62421875 0.046875 0.04609375
5 0.45703125 0.50234375 0.0359375 0.0515625
5 0.4765625 0.47734375 0.040625 0.05078125
5 0.384375 0.534375 0.02890625 0.06796875
5 0.375 0.4515625 0.0453125 0.0609375
5 0.36796875 0.37890625 0.03359375 0.04921875
5 0.43359375 0.30390625 0.0453125 0.0671875
5 0.3453125 0.30703125 0.03671875 0.05625
5 0.359375 0.23984375 0.0328125 0.05234375
5 0.46796875 0.23203125 0.040625 0.06328125
5 0.3 0.22578125 0.0390625 0.05
5 0.27109375 0.19609375 0.03515625 0.053125
5 0.3 0.1734375 0.03671875 0.05546875
5 0.2796875 0.25 0.0296875 0.05546875
5 0.4640625 0.33671875 0.03828125 0.06328125
5 0.4875 0.3078125 0.03671875 0.0515625
5 0.54765625 0.11640625 0.0375 0.065625
5 0.59296875 0.1203125 0.03359375 0.0515625
5 0.56328125 0.17109375 0.03671875 0.059375
5 0.58125 0.25 0.03828125 0.0625
5 0.61328125 0.26328125 0.03359375 0.059375
5 0.50625 0.06875 0.0390625 0.05