3 0.65703125 0.4734375 0.07265625 0.103125
3 0.7265625 0.725 0.0625 0.096875
3 0.6390625 0.6375 0.06796875 0.10625
3 0.58125 0.4359375 0.07421875 0.11171875
3 0.51796875 0.46484375 0.0796875 0.11640625
3 0.509375 0.2890625 0.08046875 0.11953125
3 0.1515625 0.73515625 0.09921875 0.15
3 0.2328125 0.88828125 0.08984375 0.13515625
5 0.53359375 0.3703125 0.06328125 0.0921875
5 0.50859375 0.41484375 0.05078125 0.07421875
5 0.4921875 0.38359375 0.04921875 0.0609375
5 0.54453125 0.484375 0.040625 0.06015625
5 0.53125 0.51640625 0.04453125 0.06171875
5 0.60625 0.42109375 0.0390625 0.07109375
5 0.63203125 0.49453125 0.05078125 0.07265625
5 0.65234375 0.559375 0.03828125 0.0578125
5 0.60625 0.65859375 0.05234375 0.078125
5 0.68828125 0.61640625 0.04296875 0.06484375
5 0.68828125 0.6859375 0.0390625 0.059375
5 0.58828125 0.74140625 0.04765625 0.07265625
5 0.746875 0.671875 0.04375 0.06015625
5 0.7796875 0.6875 0.040625 0.0609375
5 0.75703125 0.72109375 0.04296875 0.0640625
5 0.7609375 0.640625 0.03671875 0.06015625
5 0.571875 0.6421875 0.0453125 0.071875
5 0.5546875 0.6796875 0.04140625 0.06015625
5 0.5375 0.8859375 0.0453125 0.07265625
5 0.49375 0.90234375 0.03828125 0.05859375
5 0.51171875 0.8421875 0.04375 0.06796875
5 0.47890625 0.77578125 0.0453125 0.07109375
5 0.44609375 0.778125 0.040625 0.065625
5 0.58515625 0.91171875 0.04375 0.0609375