3 0.60859375 0.3625 0.06484375 0.090625
3 0.5359375 0.1421875 0.0546875 0.08515625
3 0.52265625 0.28359375 0.06015625 0.09375
3 0.5796875 0.4625 0.065625 0.09921875
3 0.52890625 0.51015625 0.0703125 0.10234375
3 0.60390625 0.6234375 0.07109375 0.10546875
3 0.18828125 0.72265625 0.0875 0.1328125
3 0.1671875 0.54921875 0.07890625 0.1203125
5 0.58125 0.55078125 0.05625 0.08125
5 0.54609375 0.54921875 0.0453125 0.065625
5 0.55078125 0.58515625 0.04453125 0.05234375
5 0.53671875 0.471875 0.0359375 0.053125
5 0.5140625 0.465625 0.03984375 0.05390625
5 0.6015625 0.446875 0.03359375 0.0640625
5 0.58359375 0.3765625 0.0453125 0.0640625
5 0.56640625 0.31640625 0.034375 0.05078125
5 0.49375 0.3046875 0.046875 0.06875
5 0.56171875 0.24609375 0.0375 0.05703125
5 0.53046875 0.2046875 0.034375 0.053125
5 0.4453125 0.2734375 0.0421875 0.0640625
5 0.57109375 0.153125 0.03828125 0.053125
5 0.584375 0.11015625 0.0359375 0.05390625
5 0.55546875 0.11328125 0.0375 0.05703125
5 0.59375 0.1578125 0.03203125 0.05390625
5 0.48046875 0.35 0.03984375 0.06328125
5 0.45390625 0.34453125 0.03671875 0.053125
5 0.35 0.23984375 0.03984375 0.06484375
5 0.31640625 0.27421875 0.034375 0.05234375
5 0.35390625 0.2921875 0.03828125 0.06015625
5 0.36484375 0.36484375 0.03984375 0.0625
5 0.34453125 0.396875 0.0359375 0.05859375
5 0.36640625 0.175 0.0390625 0.053125