3 0.7984375 0.32890625 0.01328125 0.01953125
3 0.7171875 0.4140625 0.01328125 0.0234375
3 0.73046875 0.42109375 0.01328125 0.01875
3 0.57890625 0.4125 0.0125 0.021875
3 0.54375 0.496875 0.015625 0.0234375
3 0.54375 0.33125 0.01484375 0.0203125
3 0.53125 0.29453125 0.01484375 0.02109375
3 0.5359375 0.4078125 0.0171875 0.02421875
3 0.4984375 0.48359375 0.01171875 0.01640625
3 0.51484375 0.534375 0.0140625 0.01875
3 0.378125 0.7984375 0.0171875 0.0234375
3 0.36640625 0.7859375 0.01640625 0.02265625
3 0.35 0.80703125 0.01640625 0.0234375
3 0.2796875 0.74296875 0.0171875 0.02734375
3 0.25546875 0.7203125 0.0125 0.01953125
3 0.240625 0.72109375 0.01484375 0.0203125
3 0.2390625 0.7015625 0.01484375 0.02109375
3 0.22578125 0.71640625 0.01640625 0.0234375
3 0.25390625 0.7578125 0.02109375 0.0234375
3 0.2546875 0.7390625 0.015625 0.01875
3 0.23515625 0.7578125 0.015625 0.02109375
3 0.1359375 0.821875 0.01484375 0.02578125
3 0.121875 0.82734375 0.0125 0.025
3 0.13125 0.778125 0.0140625 0.025
3 0.11484375 0.77578125 0.015625 0.021875
3 0.1453125 0.84375 0.01484375 0.028125
3 0.2078125 0.51796875 0.0203125 0.0328125
3 0.16328125 0.53359375 0.0203125 0.03125
5 0.2375 0.7375 0.015625 0.01875
5 0.2921875 0.67109375 0.0125 0.01953125
5 0.2890625 0.70078125 0.01015625 0.015625
5 0.28046875 0.70859375 0.0125 0.0203125
5 0.26953125 0.725 0.01484375 0.021875
5 0.290625 0.728125 0.01171875 0.015625
5 0.2921875 0.73984375 0.0125 0.01796875
5 0.246875 0.66953125 0.0125 0.01953125
5 0.23046875 0.66640625 0.0125 0.0203125
5 0.23515625 0.67890625 0.01328125 0.01953125
4 0.165625 0.8140625 0.015625 0.025
4 0.11796875 0.79296875 0.0140625 0.021875
4 0.128125 0.80078125 0.015625 0.01953125
4 0.11875 0.73515625 0.01640625 0.02421875
4 0.10078125 0.73515625 0.0140625 0.01953125
5 0.1515625 0.77734375 0.01171875 0.01875
5 0.31796875 0.625 0.01015625 0.01640625
5 0.17578125 0.56171875 0.01171875 0.0171875
5 0.1859375 0.53984375 0.009375 0.0140625
5 0.18046875 0.51015625 0.01328125 0.0171875
5 0.2 0.49453125 0.01171875 0.01640625