3 0.84609375 0.90703125 0.13828125 0.18359375
3 0.90078125 0.4203125 0.196875 0.29375
3 0.75859375 0.4140625 0.18515625 0.2625
3 0.646875 0.44453125 0.18671875 0.2609375
3 0.52578125 0.50546875 0.171875 0.2609375
3 0.56796875 0.6234375 0.1765625 0.2546875
3 0.5546875 0.70625 0.19140625 0.24140625
3 0.48125 0.78359375 0.1796875 0.2484375
3 0.384375 0.6390625 0.15859375 0.234375
3 0.2625 0.61484375 0.178125 0.26015625
3 0.24921875 0.73828125 0.20234375 0.27578125
4 0.68671875 0.6375 0.178125 0.265625
5 0.7484375 0.22421875 0.11328125 0.146875
5 0.60390625 0.23125 0.1453125 0.21328125
5 0.36796875 0.11796875 0.17890625 0.23515625