3 0.4890625 0.69296875 0.14453125 0.2078125
3 0.6625 0.28515625 0.13828125 0.19921875
3 0.77734375 0.19765625 0.140625 0.19609375
3 0.78671875 0.334375 0.125 0.1328125
5 0.38359375 0.421875 0.07734375 0.13203125
5 0.43515625 0.32265625 0.06484375 0.1125
5 0.575 0.15390625 0.06640625 0.1140625
5 0.64296875 0.10625 0.11015625 0.08359375
5 0.68046875 0.3890625 0.10625 0.11015625
5 0.42734375 0.49609375 0.07421875 0.10859375
5 0.365625 0.525 0.07734375 0.10859375
5 0.35859375 0.61015625 0.08515625 0.13125
5 0.421875 0.66171875 0.08515625 0.12890625
5 0.4609375 0.415625 0.05546875 0.09140625