3 0.39296875 0.35 0.16171875 0.2390625
3 0.26015625 0.40078125 0.18671875 0.2765625
3 0.3953125 0.4328125 0.184375 0.259375
3 0.40078125 0.57265625 0.175 0.2546875
3 0.32265625 0.65078125 0.171875 0.2921875
3 0.6328125 0.51875 0.21015625 0.3140625
3 0.5625 0.68515625 0.20703125 0.2953125
3 0.659375 0.7625 0.1703125 0.25078125
3 0.5390625 0.76171875 0.13671875 0.19765625
3 0.23671875 0.61875 0.1234375 0.17265625
5 0.5671875 0.16953125 0.121875 0.184375
5 0.61796875 0.36796875 0.13515625 0.19296875
5 0.521875 0.346875 0.109375 0.15703125
5 0.29140625 0.2328125 0.12578125 0.17890625
5 0.196875 0.51171875 0.13671875 0.2046875
4 0.4375 0.6546875 0.16484375 0.2140625