3 0.3109375 0.50390625 0.09921875 0.1609375
3 0.44921875 0.51328125 0.1140625 0.16484375
3 0.53671875 0.50859375 0.1078125 0.15
3 0.58359375 0.5390625 0.09921875 0.14921875
3 0.515625 0.58984375 0.090625 0.10859375
3 0.30625 0.20859375 0.11171875 0.16328125
3 0.34453125 0.30546875 0.10234375 0.12109375
3 0.63203125 0.12890625 0.10234375 0.1125
3 0.5578125 0.15625 0.109375 0.159375
3 0.47265625 0.21640625 0.10703125 0.16171875
3 0.39140625 0.22109375 0.103125 0.15
3 0.41171875 0.121875 0.06875 0.07265625
3 0.334375 0.13359375 0.10390625 0.08671875
4 0.51875 0.315625 0.08203125 0.128125
5 0.41015625 0.43828125 0.07890625 0.10625
5 0.37265625 0.55859375 0.06875 0.1265625