3 0.47109375 0.46875 0.13828125 0.2046875
3 0.4125 0.55625 0.12265625 0.1875
3 0.46484375 0.65078125 0.121875 0.18671875
3 0.35390625 0.37734375 0.14609375 0.22109375
3 0.615625 0.64375 0.1375 0.1921875
3 0.6234375 0.740625 0.13046875 0.18984375
3 0.61171875 0.82421875 0.13984375 0.159375
5 0.4140625 0.3734375 0.09765625 0.1484375
5 0.35546875 0.3984375 0.0859375 0.13359375
5 0.29765625 0.328125 0.08359375 0.1296875
5 0.38359375 0.715625 0.08125 0.13203125
5 0.5484375 0.78671875 0.0875 0.13046875