3 0.225 0.67109375 0.1390625 0.2578125
3 0.28203125 0.49765625 0.215625 0.290625
3 0.475 0.640625 0.20546875 0.303125
3 0.34375 0.2671875 0.18828125 0.26328125
5 0.34296875 0.71796875 0.14609375 0.22421875
5 0.3234375 0.575 0.1234375 0.1625
5 0.4 0.40703125 0.11875 0.178125
5 0.2578125 0.69296875 0.115625 0.2125
5 0.4078125 0.828125 0.125 0.17890625
5 0.3328125 0.94296875 0.12265625 0.1140625
5 0.4484375 0.93828125 0.14609375 0.1234375
5 0.67890625 0.76875 0.12734375 0.18125
5 0.7375 0.6046875 0.11171875 0.178125
5 0.834375 0.6234375 0.13515625 0.196875