3 0.18125 0.65 0.13515625 0.215625
3 0.29921875 0.5703125 0.15390625 0.221875
3 0.37265625 0.621875 0.14453125 0.21328125
3 0.39375 0.7609375 0.134375 0.184375
3 0.44765625 0.8765625 0.15 0.14296875
3 0.5140625 0.81484375 0.1546875 0.20625
3 0.61171875 0.86953125 0.115625 0.13125
3 0.56875 0.565625 0.1328125 0.196875
3 0.775 0.503125 0.13671875 0.18671875
3 0.66875 0.49375 0.13984375 0.18359375
3 0.49765625 0.44765625 0.134375 0.2
3 0.63125 0.128125 0.12578125 0.14375
3 0.54921875 0.26875 0.14375 0.1875
3 0.62734375 0.36640625 0.13828125 0.1296875
3 0.59375 0.43671875 0.09296875 0.16171875
4 0.46796875 0.1828125 0.096875 0.1328125
5 0.546875 0.15 0.0734375 0.1265625