3 0.47265625 0.38359375 0.11796875 0.165625
3 0.7328125 0.390625 0.0984375 0.14921875
3 0.52890625 0.50703125 0.11484375 0.1484375
3 0.4578125 0.62734375 0.1140625 0.16015625
3 0.4828125 0.5859375 0.1015625 0.16328125
3 0.35234375 0.77890625 0.1421875 0.1859375
3 0.246875 0.86875 0.12421875 0.13671875
4 0.215625 0.73203125 0.0984375 0.13984375
5 0.3328125 0.7578125 0.0765625 0.11796875
4 0.77265625 0.41015625 0.08203125 0.115625
4 0.840625 0.18984375 0.078125 0.11328125
5 0.70703125 0.1671875 0.08125 0.115625
5 0.86328125 0.29609375 0.075 0.10546875
5 0.86796875 0.4078125 0.075 0.1109375