3 0.5109375 0.63671875 0.15546875 0.22734375
3 0.7546875 0.45234375 0.1328125 0.2
3 0.52578125 0.48125 0.14765625 0.209375
3 0.42265625 0.41640625 0.15078125 0.2203125
3 0.45859375 0.43828125 0.13984375 0.215625
3 0.2765625 0.3453125 0.184375 0.2609375
3 0.14921875 0.33203125 0.15390625 0.203125
4 0.16171875 0.4828125 0.13046875 0.190625
5 0.26484375 0.378125 0.103125 0.15703125
4 0.78671875 0.40625 0.1078125 0.1578125
4 0.91796875 0.56796875 0.1046875 0.15390625
5 0.7984375 0.68125 0.1078125 0.1578125
5 0.90703125 0.45234375 0.09921875 0.14453125
5 0.87734375 0.34296875 0.1 0.14921875