3 0.2921875 0.675 0.140625 0.21171875
3 0.38671875 0.59140625 0.13984375 0.2078125
3 0.48515625 0.61875 0.1140625 0.17265625
3 0.46875 0.6734375 0.13046875 0.18984375
3 0.53203125 0.1359375 0.096875 0.14609375
3 0.590625 0.24609375 0.08125 0.14140625
3 0.36796875 0.41484375 0.109375 0.1640625
5 0.32109375 0.7015625 0.1125 0.1640625
5 0.32578125 0.8234375 0.09921875 0.140625
5 0.55546875 0.68828125 0.103125 0.15078125
5 0.63515625 0.68046875 0.10234375 0.15859375
5 0.49375 0.50390625 0.10546875 0.1625
5 0.56484375 0.5546875 0.0859375 0.12578125
5 0.5734375 0.4203125 0.08359375 0.1203125
5 0.58828125 0.4921875 0.1140625 0.14453125
5 0.4890625 0.33125 0.115625 0.1734375
5 0.578125 0.31484375 0.11015625 0.16171875
5 0.5234375 0.2453125 0.09453125 0.1234375