3 0.69375 0.53515625 0.13359375 0.2078125
3 0.6453125 0.42578125 0.128125 0.18359375
3 0.6125 0.484375 0.128125 0.1953125
3 0.64921875 0.61171875 0.10859375 0.13671875
3 0.58203125 0.35078125 0.1171875 0.17421875
3 0.59296875 0.5609375 0.09921875 0.128125
3 0.534375 0.50546875 0.10703125 0.1515625
3 0.49921875 0.40234375 0.12421875 0.19296875
3 0.51796875 0.61640625 0.12578125 0.15546875
3 0.47109375 0.503125 0.10546875 0.16640625
3 0.43046875 0.60390625 0.1234375 0.16796875
3 0.478125 0.65703125 0.10390625 0.128125
3 0.4078125 0.71015625 0.11640625 0.17109375
3 0.45546875 0.27109375 0.109375 0.128125
3 0.43203125 0.3390625 0.11640625 0.16953125
3 0.36015625 0.4015625 0.11328125 0.15390625
3 0.35234375 0.478125 0.07265625 0.0953125
4 0.40859375 0.4953125 0.0796875 0.11328125
5 0.36171875 0.52578125 0.0765625 0.11484375