3 0.290625 0.73203125 0.14296875 0.23984375
3 0.31484375 0.5671875 0.2046875 0.29140625
3 0.49765625 0.628125 0.19921875 0.296875
3 0.33515625 0.35234375 0.18046875 0.2609375
5 0.396875 0.73515625 0.14296875 0.2171875
5 0.36015625 0.6203125 0.11640625 0.16328125
5 0.40234375 0.45390625 0.115625 0.1734375
5 0.32109375 0.740625 0.11875 0.19765625
5 0.4671875 0.8078125 0.1203125 0.17578125
5 0.4234375 0.934375 0.1171875 0.13125
5 0.51796875 0.89765625 0.13046875 0.15859375
5 0.6890625 0.6734375 0.12265625 0.17890625
5 0.715625 0.515625 0.11015625 0.17109375
5 0.80078125 0.5015625 0.13046875 0.19296875