3 0.73984375 0.74921875 0.140625 0.20703125
3 0.746875 0.59765625 0.15 0.21328125
3 0.51796875 0.77421875 0.13984375 0.2109375
3 0.4515625 0.7359375 0.11015625 0.16875
3 0.43359375 0.61484375 0.16953125 0.24296875
3 0.44140625 0.4421875 0.13203125 0.19453125
3 0.47578125 0.25625 0.13515625 0.19140625
3 0.553125 0.44375 0.14296875 0.19609375
3 0.628125 0.47734375 0.153125 0.22109375
3 0.646875 0.359375 0.14375 0.19296875
3 0.265625 0.775 0.12890625 0.15
4 0.61171875 0.60078125 0.10625 0.1609375
5 0.5484375 0.5765625 0.1078125 0.15703125
5 0.72421875 0.45234375 0.09296875 0.13671875
5 0.91171875 0.4625 0.10625 0.15390625
5 0.23203125 0.71015625 0.0828125 0.125
5 0.1171875 0.6078125 0.1046875 0.1578125
5 0.0671875 0.66875 0.08984375 0.115625
4 0.21015625 0.615625 0.1125 0.17109375