3 0.7203125 0.19609375 0.153125 0.22734375
3 0.74296875 0.35 0.1625 0.2359375
3 0.490625 0.22265625 0.153125 0.23046875
3 0.4265625 0.2765625 0.1203125 0.18359375
3 0.4203125 0.40546875 0.184375 0.26796875
3 0.44609375 0.58046875 0.14375 0.21328125
3 0.50078125 0.7625 0.14609375 0.21171875
3 0.5609375 0.55234375 0.15390625 0.21875
3 0.63359375 0.50078125 0.165625 0.24375
3 0.665625 0.61640625 0.15390625 0.215625
3 0.23203125 0.2796875 0.13515625 0.1734375
4 0.60390625 0.378125 0.11640625 0.17578125
5 0.5421875 0.4171875 0.1171875 0.17265625
5 0.73515625 0.503125 0.1015625 0.15
5 0.92578125 0.45 0.115625 0.16953125
5 0.2046875 0.3546875 0.090625 0.13671875
5 0.096875 0.4859375 0.11484375 0.17265625
5 0.04375 0.4359375 0.0875 0.13046875
4 0.19140625 0.45625 0.1234375 0.18671875