3 0.640625 0.47890625 0.0921875 0.13671875
3 0.6296875 0.60390625 0.1234375 0.17421875
3 0.671875 0.47890625 0.12578125 0.20859375
3 0.703125 0.45625 0.11015625 0.18125
3 0.4234375 0.56953125 0.1046875 0.16875
3 0.52734375 0.44609375 0.1109375 0.16328125
3 0.48203125 0.42109375 0.09296875 0.146875
3 0.58984375 0.45546875 0.0765625 0.14140625
5 0.61015625 0.34375 0.06328125 0.090625
5 0.51953125 0.2984375 0.06171875 0.09453125
5 0.425 0.453125 0.06484375 0.103125
4 0.4828125 0.54375 0.07578125 0.11015625
4 0.56640625 0.5515625 0.075 0.11015625
4 0.56484375 0.253125 0.059375 0.08671875