3 0.3640625 0.503125 0.0984375 0.146875
3 0.384375 0.62421875 0.13203125 0.18828125
3 0.33359375 0.50859375 0.13671875 0.22109375
3 0.30078125 0.49140625 0.11953125 0.1921875
3 0.58515625 0.55546875 0.11328125 0.17890625
3 0.47265625 0.45078125 0.11875 0.17578125
3 0.515625 0.41875 0.1 0.15625
3 0.4125 0.47109375 0.084375 0.1484375
5 0.38359375 0.3640625 0.0671875 0.09765625
5 0.46953125 0.30390625 0.06640625 0.1015625
5 0.575 0.440625 0.0703125 0.109375
4 0.52421875 0.53984375 0.08125 0.11875
4 0.44296875 0.5625 0.08046875 0.11875
4 0.42109375 0.26640625 0.06328125 0.09296875