3 0.61171875 0.37265625 0.10703125 0.159375
3 0.64609375 0.4875 0.1421875 0.20546875
3 0.63828125 0.3484375 0.15 0.2375
3 0.65703125 0.30390625 0.13125 0.20625
3 0.45859375 0.621875 0.12421875 0.19296875
3 0.50390625 0.434375 0.128125 0.190625
3 0.45625 0.4484375 0.109375 0.16875
3 0.559375 0.39296875 0.09375 0.15703125
5 0.5375 0.28125 0.07265625 0.10625
5 0.44453125 0.315625 0.07265625 0.109375
5 0.41875 0.521875 0.0765625 0.11796875
4 0.5 0.553125 0.08828125 0.1296875
4 0.5734375 0.49375 0.08671875 0.12890625
4 0.4671875 0.23984375 0.06875 0.1015625