3 0.23046875 0.41640625 0.15390625 0.21953125
3 0.26640625 0.5390625 0.153125 0.21484375
3 0.534375 0.67578125 0.1515625 0.234375
3 0.6359375 0.72265625 0.15859375 0.23046875
4 0.296875 0.5703125 0.13203125 0.19140625
4 0.72421875 0.6546875 0.13046875 0.19375
4 0.44765625 0.68203125 0.11953125 0.17734375
5 0.42421875 0.57265625 0.12578125 0.18515625
5 0.603125 0.5921875 0.13046875 0.19140625
5 0.64296875 0.48359375 0.1125 0.16484375
5 0.38828125 0.24140625 0.1 0.14375
5 0.35703125 0.17734375 0.08828125 0.10703125
5 0.33984375 0.271875 0.08984375 0.1453125
5 0.278125 0.33359375 0.0875 0.14375
5 0.2296875 0.3078125 0.10234375 0.14140625