3 0.80703125 0.3875 0.17265625 0.2453125
3 0.76953125 0.5296875 0.171875 0.2390625
3 0.47109375 0.70078125 0.16953125 0.2640625
3 0.35703125 0.759375 0.178125 0.2578125
4 0.7375 0.56640625 0.1484375 0.2140625
4 0.2546875 0.68828125 0.14609375 0.21640625
4 0.56953125 0.7015625 0.13359375 0.1984375
5 0.59296875 0.57734375 0.14140625 0.2078125
5 0.390625 0.61015625 0.14609375 0.21484375
5 0.34296875 0.48984375 0.12578125 0.184375
5 0.62421875 0.19921875 0.11171875 0.1609375
5 0.6578125 0.125 0.10078125 0.11796875
5 0.6796875 0.23125 0.10078125 0.16328125
5 0.75078125 0.296875 0.09765625 0.1625
5 0.80546875 0.26484375 0.11484375 0.1578125