3 0.60078125 0.10234375 0.16171875 0.20390625
3 0.6546875 0.20546875 0.1609375 0.22578125
3 0.58828125 0.6421875 0.159375 0.24765625
3 0.559375 0.80546875 0.1671875 0.2421875
4 0.65703125 0.26328125 0.1390625 0.20078125
4 0.46953125 0.8875 0.13671875 0.203125
4 0.63984375 0.528125 0.12578125 0.18671875
5 0.5875 0.43671875 0.1328125 0.1953125
5 0.49921875 0.6890625 0.1375 0.2015625
5 0.4125 0.68203125 0.11875 0.1734375
5 0.40859375 0.20390625 0.1046875 0.1515625
5 0.3875 0.12578125 0.09375 0.11171875
5 0.45390625 0.15546875 0.09453125 0.153125
5 0.525 0.10703125 0.0921875 0.15234375
5 0.53671875 0.05078125 0.1078125 0.1015625