3 0.77109375 0.66328125 0.15234375 0.2109375
3 0.74765625 0.528125 0.153125 0.2046875
3 0.4890625 0.31796875 0.146875 0.23203125
3 0.390625 0.24375 0.15703125 0.22265625
4 0.72109375 0.48828125 0.13125 0.184375
4 0.29140625 0.290625 0.12734375 0.18828125
4 0.57890625 0.334375 0.1171875 0.17265625
5 0.590625 0.45234375 0.12421875 0.1796875
5 0.40859375 0.3859375 0.128125 0.1859375
5 0.35546875 0.4875 0.1109375 0.16015625
5 0.5890625 0.80234375 0.09921875 0.1390625
5 0.6140625 0.87578125 0.0921875 0.09609375
5 0.6421875 0.7828125 0.0859375 0.1453125
5 0.7125 0.7359375 0.0828125 0.1453125
5 0.759375 0.775 0.10234375 0.134375