3 0.5171875 0.74140625 0.175 0.26171875
3 0.390625 0.74140625 0.15 0.2203125
3 0.43984375 0.578125 0.20234375 0.28515625
3 0.50859375 0.44609375 0.1828125 0.26875
3 0.7109375 0.496875 0.1640625 0.23671875
3 0.32578125 0.0609375 0.16484375 0.121875
5 0.8390625 0.7125 0.13203125 0.19375
5 0.9171875 0.68984375 0.0890625 0.15625
5 0.8515625 0.4890625 0.1265625 0.1921875
5 0.815625 0.284375 0.121875 0.16875
5 0.596875 0.2828125 0.11875 0.16640625
5 0.54453125 0.1953125 0.11171875 0.16953125
5 0.61484375 0.14140625 0.109375 0.1578125
5 0.228125 0.19921875 0.1203125 0.18359375
5 0.471875 0.7140625 0.1109375 0.16875
5 0.1375 0.59921875 0.08984375 0.13203125
3 0.1859375 0.590625 0.1546875 0.23046875