3 0.546875 0.71171875 0.13828125 0.20703125
3 0.43359375 0.74921875 0.11953125 0.17265625
3 0.45625 0.58828125 0.1625 0.2203125
3 0.5 0.45 0.1453125 0.2109375
3 0.68828125 0.4359375 0.13046875 0.18515625
3 0.28125 0.121875 0.1359375 0.15390625
5 0.83046875 0.59140625 0.1046875 0.1515625
5 0.89765625 0.54765625 0.0671875 0.12890625
5 0.8125 0.3875 0.1 0.15234375
5 0.75390625 0.215625 0.0984375 0.1296875
5 0.5578125 0.27890625 0.0953125 0.12890625
5 0.5 0.215625 0.0875 0.134375
5 0.55546875 0.146875 0.0875 0.1234375
5 0.2171875 0.3125 0.09453125 0.1453125
5 0.50234375 0.70078125 0.08671875 0.134375
5 0.18828125 0.69609375 0.07109375 0.10390625
3 0.23125 0.67421875 0.12265625 0.18125