3 0.3078125 0.4234375 0.12265625 0.184375
3 0.39765625 0.45625 0.121875 0.18046875
3 0.446875 0.559375 0.09921875 0.15
3 0.415625 0.578125 0.11328125 0.165625
3 0.66328125 0.30546875 0.084375 0.12734375
3 0.65703125 0.42421875 0.071875 0.121875
3 0.45546875 0.33125 0.09453125 0.14296875
5 0.3140625 0.46484375 0.09765625 0.14296875
5 0.2703125 0.54375 0.0859375 0.12265625
5 0.4625 0.6625 0.08984375 0.13125
5 0.5140625 0.728125 0.08984375 0.1375
5 0.496875 0.49609375 0.0921875 0.140625
5 0.5203125 0.5890625 0.07421875 0.109375
5 0.578125 0.51484375 0.07265625 0.1046875
5 0.559375 0.571875 0.09765625 0.128125
5 0.56171875 0.3875 0.10078125 0.15078125
5 0.621875 0.4546875 0.09609375 0.140625
5 0.615625 0.36484375 0.08125 0.109375