3 0.8484375 0.85078125 0.15234375 0.128125
3 0.7125 0.88203125 0.13046875 0.1
3 0.6609375 0.5328125 0.15078125 0.21953125
3 0.5703125 0.6859375 0.15078125 0.23828125
3 0.33828125 0.36484375 0.1515625 0.221875
3 0.5859375 0.0953125 0.13671875 0.121875
3 0.39375 0.22109375 0.16875 0.2171875
3 0.49296875 0.375 0.14375 0.221875
3 0.39609375 0.4390625 0.11875 0.18515625
5 0.50703125 0.853125 0.1296875 0.17734375
5 0.79296875 0.85 0.11328125 0.140625
5 0.428125 0.63828125 0.11171875 0.1625
5 0.346875 0.59765625 0.11796875 0.165625
5 0.3171875 0.528125 0.09296875 0.121875