3 0.79375 0.1203125 0.13828125 0.109375
3 0.66640625 0.11640625 0.11875 0.084375
3 0.646875 0.4484375 0.134375 0.19453125
3 0.55078125 0.32265625 0.134375 0.2125
3 0.3625 0.66015625 0.134375 0.196875
3 0.61171875 0.865625 0.12421875 0.1046875
3 0.42421875 0.78359375 0.1515625 0.19140625
3 0.50390625 0.6234375 0.128125 0.196875
3 0.409375 0.58203125 0.10546875 0.16484375
5 0.47890625 0.1796875 0.11640625 0.15625
5 0.74296875 0.13203125 0.1015625 0.1234375
5 0.4234375 0.3921875 0.09921875 0.14453125
5 0.35078125 0.44453125 0.10546875 0.146875
5 0.3296875 0.5140625 0.0828125 0.1078125