3 0.91953125 0.6515625 0.16015625 0.2015625
3 0.8 0.75703125 0.14296875 0.1640625
3 0.6640625 0.44453125 0.19140625 0.28359375
3 0.61328125 0.64375 0.196875 0.30078125
3 0.309375 0.45859375 0.1921875 0.28515625
3 0.48359375 0.0765625 0.1546875 0.153125
3 0.32734375 0.28828125 0.20703125 0.29140625
3 0.46171875 0.38359375 0.1859375 0.28125
3 0.3828125 0.49921875 0.15390625 0.234375
5 0.5921875 0.8421875 0.16171875 0.23359375
5 0.86953125 0.68125 0.1375 0.190625
5 0.46328125 0.675 0.1421875 0.21015625
5 0.3734375 0.68046875 0.1484375 0.215625
5 0.328125 0.62890625 0.11484375 0.1625