3 0.7765625 0.3875 0.1640625 0.2328125
3 0.9046875 0.38359375 0.1640625 0.24453125
3 0.775 0.28828125 0.0921875 0.1078125
3 0.540625 0.51171875 0.1828125 0.2578125
3 0.421875 0.665625 0.13515625 0.16484375
3 0.4484375 0.83515625 0.16640625 0.2421875
3 0.49609375 0.78125 0.16171875 0.23828125
5 0.5953125 0.18828125 0.13125 0.18046875
5 0.71171875 0.3171875 0.06875 0.1015625
5 0.66875 0.40234375 0.0984375 0.1515625
5 0.65 0.54609375 0.121875 0.1828125
5 0.63125 0.67109375 0.09296875 0.13359375
5 0.5375 0.68828125 0.09140625 0.1265625
5 0.5640625 0.84609375 0.11484375 0.159375
5 0.4109375 0.7640625 0.10625 0.159375
5 0.34375 0.8390625 0.115625 0.15
5 0.4390625 0.34609375 0.09609375 0.1390625
5 0.49140625 0.27421875 0.0953125 0.1359375
5 0.753125 0.50625 0.11484375 0.15546875
5 0.765625 0.71953125 0.1046875 0.15546875