3 0.7640625 0.309375 0.1484375 0.20546875
3 0.89296875 0.2703125 0.146875 0.21796875
3 0.75 0.21015625 0.0875 0.08984375
3 0.5421875 0.50078125 0.16640625 0.2265625
3 0.44140625 0.68984375 0.1265625 0.13984375
3 0.4890625 0.853125 0.15 0.215625
3 0.53046875 0.78515625 0.1453125 0.21171875
5 0.55703125 0.16015625 0.11953125 0.1578125
5 0.690625 0.2578125 0.06171875 0.090625
5 0.6578125 0.3546875 0.0875 0.1359375
5 0.65703125 0.50546875 0.10859375 0.16328125
5 0.653125 0.6359375 0.08359375 0.11796875
5 0.5609375 0.6796875 0.0828125 0.1109375
5 0.60703125 0.83125 0.1046875 0.140625
5 0.44296875 0.79140625 0.09453125 0.1421875
5 0.384375 0.8859375 0.10703125 0.12890625
5 0.41875 0.3625 0.08671875 0.12265625
5 0.46328125 0.275 0.08671875 0.1203125
5 0.75546875 0.4359375 0.10546875 0.13515625
5 0.79453125 0.64765625 0.09375 0.1390625