3 0.4578125 0.4921875 0.06796875 0.10625
3 0.496875 0.521875 0.0859375 0.13515625
3 0.53828125 0.54375 0.09296875 0.1328125
3 0.48671875 0.58125 0.08828125 0.0859375
3 0.365625 0.66796875 0.08046875 0.10078125
3 0.2859375 0.515625 0.0796875 0.1390625
3 0.3453125 0.4390625 0.078125 0.11015625
3 0.36640625 0.3765625 0.07265625 0.0859375
4 0.559375 0.34609375 0.075 0.109375
4 0.4765625 0.4171875 0.06875 0.0984375
4 0.40859375 0.453125 0.05546875 0.096875
4 0.4609375 0.37734375 0.05859375 0.08984375
5 0.5796875 0.403125 0.06328125 0.0875
5 0.52734375 0.41171875 0.05625 0.0765625
5 0.5953125 0.525 0.0546875 0.08984375
5 0.56015625 0.6546875 0.06328125 0.09296875
5 0.42890625 0.54921875 0.0453125 0.07109375