3 0.53984375 0.51796875 0.06484375 0.10078125
3 0.50234375 0.52109375 0.08203125 0.128125
3 0.4640625 0.515625 0.08828125 0.12734375
3 0.49609375 0.5734375 0.08046875 0.08828125
3 0.571875 0.70703125 0.075 0.0984375
3 0.67109375 0.628125 0.07734375 0.13046875
3 0.6421875 0.5359375 0.07421875 0.10625
3 0.640625 0.475 0.0671875 0.08515625
4 0.49453125 0.3484375 0.071875 0.1046875
4 0.54296875 0.44921875 0.06484375 0.09453125
4 0.58828125 0.5125 0.05390625 0.090625
4 0.56484375 0.425 0.05546875 0.08515625
5 0.4640625 0.38203125 0.06015625 0.084375
5 0.50390625 0.4171875 0.053125 0.07421875
5 0.4234375 0.47109375 0.053125 0.084375
5 0.4203125 0.59296875 0.06015625 0.0890625
5 0.54921875 0.578125 0.04375 0.0671875