3 0.540625 0.51875 0.06484375 0.1
3 0.50859375 0.4875 0.08125 0.12734375
3 0.47265625 0.46328125 0.0875 0.12578125
3 0.5203125 0.43671875 0.08125 0.0859375
3 0.63203125 0.3765625 0.075 0.096875
3 0.69375 0.52109375 0.0765625 0.1296875
3 0.63671875 0.58046875 0.0734375 0.1046875
3 0.61484375 0.6328125 0.0671875 0.08359375
4 0.44296875 0.634375 0.07109375 0.10390625
4 0.5203125 0.5828125 0.06484375 0.09375
4 0.58125 0.56015625 0.053125 0.090625
4 0.53125 0.61953125 0.05546875 0.084375
5 0.428125 0.58203125 0.059375 0.08359375
5 0.475 0.58125 0.05234375 0.07265625
5 0.421875 0.471875 0.05234375 0.084375
5 0.46015625 0.3625 0.059375 0.08828125
5 0.56953125 0.47265625 0.04296875 0.06640625