3 0.61953125 0.340625 0.09453125 0.13125
3 0.60078125 0.428125 0.10625 0.15390625
3 0.5 0.31328125 0.09921875 0.14453125
3 0.55078125 0.53515625 0.1015625 0.15859375
3 0.45078125 0.50703125 0.10546875 0.16328125
3 0.43359375 0.37265625 0.078125 0.1125
4 0.534375 0.39375 0.07421875 0.11875
4 0.5078125 0.53203125 0.0890625 0.13984375
4 0.4734375 0.3984375 0.08125 0.12421875
4 0.65 0.2109375 0.071875 0.1078125
5 0.33984375 0.36171875 0.0703125 0.103125
5 0.3828125 0.340625 0.06796875 0.10234375
5 0.44375 0.25234375 0.0734375 0.109375
5 0.44609375 0.32109375 0.06328125 0.103125
5 0.6796875 0.24375 0.04765625 0.07421875
5 0.56484375 0.32421875 0.06875 0.09921875