3 0.59765625 0.71953125 0.0921875 0.1203125
3 0.59296875 0.6203125 0.1015625 0.14453125
3 0.4671875 0.703125 0.0953125 0.13515625
3 0.55859375 0.4890625 0.0953125 0.15234375
3 0.4484375 0.4796875 0.0984375 0.15625
3 0.40703125 0.61484375 0.07578125 0.10390625
4 0.5171875 0.63125 0.06796875 0.11484375
4 0.5125 0.475 0.0828125 0.134375
4 0.45390625 0.603125 0.0765625 0.11875
4 0.60703125 0.86796875 0.06796875 0.1015625
5 0.30703125 0.58984375 0.06796875 0.096875
5 0.3484375 0.628125 0.0640625 0.096875
5 0.39765625 0.74453125 0.0703125 0.103125
5 0.41171875 0.6734375 0.05859375 0.1
5 0.64453125 0.8453125 0.04453125 0.071875
5 0.53671875 0.71640625 0.06640625 0.09296875