3 0.628125 0.33125 0.10078125 0.140625
3 0.6078125 0.425 0.11328125 0.165625
3 0.50078125 0.3 0.10703125 0.15546875
3 0.55390625 0.5375 0.109375 0.16953125
3 0.446875 0.50625 0.11328125 0.175
3 0.42890625 0.3625 0.084375 0.1203125
4 0.5375 0.38671875 0.0796875 0.12734375
4 0.5078125 0.534375 0.0953125 0.15
4 0.47265625 0.390625 0.0875 0.13359375
4 0.66171875 0.19296875 0.07734375 0.115625
5 0.3296875 0.34921875 0.07578125 0.1109375
5 0.375 0.32734375 0.07265625 0.109375
5 0.44140625 0.234375 0.0796875 0.1171875
5 0.44296875 0.3078125 0.06796875 0.11015625
5 0.69375 0.228125 0.0515625 0.0796875
5 0.5703125 0.3125 0.07421875 0.10703125