3 0.80625 0.5265625 0.06796875 0.10625
3 0.7953125 0.62265625 0.09296875 0.1265625
3 0.7421875 0.53984375 0.0625 0.09453125
3 0.33828125 0.60625 0.06484375 0.0890625
3 0.325 0.66171875 0.0703125 0.06796875
3 0.19921875 0.796875 0.05859375 0.05625
3 0.3765625 0.8453125 0.06640625 0.09453125
3 0.4265625 0.76796875 0.07109375 0.10234375
3 0.86484375 0.7203125 0.071875 0.09765625
3 0.86328125 0.82421875 0.0640625 0.10546875
3 0.83828125 0.809375 0.05859375 0.10546875
3 0.81171875 0.73203125 0.07578125 0.11171875
3 0.5421875 0.4890625 0.07265625 0.08828125
3 0.49609375 0.51015625 0.075 0.1171875
3 0.5421875 0.5609375 0.06953125 0.09375
3 0.51796875 0.603125 0.08359375 0.10703125
3 0.56796875 0.64609375 0.0640625 0.10390625
5 0.70234375 0.15625 0.0625 0.07890625
5 0.58984375 0.5484375 0.04609375 0.06640625
5 0.409375 0.721875 0.05234375 0.075
5 0.17265625 0.234375 0.04453125 0.05859375
5 0.14921875 0.47109375 0.03984375 0.05625