3 0.821875 0.36796875 0.0875 0.134375
3 0.7953125 0.26875 0.11640625 0.1640625
3 0.7515625 0.3765625 0.0796875 0.11953125
3 0.31171875 0.45390625 0.08046875 0.11484375
3 0.28828125 0.39921875 0.0828125 0.0953125
3 0.13203125 0.3015625 0.06953125 0.0796875
3 0.31328125 0.18515625 0.08359375 0.121875
3 0.37890625 0.24921875 0.08984375 0.13125
3 0.85234375 0.13984375 0.08984375 0.1265625
3 0.834375 0.0484375 0.0828125 0.096875
3 0.81015625 0.06015625 0.07734375 0.1203125
3 0.79375 0.146875 0.09609375 0.1421875
3 0.546875 0.50390625 0.0890625 0.1171875
3 0.49453125 0.4984375 0.0953125 0.14765625
3 0.53515625 0.428125 0.08671875 0.121875
3 0.503125 0.39140625 0.103125 0.140625
3 0.54921875 0.32734375 0.0828125 0.13046875
5 0.771875 0.79921875 0.07734375 0.10390625
5 0.58828125 0.4234375 0.0578125 0.084375
5 0.36796875 0.30546875 0.065625 0.09609375
5 0.1953125 0.91015625 0.05546875 0.0765625
5 0.13203125 0.66640625 0.05 0.071875