3 0.846875 0.490625 0.184375 0.27578125
3 0.6875 0.4578125 0.190625 0.28515625
3 0.71875 0.3203125 0.11796875 0.1828125
3 0.65625 0.7375 0.1859375 0.27109375
3 0.6296875 0.62421875 0.19375 0.2953125
3 0.496875 0.68828125 0.1953125 0.29296875
3 0.54296875 0.56953125 0.134375 0.1984375
3 0.453125 0.47265625 0.18203125 0.2390625
3 0.23828125 0.5765625 0.20078125 0.2828125
3 0.30625 0.63125 0.17734375 0.2796875
4 0.6625 0.2953125 0.1703125 0.2546875
5 0.35234375 0.3140625 0.13984375 0.20703125
5 0.39609375 0.54296875 0.1234375 0.1984375
5 0.43203125 0.61640625 0.14453125 0.228125
5 0.334375 0.72265625 0.16640625 0.2453125
5 0.6828125 0.7140625 0.15625 0.23671875
5 0.584375 0.2515625 0.10625 0.171875