3 0.76015625 0.8296875 0.153125 0.22578125
3 0.62421875 0.71640625 0.15703125 0.234375
3 0.5953125 0.85 0.09375 0.153125
3 0.7078125 0.47265625 0.15625 0.21796875
3 0.64375 0.53671875 0.15703125 0.2453125
3 0.5671875 0.37265625 0.1609375 0.23984375
3 0.55625 0.503125 0.1109375 0.16015625
3 0.44921875 0.5 0.1625 0.1765625
3 0.32421875 0.23203125 0.171875 0.22421875
3 0.39765625 0.24921875 0.140625 0.23671875
4 0.5421875 0.81953125 0.13984375 0.209375
5 0.31015625 0.534375 0.115625 0.16875
5 0.4328125 0.39609375 0.096875 0.16875
5 0.4890625 0.37109375 0.11484375 0.1921875
5 0.4546875 0.20234375 0.1390625 0.1984375
5 0.71953125 0.5140625 0.12734375 0.19453125
5 0.4640625 0.78515625 0.08359375 0.146875