3 0.7515625 0.815625 0.2078125 0.30703125
3 0.603125 0.7875 0.22734375 0.33125
3 0.559375 0.671875 0.2171875 0.325
3 0.5984375 0.48984375 0.18125 0.27265625
3 0.59375 0.31328125 0.2078125 0.30859375
3 0.634375 0.2328125 0.14453125 0.16328125
3 0.43046875 0.1734375 0.1640625 0.2453125
3 0.48828125 0.3328125 0.203125 0.2953125
3 0.33828125 0.53125 0.20546875 0.3
3 0.20078125 0.5171875 0.1796875 0.26484375
3 0.109375 0.4046875 0.18046875 0.271875
3 0.3640625 0.7125 0.18671875 0.2734375
3 0.22265625 0.64921875 0.21640625 0.31484375
3 0.28359375 0.80703125 0.12890625 0.15625
4 0.52734375 0.146875 0.146875 0.21953125