3 0.7109375 0.6375 0.12734375 0.19140625
3 0.61640625 0.571875 0.1265625 0.1875
3 0.525 0.61015625 0.103125 0.15625
3 0.54375 0.66015625 0.11796875 0.17109375
3 0.45234375 0.159375 0.0875 0.1328125
3 0.403125 0.271875 0.071875 0.13046875
3 0.62421875 0.4015625 0.0984375 0.1484375
5 0.68515625 0.6671875 0.10234375 0.146875
5 0.6875 0.7828125 0.08984375 0.1265625
5 0.46328125 0.68515625 0.09375 0.1359375
5 0.3875 0.68828125 0.0921875 0.14375
5 0.51015625 0.50234375 0.0953125 0.146875
5 0.44609375 0.56015625 0.078125 0.11328125
5 0.43046875 0.434375 0.07578125 0.10859375
5 0.4203125 0.50390625 0.1046875 0.128125
5 0.50390625 0.3390625 0.1046875 0.15625
5 0.41953125 0.334375 0.1 0.1453125
5 0.4671875 0.26171875 0.08671875 0.11015625