3 0.13203125 0.3171875 0.06953125 0.0984375
3 0.20703125 0.29375 0.07109375 0.09453125
3 0.0984375 0.25703125 0.05625 0.0796875
3 0.07734375 0.178125 0.06171875 0.0921875
3 0.1140625 0.7390625 0.04765625 0.09140625
3 0.153125 0.7390625 0.0546875 0.1015625
3 0.1234375 0.871875 0.0546875 0.09375
3 0.2546875 0.4515625 0.0625 0.1
3 0.31484375 0.4625 0.06640625 0.08828125
3 0.34140625 0.50703125 0.05390625 0.08046875
3 0.4390625 0.37890625 0.07421875 0.09921875
3 0.534375 0.29375 0.06328125 0.07734375
3 0.528125 0.36015625 0.06640625 0.0953125
3 0.571875 0.365625 0.04453125 0.0734375
3 0.6125 0.39765625 0.075 0.10625
3 0.528125 0.525 0.06875 0.109375
3 0.4734375 0.59765625 0.0765625 0.12265625
3 0.434375 0.6359375 0.0609375 0.090625
3 0.38046875 0.60859375 0.059375 0.10546875
3 0.4484375 0.71484375 0.0703125 0.0859375
3 0.40859375 0.76015625 0.0796875 0.0859375
3 0.440625 0.83046875 0.053125 0.0875
3 0.55546875 0.8 0.07734375 0.1046875
3 0.59765625 0.60546875 0.06640625 0.1078125
3 0.84375 0.040625 0.078125 0.08125
3 0.8859375 0.40859375 0.06484375 0.1046875
3 0.6359375 0.80390625 0.078125 0.1171875
3 0.71171875 0.84375 0.05859375 0.08046875
3 0.74140625 0.6 0.040625 0.075
3 0.515625 0.92734375 0.06953125 0.07734375
4 0.2015625 0.4703125 0.07578125 0.11171875
4 0.34140625 0.35859375 0.06953125 0.1015625
5 0.39765625 0.2625 0.0625 0.0953125
5 0.821875 0.59296875 0.0734375 0.10390625
5 0.65625 0.6078125 0.059375 0.08046875
5 0.5671875 0.6078125 0.0578125 0.09140625
5 0.56875 0.4359375 0.05625 0.0796875