3 0.6953125 0.34609375 0.14140625 0.21328125
3 0.85 0.2234375 0.1234375 0.21484375
3 0.83046875 0.39140625 0.13828125 0.19375
3 0.8 0.6078125 0.15078125 0.215625
3 0.6796875 0.4921875 0.146875 0.2390625
3 0.60390625 0.49921875 0.1125 0.18515625
3 0.53515625 0.5234375 0.13125 0.19296875
3 0.490625 0.346875 0.14296875 0.2171875
3 0.37890625 0.39765625 0.15078125 0.21953125
3 0.465625 0.696875 0.13828125 0.20859375
3 0.49453125 0.83046875 0.13984375 0.20078125
3 0.57421875 0.71640625 0.1234375 0.1765625
3 0.33125 0.5078125 0.11484375 0.184375
3 0.27890625 0.59375 0.12578125 0.18671875
3 0.4609375 0.56171875 0.08984375 0.1578125
3 0.4140625 0.61875 0.090625 0.13984375
4 0.565625 0.30078125 0.14609375 0.21953125
4 0.51328125 0.2265625 0.1453125 0.209375