3 0.63046875 0.23046875 0.125 0.184375
3 0.50625 0.19140625 0.15546875 0.2265625
3 0.42578125 0.40078125 0.11328125 0.20703125
3 0.5703125 0.503125 0.121875 0.1328125
3 0.646875 0.703125 0.09765625 0.15234375
3 0.68671875 0.7625 0.08828125 0.128125
3 0.53203125 0.6765625 0.090625 0.1421875
3 0.38828125 0.81640625 0.12578125 0.18984375
3 0.31796875 0.73671875 0.140625 0.21875
3 0.2375 0.634375 0.12421875 0.203125
5 0.72265625 0.4703125 0.12734375 0.19296875
5 0.65703125 0.375 0.1078125 0.16796875
5 0.58046875 0.3625 0.09765625 0.15546875
5 0.5109375 0.3125 0.1046875 0.15390625
5 0.47734375 0.44140625 0.10078125 0.15546875
5 0.4375 0.584375 0.0953125 0.14921875
5 0.31484375 0.5421875 0.10078125 0.14609375
5 0.63515625 0.58984375 0.11875 0.17421875
5 0.596875 0.64609375 0.1140625 0.1515625
5 0.5515625 0.5375 0.10703125 0.14296875
5 0.521875 0.58671875 0.08203125 0.11796875
4 0.3390625 0.45859375 0.1109375 0.15625