3 0.48515625 0.1359375 0.125 0.1828125
3 0.61640625 0.20625 0.15625 0.22421875
3 0.6125 0.471875 0.10546875 0.215625
3 0.43828125 0.4453125 0.1296875 0.11875
3 0.28984375 0.56796875 0.096875 0.153125
3 0.2296875 0.58984375 0.08828125 0.12578125
3 0.4078125 0.640625 0.0890625 0.14375
3 0.490625 0.89609375 0.125 0.1890625
3 0.5875 0.88046875 0.1390625 0.2203125
3 0.70234375 0.853125 0.12109375 0.20703125
5 0.30703125 0.28359375 0.1265625 0.1921875
5 0.4046875 0.25 0.10625 0.16953125
5 0.48203125 0.30390625 0.0953125 0.1578125
5 0.56640625 0.31640625 0.1046875 0.153125
5 0.54921875 0.46640625 0.1 0.15625
5 0.5328125 0.63515625 0.09375 0.15
5 0.6640625 0.7 0.1015625 0.14375
5 0.34453125 0.47109375 0.11953125 0.171875
5 0.359375 0.55703125 0.1171875 0.1453125
5 0.44296875 0.49375 0.109375 0.1375
5 0.45234375 0.565625 0.0828125 0.11640625
4 0.6734375 0.60078125 0.11171875 0.153125