3 0.8359375 0.4296875 0.11640625 0.16640625
3 0.83515625 0.271875 0.12421875 0.16875
3 0.53671875 0.415625 0.11796875 0.165625
3 0.540625 0.53515625 0.11171875 0.1546875
3 0.45234375 0.621875 0.10625 0.15859375
3 0.38046875 0.47578125 0.11875 0.17421875
3 0.259375 0.34140625 0.1296875 0.18203125
5 0.78125 0.509375 0.1109375 0.16484375
5 0.78671875 0.3578125 0.1234375 0.15859375
5 0.62890625 0.2296875 0.0984375 0.14609375
5 0.5828125 0.25 0.078125 0.11796875
5 0.61796875 0.5046875 0.08828125 0.11875
5 0.790625 0.68984375 0.115625 0.15
4 0.3609375 0.3125 0.11953125 0.16875