3 0.16484375 0.4359375 0.11484375 0.1640625
3 0.13671875 0.590625 0.12265625 0.165625
3 0.45234375 0.57421875 0.11640625 0.1625
3 0.47109375 0.45703125 0.11015625 0.15234375
3 0.57265625 0.409375 0.1046875 0.15625
3 0.615625 0.58125 0.1171875 0.171875
3 0.7078125 0.7609375 0.128125 0.17890625
5 0.2328125 0.38203125 0.109375 0.16171875
5 0.19921875 0.5265625 0.121875 0.1546875
5 0.32890625 0.71640625 0.096875 0.14375
5 0.37734375 0.715625 0.07734375 0.11640625
5 0.390625 0.45390625 0.0875 0.1171875
5 0.25703125 0.203125 0.11484375 0.146875
4 0.6046875 0.746875 0.11796875 0.165625