3 0.73671875 0.525 0.10234375 0.15703125
3 0.76796875 0.4265625 0.0984375 0.1390625
3 0.525 0.68046875 0.0984375 0.1328125
3 0.3984375 0.5859375 0.1140625 0.16796875
3 0.28828125 0.6890625 0.1421875 0.1875
3 0.52578125 0.42890625 0.12265625 0.178125
3 0.43671875 0.46328125 0.1265625 0.18203125
3 0.48828125 0.25390625 0.14140625 0.18203125
5 0.80390625 0.27890625 0.08984375 0.12109375
5 0.815625 0.3609375 0.07578125 0.09296875
5 0.68671875 0.40546875 0.09453125 0.109375
5 0.640625 0.34921875 0.078125 0.1203125
4 0.69609375 0.27421875 0.09296875 0.12421875
4 0.58828125 0.40546875 0.06953125 0.12890625
4 0.521875 0.3296875 0.090625 0.10859375
4 0.45078125 0.3875 0.0875 0.1375
4 0.55546875 0.628125 0.0828125 0.13125
4 0.46875 0.709375 0.078125 0.12890625
4 0.33671875 0.759375 0.0796875 0.121875
4 0.31328125 0.86640625 0.08046875 0.1203125
5 0.31015625 0.63359375 0.084375 0.13515625
5 0.396875 0.68125 0.07578125 0.1078125