3 0.89765625 0.2875 0.053125 0.1140625
3 0.89140625 0.1875 0.06875 0.09765625
3 0.68203125 0.24296875 0.08828125 0.1234375
3 0.45859375 0.25390625 0.0578125 0.078125
3 0.64453125 0.63515625 0.06328125 0.109375
3 0.71875 0.71171875 0.08828125 0.10546875
3 0.5171875 0.62578125 0.06875 0.0921875
3 0.45859375 0.61640625 0.08125 0.12734375
3 0.5171875 0.68203125 0.0796875 0.096875
3 0.39765625 0.69453125 0.06015625 0.07734375
3 0.34453125 0.5 0.0640625 0.0953125
3 0.378125 0.34921875 0.109375 0.13515625
3 0.24375 0.2875 0.07578125 0.109375
3 0.35546875 0.575 0.08203125 0.10546875
4 0.56640625 0.5859375 0.0546875 0.08125
4 0.46484375 0.52421875 0.05703125 0.08359375
4 0.4375 0.4640625 0.05625 0.09453125
5 0.3640625 0.58515625 0.05390625 0.0796875
5 0.70859375 0.659375 0.06015625 0.08125