3 0.659375 0.58125 0.1046875 0.15546875
3 0.66328125 0.87421875 0.134375 0.10703125
3 0.5703125 0.8046875 0.10703125 0.171875
3 0.465625 0.55078125 0.0921875 0.134375
3 0.49609375 0.2375 0.11171875 0.159375
3 0.3875 0.228125 0.11328125 0.15
3 0.403125 0.38828125 0.125 0.18359375
3 0.36875 0.478125 0.096875 0.14140625
3 0.26015625 0.56953125 0.13046875 0.17890625
5 0.58046875 0.56796875 0.09296875 0.13203125
5 0.44765625 0.5234375 0.0859375 0.13671875
5 0.28203125 0.365625 0.08671875 0.128125
5 0.39453125 0.1171875 0.0859375 0.06640625
5 0.49375 0.128125 0.090625 0.0765625
5 0.7890625 0.753125 0.1015625 0.1515625
5 0.21015625 0.69609375 0.08984375 0.11328125
4 0.696875 0.76171875 0.0921875 0.1546875
4 0.5140625 0.39140625 0.09296875 0.153125