3 0.3328125 0.50546875 0.12734375 0.18984375
3 0.2671875 0.7890625 0.1484375 0.15234375
3 0.3734375 0.765625 0.1328125 0.20703125
3 0.528125 0.56640625 0.11171875 0.16484375
3 0.56328125 0.246875 0.134375 0.19609375
3 0.671875 0.2890625 0.134375 0.1875
3 0.62265625 0.4375 0.1515625 0.22421875
3 0.6375 0.54140625 0.1171875 0.1734375
3 0.725 0.68203125 0.15625 0.221875
5 0.4125 0.5296875 0.11171875 0.1625
5 0.55078125 0.54921875 0.10625 0.165625
5 0.74609375 0.47265625 0.10546875 0.15625
5 0.68828125 0.17734375 0.09453125 0.0953125
5 0.5890625 0.140625 0.10078125 0.1078125
5 0.1703125 0.6125 0.1234375 0.184375
5 0.746875 0.82890625 0.10625 0.14375
4 0.2578125 0.66328125 0.11484375 0.184375
4 0.5140625 0.38828125 0.11484375 0.1828125