3 0.340625 0.50625 0.12265625 0.18359375
3 0.27421875 0.23828125 0.1421875 0.14921875
3 0.37578125 0.2578125 0.128125 0.19921875
3 0.5265625 0.4421875 0.1078125 0.159375
3 0.5640625 0.74609375 0.1296875 0.18984375
3 0.6671875 0.703125 0.1296875 0.18125
3 0.61796875 0.5625 0.146875 0.2171875
3 0.63125 0.4625 0.11328125 0.1671875
3 0.71171875 0.32578125 0.15078125 0.21484375
5 0.41640625 0.48125 0.1078125 0.15703125
5 0.5484375 0.45859375 0.10234375 0.159375
5 0.73515625 0.525 0.10234375 0.1515625
5 0.684375 0.809375 0.090625 0.09375
5 0.58984375 0.846875 0.096875 0.10546875
5 0.18359375 0.409375 0.11953125 0.178125
5 0.73125 0.18515625 0.10234375 0.1390625
4 0.2671875 0.3578125 0.11171875 0.178125
4 0.515625 0.6125 0.11171875 0.1765625