3 0.3828125 0.921875 0.09296875 0.134375
3 0.49375 0.8640625 0.1171875 0.165625
3 0.33671875 0.75 0.0828125 0.11640625
3 0.3890625 0.7515625 0.0703125 0.1125
3 0.3015625 0.73125 0.10078125 0.14609375
3 0.26171875 0.58046875 0.10390625 0.14453125
3 0.23359375 0.4875 0.1078125 0.1578125
3 0.45 0.63203125 0.109375 0.16171875
3 0.3734375 0.57109375 0.1015625 0.15234375
3 0.315625 0.47890625 0.09296875 0.15546875
3 0.36875 0.4375 0.103125 0.16171875
3 0.425 0.51484375 0.075 0.1234375
3 0.42109375 0.375 0.11484375 0.171875
3 0.4890625 0.31953125 0.11171875 0.16640625
3 0.5375 0.509375 0.075 0.12109375
3 0.49609375 0.4703125 0.08046875 0.125
3 0.5640625 0.42890625 0.10234375 0.14921875
3 0.56640625 0.32578125 0.12578125 0.19453125
3 0.28203125 0.296875 0.11171875 0.15703125
3 0.3109375 0.24453125 0.10546875 0.16171875
5 0.5703125 0.1828125 0.09765625 0.1484375
5 0.57265625 0.1046875 0.09296875 0.1484375
5 0.43359375 0.234375 0.078125 0.1046875
5 0.378125 0.30390625 0.096875 0.13046875
5 0.37421875 0.12890625 0.09921875 0.12265625
5 0.48359375 0.09609375 0.1046875 0.13671875