3 0.34765625 0.490625 0.0765625 0.10546875
3 0.35078125 0.56875 0.07421875 0.10390625
3 0.4078125 0.56640625 0.07265625 0.10703125
3 0.44375 0.45859375 0.078125 0.115625
3 0.49296875 0.4875 0.08359375 0.13203125
3 0.56796875 0.41796875 0.0875 0.13359375
3 0.625 0.52265625 0.07890625 0.11171875
3 0.615625 0.46875 0.0734375 0.1
3 0.63671875 0.41484375 0.08046875 0.10546875
3 0.709375 0.49765625 0.08515625 0.121875
5 0.40234375 0.48046875 0.06484375 0.09765625
5 0.396875 0.55 0.05 0.07578125
5 0.45 0.56875 0.05078125 0.07421875
5 0.4859375 0.5984375 0.05546875 0.08046875
5 0.5078125 0.5609375 0.053125 0.07734375
5 0.53203125 0.475 0.05625 0.08515625
5 0.45546875 0.6671875 0.06171875 0.096875
5 0.559375 0.665625 0.04921875 0.071875
5 0.57109375 0.5421875 0.059375 0.084375
5 0.6046875 0.61875 0.0484375 0.06953125
5 0.63125 0.58515625 0.040625 0.07265625
5 0.65390625 0.590625 0.0546875 0.08125
4 0.69609375 0.5640625 0.06015625 0.084375