3 0.64765625 0.5796875 0.10703125 0.1390625
3 0.5484375 0.27265625 0.10859375 0.16875
3 0.34296875 0.26796875 0.090625 0.1296875
3 0.51875 0.5734375 0.078125 0.11171875
3 0.4078125 0.3890625 0.0859375 0.12734375
5 0.5984375 0.44921875 0.065625 0.09765625
5 0.553125 0.50546875 0.07734375 0.1171875
5 0.53515625 0.3921875 0.06796875 0.09453125
5 0.51640625 0.15703125 0.0609375 0.09296875
5 0.46875 0.371875 0.0578125 0.07890625
5 0.4484375 0.43515625 0.05234375 0.0734375
5 0.61875 0.7390625 0.06171875 0.08671875
5 0.43125 0.6578125 0.06484375 0.096875
4 0.4671875 0.70625 0.06875 0.10703125
4 0.521875 0.27578125 0.08046875 0.1140625