3 0.61171875 0.646875 0.071875 0.09921875
3 0.575 0.69609375 0.06953125 0.09765625
3 0.53828125 0.6390625 0.06875 0.10078125
3 0.5609375 0.53125 0.0734375 0.10859375
3 0.515625 0.50234375 0.07890625 0.12421875
3 0.4953125 0.38203125 0.0828125 0.12578125
3 0.41171875 0.39609375 0.07421875 0.10546875
3 0.44140625 0.36875 0.06953125 0.09453125
3 0.45078125 0.31171875 0.07578125 0.09921875
3 0.365625 0.2953125 0.08046875 0.115625
5 0.5796875 0.5859375 0.06171875 0.09140625
5 0.55234375 0.63828125 0.046875 0.07109375
5 0.50859375 0.5984375 0.04765625 0.0703125
5 0.47109375 0.58359375 0.05234375 0.07578125
5 0.4734375 0.53671875 0.05 0.07265625
5 0.49453125 0.45546875 0.053125 0.08046875
5 0.46171875 0.65859375 0.0578125 0.09140625
5 0.39296875 0.55546875 0.04609375 0.06796875
5 0.4390625 0.4609375 0.05546875 0.0796875
5 0.3828125 0.4796875 0.0453125 0.065625
5 0.38046875 0.43125 0.0390625 0.06796875
5 0.3625 0.4125 0.0515625 0.0765625
4 0.3453125 0.353125 0.05703125 0.07890625