3 0.3921875 0.6828125 0.0828125 0.1171875
3 0.43671875 0.73125 0.0796875 0.115625
3 0.4734375 0.6609375 0.0796875 0.11796875
3 0.4390625 0.5453125 0.08515625 0.1265625
3 0.4875 0.5046875 0.09296875 0.14375
3 0.5 0.36640625 0.09609375 0.14609375
3 0.59453125 0.3671875 0.08515625 0.1234375
3 0.559375 0.34140625 0.0796875 0.11171875
3 0.54453125 0.28046875 0.08671875 0.11875
3 0.6375 0.246875 0.09296875 0.13515625
5 0.4234375 0.609375 0.071875 0.10703125
5 0.45703125 0.66328125 0.0546875 0.0828125
5 0.503125 0.61015625 0.05546875 0.08203125
5 0.54296875 0.58671875 0.06015625 0.0890625
5 0.53671875 0.53515625 0.0578125 0.08515625
5 0.50703125 0.4484375 0.0625 0.09375
5 0.56015625 0.66953125 0.06796875 0.10625
5 0.62890625 0.54140625 0.05390625 0.07890625
5 0.56953125 0.44453125 0.0640625 0.09375
5 0.6328125 0.4546875 0.05234375 0.0765625
5 0.6328125 0.40078125 0.04609375 0.07734375
5 0.65078125 0.3765625 0.06015625 0.0890625
4 0.66484375 0.30703125 0.065625 0.09296875