3 0.2125 0.009375 0.115625 0.01875
3 0.27578125 0.059375 0.1265625 0.11875
3 0.38671875 0.07109375 0.15625 0.1421875
3 0.39140625 0.31015625 0.1890625 0.27265625
3 0.49921875 0.1921875 0.1875 0.2640625
3 0.49296875 0.64140625 0.17421875 0.278125
3 0.609375 0.6234375 0.18984375 0.26875
3 0.59375 0.78984375 0.18203125 0.27109375
3 0.790625 0.9734375 0.13359375 0.05234375
4 0.26875 0.42421875 0.16484375 0.24140625
5 0.240625 0.17578125 0.14921875 0.21171875
5 0.234375 0.5296875 0.14296875 0.18203125
5 0.41640625 0.68984375 0.12890625 0.196875
5 0.1796875 0.109375 0.1265625 0.196875
5 0.17578125 0.05546875 0.0921875 0.11015625