3 0.95625 0.25234375 0.08671875 0.16640625
3 0.87734375 0.27890625 0.12109375 0.1796875
3 0.778125 0.196875 0.15078125 0.196875
3 0.67109375 0.4296875 0.18125 0.25625
3 0.621875 0.23671875 0.18046875 0.246875
3 0.45859375 0.63125 0.1625 0.2671875
3 0.3640625 0.5171875 0.18203125 0.2515625
3 0.315625 0.6734375 0.17265625 0.25625
3 0.053125 0.7390625 0.10625 0.21015625
4 0.73359375 0.63203125 0.15703125 0.22734375
5 0.8515625 0.440625 0.14296875 0.1984375
5 0.725 0.75234375 0.13984375 0.165625
5 0.50703125 0.7375 0.121875 0.18671875
5 0.9296875 0.434375 0.11875 0.18828125
5 0.959375 0.37109375 0.08046875 0.1515625