3 0.40390625 0.72421875 0.1359375 0.18984375
3 0.35390625 0.340625 0.14375 0.21953125
3 0.53984375 0.12265625 0.1171875 0.17265625
3 0.51953125 0.58515625 0.1015625 0.1484375
3 0.5359375 0.30078125 0.1125 0.1671875
5 0.3890625 0.553125 0.0859375 0.128125
5 0.45625 0.55859375 0.10234375 0.15390625
5 0.4203125 0.4359375 0.0875 0.1265625
5 0.3296875 0.20078125 0.08046875 0.121875
5 0.471875 0.3484375 0.07421875 0.10625
5 0.5203125 0.38515625 0.06796875 0.0984375
5 0.5046875 0.83984375 0.0796875 0.115625
5 0.63828125 0.57109375 0.084375 0.128125
4 0.62734375 0.653125 0.090625 0.1390625
4 0.3796875 0.315625 0.1046875 0.15234375