3 0.25625 0.03125 0.103125 0.0625
3 0.3109375 0.07734375 0.11484375 0.1546875
3 0.4078125 0.08984375 0.13984375 0.1796875
3 0.40703125 0.32734375 0.1703125 0.24609375
3 0.5046875 0.22734375 0.16875 0.23828125
3 0.49140625 0.62578125 0.15703125 0.24921875
3 0.5953125 0.61484375 0.1703125 0.24296875
3 0.578125 0.7609375 0.16328125 0.24375
3 0.7484375 0.95390625 0.1203125 0.09140625
4 0.296875 0.4234375 0.1484375 0.2171875
5 0.27578125 0.20234375 0.13359375 0.19140625
5 0.26328125 0.515625 0.12734375 0.165625
5 0.42265625 0.665625 0.115625 0.1765625
5 0.2234375 0.13984375 0.1140625 0.1765625
5 0.22109375 0.071875 0.08359375 0.13984375