3 0.38046875 0.46328125 0.1578125 0.23359375
3 0.4046875 0.3203125 0.165625 0.24140625
3 0.46796875 0.44375 0.14921875 0.22734375
3 0.5734375 0.40078125 0.15546875 0.22421875
3 0.6359375 0.45390625 0.14765625 0.2234375
3 0.68046875 0.37890625 0.1390625 0.23359375
5 0.23203125 0.6875 0.1234375 0.1828125
5 0.1421875 0.65078125 0.1296875 0.19609375
5 0.09453125 0.47734375 0.125 0.18515625
5 0.32734375 0.34453125 0.1140625 0.171875
5 0.5046875 0.54609375 0.11953125 0.1734375
5 0.4453125 0.7328125 0.103125 0.1578125
5 0.46328125 0.62421875 0.11953125 0.18203125
5 0.60859375 0.621875 0.1 0.153125
5 0.6546875 0.746875 0.09140625 0.11484375