3 0.62890625 0.37890625 0.096875 0.11953125
3 0.5828125 0.70703125 0.0953125 0.15
3 0.3875 0.784375 0.08046875 0.1140625
3 0.50703125 0.43046875 0.06953125 0.09765625
3 0.43046875 0.64609375 0.0765625 0.11171875
5 0.60234375 0.52109375 0.0578125 0.0859375
5 0.55078125 0.4828125 0.06875 0.10390625
5 0.5515625 0.59765625 0.0609375 0.08203125
5 0.5703125 0.82890625 0.05390625 0.08203125
5 0.49140625 0.640625 0.0515625 0.06875
5 0.46171875 0.5875 0.046875 0.06484375
5 0.57578125 0.23671875 0.05546875 0.07578125
5 0.41015625 0.38125 0.05703125 0.0859375
4 0.43671875 0.32265625 0.06015625 0.09453125
4 0.55703125 0.71328125 0.071875 0.1