3 0.28828125 0.771875 0.12109375 0.1796875
3 0.3578125 0.6890625 0.115625 0.16640625
3 0.59609375 0.66484375 0.109375 0.16015625
3 0.54375 0.58125 0.11953125 0.18046875
3 0.48515625 0.5734375 0.078125 0.10703125
3 0.5765625 0.48671875 0.10546875 0.13984375
5 0.36171875 0.8359375 0.08203125 0.115625
5 0.396875 0.60625 0.0859375 0.1265625
5 0.3953125 0.51640625 0.0671875 0.1046875
5 0.30546875 0.5625 0.07578125 0.10859375
5 0.271875 0.4953125 0.07109375 0.1078125
5 0.48125 0.64296875 0.09453125 0.140625
5 0.5328125 0.68828125 0.0703125 0.10234375
5 0.69765625 0.5859375 0.0703125 0.1078125
5 0.6453125 0.36875 0.0984375 0.14453125
5 0.6015625 0.31640625 0.09453125 0.13984375
5 0.521875 0.33125 0.0765625 0.115625
5 0.50859375 0.45 0.090625 0.14609375
4 0.55390625 0.41875 0.10703125 0.159375