3 0.7609375 0.44609375 0.08984375 0.12890625
3 0.678125 0.46171875 0.0875 0.11640625
3 0.4796875 0.30546875 0.08046875 0.11484375
3 0.49453125 0.4109375 0.08671875 0.13203125
3 0.53828125 0.46015625 0.0625 0.0703125
3 0.4375 0.4625 0.0859375 0.08828125
5 0.7234375 0.34140625 0.06328125 0.07890625
5 0.6203125 0.49921875 0.06328125 0.090625
5 0.59140625 0.571875 0.046875 0.07890625
5 0.67890625 0.60078125 0.0578125 0.075
5 0.68359375 0.6796875 0.0515625 0.0796875
5 0.56484375 0.4078125 0.06875 0.10234375
5 0.53828125 0.33359375 0.053125 0.071875
5 0.3734375 0.29375 0.05078125 0.07890625
5 0.34453125 0.50546875 0.0734375 0.103125
5 0.36171875 0.5796875 0.0703125 0.09921875
5 0.43046875 0.6265625 0.05546875 0.08515625
5 0.4796875 0.54140625 0.0609375 0.1140625
4 0.43359375 0.5328125 0.07890625 0.115625