3 0.65546875 0.52265625 0.1171875 0.16328125
3 0.50859375 0.2640625 0.12421875 0.18984375
3 0.309375 0.33671875 0.1015625 0.1484375
3 0.53046875 0.56484375 0.0875 0.128125
3 0.3921875 0.42890625 0.096875 0.14453125
5 0.5859375 0.41484375 0.07421875 0.1109375
5 0.5515625 0.48671875 0.08828125 0.1328125
5 0.515625 0.384375 0.07578125 0.109375
5 0.4578125 0.16484375 0.06953125 0.1046875
5 0.4484375 0.3890625 0.0640625 0.09140625
5 0.4390625 0.4578125 0.05859375 0.08515625
5 0.653125 0.6875 0.06875 0.1
5 0.46015625 0.67890625 0.07265625 0.11015625
4 0.50234375 0.71171875 0.078125 0.1203125
4 0.4828125 0.27734375 0.08984375 0.13125