3 0.1671875 0.384375 0.13203125 0.178125
3 0.33203125 0.36484375 0.13828125 0.20625
3 0.49296875 0.56015625 0.1375 0.178125
3 0.5421875 0.38828125 0.11953125 0.19296875
3 0.7109375 0.35234375 0.11015625 0.16328125
3 0.80703125 0.20546875 0.10078125 0.20546875
3 0.8890625 0.5578125 0.11484375 0.18671875
5 0.15234375 0.64609375 0.08046875 0.1296875
5 0.82734375 0.43515625 0.084375 0.13515625
5 0.8859375 0.2046875 0.084375 0.1578125
5 0.5375 0.171875 0.084375 0.09765625
4 0.7359375 0.21015625 0.09765625 0.15703125
4 0.47890625 0.41484375 0.09609375 0.13359375
4 0.765625 0.4640625 0.09765625 0.1375