3 0.14609375 0.62109375 0.1421875 0.1921875
3 0.3203125 0.64609375 0.1484375 0.221875
3 0.49375 0.44296875 0.14765625 0.19140625
3 0.54296875 0.6265625 0.12890625 0.20703125
3 0.721875 0.66875 0.11875 0.17578125
3 0.821875 0.8265625 0.109375 0.21953125
3 0.91328125 0.45546875 0.1234375 0.20078125
5 0.1328125 0.34375 0.08671875 0.13984375
5 0.8453125 0.58359375 0.090625 0.14453125
5 0.90546875 0.8296875 0.090625 0.16953125
5 0.5359375 0.85546875 0.090625 0.10546875
4 0.746875 0.81953125 0.1046875 0.16875
4 0.4765625 0.596875 0.103125 0.14375
4 0.78125 0.5515625 0.1046875 0.14765625