3 0.315625 0.240625 0.15546875 0.2296875
3 0.24609375 0.0640625 0.11796875 0.128125
3 0.45703125 0.1546875 0.153125 0.2234375
3 0.36484375 0.39140625 0.14296875 0.2078125
3 0.4828125 0.38203125 0.13515625 0.22265625
3 0.54375 0.475 0.171875 0.24765625
3 0.48828125 0.646875 0.13671875 0.2015625
3 0.5765625 0.75234375 0.15703125 0.221875
3 0.68984375 0.49296875 0.13515625 0.19296875
3 0.78046875 0.4296875 0.13359375 0.1984375
3 0.71875 0.61171875 0.1578125 0.2484375
3 0.69921875 0.796875 0.1421875 0.2140625
3 0.79453125 0.8296875 0.15 0.234375
4 0.378125 0.55546875 0.1390625 0.2078125
4 0.384375 0.65 0.13828125 0.20078125
4 0.11015625 0.40546875 0.115625 0.18359375