3 0.1953125 0.58671875 0.146875 0.2015625
3 0.33359375 0.671875 0.16015625 0.23515625
3 0.4015625 0.5984375 0.1546875 0.22109375
3 0.55234375 0.7828125 0.1359375 0.2
3 0.6265625 0.6421875 0.1546875 0.2125
3 0.74765625 0.71953125 0.1359375 0.19375
3 0.8625 0.69765625 0.134375 0.20859375
3 0.6671875 0.796875 0.10703125 0.18828125
3 0.42421875 0.41875 0.12421875 0.1796875
3 0.48828125 0.2828125 0.153125 0.20546875
3 0.5640625 0.37734375 0.16171875 0.23984375
3 0.66796875 0.27421875 0.1171875 0.178125
4 0.59453125 0.1921875 0.10234375 0.1609375