3 0.1859375 0.62265625 0.146875 0.2
3 0.334375 0.696875 0.159375 0.234375
3 0.4015625 0.61328125 0.1546875 0.21875
3 0.5671875 0.78984375 0.1359375 0.1984375
3 0.63828125 0.63515625 0.15546875 0.2109375
3 0.76875 0.703125 0.1359375 0.1921875
3 0.8875 0.66796875 0.13359375 0.20859375
3 0.68828125 0.7921875 0.10546875 0.1890625
3 0.41640625 0.4234375 0.12421875 0.178125
3 0.47734375 0.275 0.153125 0.20390625
3 0.5609375 0.36484375 0.1609375 0.2390625
3 0.6640625 0.24609375 0.1171875 0.17734375
4 0.584375 0.16796875 0.1015625 0.16015625