3 0.51796875 0.471875 0.13359375 0.19921875
3 0.4265625 0.32890625 0.1234375 0.178125
3 0.4390625 0.48125 0.1296875 0.1953125
3 0.3453125 0.496875 0.13984375 0.20234375
3 0.5734375 0.63828125 0.128125 0.17890625
3 0.5546875 0.7671875 0.1234375 0.20390625
3 0.48671875 0.8734375 0.14765625 0.2109375
5 0.56875 0.2234375 0.0953125 0.14921875
5 0.5640625 0.31640625 0.1046875 0.15546875
5 0.4875 0.25859375 0.09765625 0.1453125
5 0.75625 0.47265625 0.1 0.15546875
5 0.67734375 0.665625 0.1109375 0.16015625
5 0.471875 0.6796875 0.090625 0.1296875
5 0.525 0.7453125 0.09453125 0.13984375
5 0.471875 0.79296875 0.07734375 0.109375
5 0.38359375 0.60859375 0.08046875 0.10546875