3 0.528125 0.5109375 0.13125 0.19609375
3 0.5234375 0.7078125 0.121875 0.17578125
3 0.465625 0.58203125 0.12734375 0.1921875
3 0.38828125 0.6640625 0.13828125 0.1984375
3 0.4953125 0.33203125 0.1265625 0.17578125
3 0.425 0.25546875 0.12109375 0.20234375
3 0.32734375 0.24375 0.1453125 0.20703125
5 0.675 0.6453125 0.09453125 0.146875
5 0.63125 0.58125 0.103125 0.15234375
5 0.59921875 0.7 0.09609375 0.14296875
5 0.7046875 0.27421875 0.09921875 0.153125
5 0.5609375 0.209375 0.109375 0.1578125
5 0.4015625 0.40234375 0.0890625 0.128125
5 0.4125 0.30078125 0.09296875 0.13828125
5 0.35234375 0.31796875 0.07578125 0.1078125
5 0.3671875 0.54296875 0.0796875 0.10390625