3 0.92578125 0.62890625 0.015625 0.0171875
3 0.91328125 0.7515625 0.0140625 0.01796875
3 0.8578125 0.74765625 0.01640625 0.02421875
3 0.84375 0.77578125 0.0234375 0.03203125
3 0.828125 0.77265625 0.0203125 0.03203125
3 0.803125 0.72890625 0.01796875 0.0265625
3 0.82734375 0.80703125 0.0125 0.015625
3 0.8140625 0.80625 0.0109375 0.01484375
3 0.8046875 0.8109375 0.0109375 0.01640625
3 0.56328125 0.7703125 0.0125 0.015625
3 0.60546875 0.765625 0.01484375 0.01875
3 0.62265625 0.775 0.01640625 0.02109375
3 0.5578125 0.78984375 0.0125 0.0171875
3 0.5484375 0.79296875 0.01015625 0.0140625
3 0.54453125 0.76796875 0.0078125 0.0109375
3 0.53203125 0.79140625 0.01015625 0.0125
3 0.52265625 0.7890625 0.009375 0.01328125
3 0.5578125 0.80703125 0.0125 0.0171875
3 0.4609375 0.83984375 0.015625 0.0203125
3 0.48046875 0.80859375 0.0171875 0.0203125
3 0.496875 0.87734375 0.01796875 0.02265625
3 0.41953125 0.890625 0.01328125 0.01796875
3 0.5625 0.70859375 0.0125 0.01796875
3 0.56484375 0.72890625 0.01328125 0.01796875
3 0.58984375 0.68671875 0.0109375 0.0140625
3 0.584375 0.6765625 0.01015625 0.01171875
3 0.59921875 0.70546875 0.01171875 0.01640625
3 0.49921875 0.67734375 0.009375 0.009375
3 0.5203125 0.69140625 0.00703125 0.01015625
3 0.37265625 0.7640625 0.009375 0.0171875
3 0.3625 0.7109375 0.01640625 0.01953125
3 0.40625 0.70859375 0.01171875 0.015625
3 0.50234375 0.61171875 0.01328125 0.01796875
3 0.4796875 0.65 0.0140625 0.015625
3 0.46171875 0.65859375 0.01640625 0.01796875
3 0.41484375 0.6640625 0.01484375 0.01640625
3 0.55 0.49140625 0.009375 0.015625
3 0.553125 0.50703125 0.0125 0.01328125
3 0.509375 0.47578125 0.009375 0.0125
3 0.55703125 0.35546875 0.0140625 0.0234375
3 0.58984375 0.43984375 0.01328125 0.0203125
3 0.6015625 0.421875 0.01875 0.02109375
3 0.70078125 0.48359375 0.0109375 0.01640625
3 0.68671875 0.49296875 0.0109375 0.0140625
3 0.6765625 0.50234375 0.0109375 0.0125
3 0.6734375 0.59140625 0.0125 0.015625
3 0.66328125 0.59765625 0.015625 0.0171875
3 0.69140625 0.54453125 0.009375 0.01171875
3 0.92421875 0.54375 0.0265625 0.03515625
3 0.8921875 0.5078125 0.0203125 0.02734375
3 0.79140625 0.6078125 0.01875 0.02734375
3 0.77265625 0.62421875 0.0171875 0.02265625
3 0.76953125 0.60703125 0.01953125 0.02265625
5 0.83203125 0.73515625 0.015625 0.0234375
5 0.8140625 0.7140625 0.01484375 0.02109375
5 0.81640625 0.7328125 0.015625 0.0234375
5 0.78515625 0.734375 0.01328125 0.01875
5 0.78359375 0.75546875 0.0125 0.0203125
5 0.7890625 0.8078125 0.01484375 0.021875
5 0.92578125 0.51484375 0.01875 0.025
5 0.91484375 0.52421875 0.01640625 0.0234375
5 0.90546875 0.515625 0.01484375 0.01953125
5 0.77578125 0.59609375 0.009375 0.0140625
5 0.47734375 0.83671875 0.0109375 0.0171875
5 0.48046875 0.8625 0.01171875 0.01796875
5 0.49140625 0.859375 0.0109375 0.0171875
5 0.48125 0.909375 0.0109375 0.01875
5 0.490625 0.9171875 0.01328125 0.02109375
5 0.48984375 0.94453125 0.0125 0.01953125
5 0.4578125 0.78984375 0.01171875 0.01953125
5 0.478125 0.76796875 0.01171875 0.015625