3 0.8859375 0.65859375 0.0140625 0.01484375
3 0.86953125 0.76953125 0.0125 0.015625
3 0.81875 0.7609375 0.0140625 0.02109375
3 0.80390625 0.78515625 0.02109375 0.028125
3 0.790625 0.78125 0.0171875 0.028125
3 0.76875 0.73828125 0.015625 0.0234375
3 0.78828125 0.8125 0.0109375 0.01328125
3 0.77578125 0.81015625 0.009375 0.01328125
3 0.7671875 0.8140625 0.009375 0.01484375
3 0.546875 0.75390625 0.0109375 0.01328125
3 0.5859375 0.753125 0.0125 0.015625
3 0.6015625 0.7640625 0.01484375 0.01796875
3 0.54140625 0.771875 0.01171875 0.01484375
3 0.5328125 0.77265625 0.00859375 0.01171875
3 0.53046875 0.75 0.00703125 0.009375
3 0.5171875 0.7703125 0.009375 0.0109375
3 0.509375 0.7671875 0.0078125 0.0109375
3 0.540625 0.78671875 0.01171875 0.01484375
3 0.45 0.80859375 0.0140625 0.0171875
3 0.46953125 0.78125 0.01484375 0.01796875
3 0.48203125 0.84609375 0.015625 0.0203125
3 0.41015625 0.8515625 0.01171875 0.015625
3 0.54921875 0.69765625 0.0109375 0.015625
3 0.55 0.71640625 0.01171875 0.015625
3 0.575 0.6796875 0.009375 0.0125
3 0.5703125 0.6703125 0.009375 0.01015625
3 0.5828125 0.69765625 0.01015625 0.01484375
3 0.4921875 0.6625 0.00859375 0.00703125
3 0.5109375 0.678125 0.00625 0.00859375
3 0.37265625 0.73046875 0.0078125 0.01484375
3 0.36484375 0.68046875 0.01484375 0.01640625
3 0.40546875 0.6828125 0.01015625 0.0140625
3 0.49765625 0.603125 0.01171875 0.015625
3 0.47578125 0.6359375 0.0125 0.0140625
3 0.45859375 0.6421875 0.01484375 0.015625
3 0.41484375 0.64296875 0.01328125 0.0140625
3 0.546875 0.496875 0.00859375 0.01328125
3 0.5484375 0.51171875 0.0109375 0.01171875
3 0.51015625 0.47890625 0.0078125 0.01015625
3 0.55859375 0.37265625 0.0125 0.02109375
3 0.58515625 0.453125 0.01171875 0.01796875
3 0.596875 0.43828125 0.01640625 0.01796875
3 0.68515625 0.50390625 0.009375 0.0140625
3 0.67265625 0.5109375 0.009375 0.0125
3 0.6625 0.51875 0.009375 0.0109375
3 0.65546875 0.6 0.0109375 0.0140625
3 0.64609375 0.60546875 0.0140625 0.01484375
3 0.67421875 0.55859375 0.00859375 0.01015625
3 0.88828125 0.5796875 0.0234375 0.03046875
3 0.86015625 0.54375 0.01796875 0.0234375
3 0.76328125 0.62578125 0.01640625 0.02421875
3 0.7453125 0.63984375 0.01484375 0.0203125
3 0.74296875 0.62265625 0.0171875 0.0203125
5 0.7953125 0.746875 0.01328125 0.0203125
5 0.7796875 0.72578125 0.01328125 0.01796875
5 0.78046875 0.74296875 0.01328125 0.0203125
5 0.75234375 0.74140625 0.01171875 0.01640625
5 0.75 0.7609375 0.0109375 0.01796875
5 0.753125 0.809375 0.0125 0.01875
5 0.890625 0.553125 0.01640625 0.021875
5 0.88046875 0.5609375 0.0140625 0.0203125
5 0.871875 0.55234375 0.01328125 0.01640625
5 0.74921875 0.6140625 0.00859375 0.01171875
5 0.465625 0.80703125 0.009375 0.015625
5 0.46796875 0.83125 0.01015625 0.015625
5 0.478125 0.82890625 0.009375 0.01484375
5 0.46640625 0.87421875 0.009375 0.01640625
5 0.47421875 0.88203125 0.01171875 0.01796875
5 0.47265625 0.90703125 0.0109375 0.01640625
5 0.44921875 0.76171875 0.01015625 0.0171875
5 0.46875 0.74375 0.01015625 0.0140625