3 0.19375 0.56484375 0.04609375 0.0578125
3 0.24296875 0.546875 0.0484375 0.0625
3 0.45546875 0.5328125 0.0734375 0.084375
3 0.4015625 0.521875 0.06015625 0.075
3 0.4921875 0.6734375 0.06875 0.078125
3 0.296875 0.2140625 0.04296875 0.05625
3 0.31171875 0.2453125 0.03671875 0.0375
3 0.35859375 0.27109375 0.0328125 0.0421875
3 0.38828125 0.24765625 0.0375 0.0390625
3 0.403125 0.2890625 0.04375 0.04375
3 0.3453125 0.21484375 0.0390625 0.0359375
3 0.3625 0.18671875 0.02734375 0.0359375
3 0.47265625 0.2453125 0.04140625 0.059375
3 0.50859375 0.25234375 0.0328125 0.0484375
3 0.54453125 0.278125 0.05 0.059375
3 0.459375 0.14453125 0.04140625 0.0421875
3 0.60859375 0.3015625 0.04609375 0.065625
3 0.6375 0.37109375 0.03671875 0.0546875
3 0.65 0.4953125 0.04765625 0.05625
3 0.65625 0.54765625 0.053125 0.0546875
3 0.44375 0.46171875 0.078125 0.0765625
3 0.7328125 0.39296875 0.05703125 0.0703125
3 0.87109375 0.475 0.04765625 0.06875
3 0.62578125 0.6578125 0.05078125 0.065625
3 0.44296875 0.83515625 0.05 0.0484375
5 0.5265625 0.85078125 0.0453125 0.0609375
5 0.4296875 0.7078125 0.0546875 0.071875
5 0.453125 0.78203125 0.0375 0.0453125
5 0.49375 0.753125 0.040625 0.04375
5 0.5265625 0.7796875 0.04296875 0.05625
5 0.5171875 0.71640625 0.05 0.0640625
5 0.55546875 0.69296875 0.04375 0.0609375
5 0.46953125 0.6375 0.0625 0.065625
5 0.39140625 0.55234375 0.053125 0.0671875
5 0.59921875 0.5796875 0.03671875 0.046875
5 0.5984375 0.53515625 0.03515625 0.0484375
5 0.61015625 0.49375 0.03203125 0.04375
5 0.5578125 0.484375 0.03203125 0.040625
5 0.66640625 0.62890625 0.0375 0.0421875
5 0.69921875 0.753125 0.04296875 0.065625
5 0.73828125 0.58359375 0.028125 0.0453125
5 0.81328125 0.5578125 0.03515625 0.04375
5 0.80703125 0.51171875 0.040625 0.0484375
5 0.603125 0.3546875 0.034375 0.046875
5 0.51796875 0.32890625 0.0375 0.0421875