3 0.86953125 0.55390625 0.05 0.0609375
3 0.8140625 0.5375 0.05234375 0.065625
3 0.58203125 0.53125 0.078125 0.090625
3 0.640625 0.5171875 0.06484375 0.078125
3 0.5453125 0.68671875 0.0734375 0.0828125
3 0.74765625 0.17578125 0.04375 0.0578125
3 0.73203125 0.2109375 0.0390625 0.040625
3 0.68203125 0.24140625 0.03515625 0.0453125
3 0.64921875 0.21640625 0.04140625 0.0421875
3 0.634375 0.2625 0.04765625 0.04375
3 0.69375 0.17890625 0.04140625 0.0359375
3 0.675 0.1484375 0.0296875 0.0375
3 0.55625 0.2171875 0.0453125 0.0625
3 0.5171875 0.2265625 0.03515625 0.05
3 0.47890625 0.2578125 0.053125 0.0625
3 0.5671875 0.10625 0.04375 0.04375
3 0.40859375 0.28515625 0.0484375 0.0703125
3 0.37890625 0.3625 0.0390625 0.059375
3 0.36953125 0.49921875 0.05078125 0.0578125
3 0.36328125 0.55625 0.05703125 0.059375
3 0.59296875 0.453125 0.0828125 0.08125
3 0.27578125 0.39140625 0.06171875 0.0734375
3 0.1265625 0.48671875 0.05 0.0734375
3 0.4 0.675 0.0546875 0.06875
3 0.60390625 0.86171875 0.053125 0.0515625
5 0.5125 0.88203125 0.04765625 0.0640625
5 0.61484375 0.721875 0.0578125 0.075
5 0.59140625 0.80390625 0.04140625 0.0484375
5 0.54609375 0.77421875 0.04375 0.0453125
5 0.5109375 0.8046875 0.04609375 0.059375
5 0.5203125 0.734375 0.053125 0.06875
5 0.47734375 0.71015625 0.04609375 0.0640625
5 0.56953125 0.646875 0.0671875 0.06875
5 0.653125 0.55 0.05703125 0.071875
5 0.4265625 0.5890625 0.0390625 0.05
5 0.42578125 0.53984375 0.0375 0.0515625
5 0.4125 0.4953125 0.034375 0.046875
5 0.46953125 0.4828125 0.034375 0.04375
5 0.3546875 0.64609375 0.0390625 0.0453125
5 0.32109375 0.7828125 0.04609375 0.06875
5 0.27421875 0.59921875 0.0296875 0.0484375
5 0.1921875 0.575 0.03671875 0.046875
5 0.1984375 0.52421875 0.04375 0.0515625
5 0.41640625 0.34296875 0.0375 0.0484375
5 0.50859375 0.3109375 0.04140625 0.04375