3 0.425 0.65546875 0.16328125 0.2078125
3 0.61171875 0.584375 0.1484375 0.16796875
3 0.55546875 0.45625 0.14453125 0.17578125
3 0.78984375 0.5765625 0.13203125 0.15390625
5 0.28828125 0.40234375 0.08828125 0.1328125
5 0.3390625 0.30859375 0.0703125 0.115625
5 0.409375 0.3140625 0.11328125 0.14140625
5 0.4546875 0.46640625 0.10859375 0.14921875
5 0.4234375 0.5171875 0.10859375 0.13125
5 0.81640625 0.24609375 0.08125 0.1125
5 0.89453125 0.55390625 0.09296875 0.14296875
5 0.8484375 0.675 0.1015625 0.1390625