3 0.07734375 0.4890625 0.03671875 0.0515625
3 0.1234375 0.60390625 0.0359375 0.05234375
3 0.171875 0.66328125 0.04453125 0.0640625
3 0.20625 0.6828125 0.04375 0.06796875
3 0.1984375 0.534375 0.03359375 0.04453125
3 0.3203125 0.56171875 0.0375 0.05
3 0.3609375 0.51875 0.0390625 0.0515625
3 0.20234375 0.77265625 0.053125 0.06875
3 0.2640625 0.76796875 0.04453125 0.05859375
3 0.3140625 0.790625 0.04765625 0.0640625
3 0.371875 0.9015625 0.0421875 0.05703125
3 0.50625 0.75234375 0.0296875 0.059375
3 0.5171875 0.6578125 0.03046875 0.04296875
3 0.51953125 0.59921875 0.03984375 0.0640625
3 0.2703125 0.4921875 0.0375 0.059375
3 0.3015625 0.515625 0.034375 0.0484375
3 0.315625 0.48046875 0.02734375 0.040625
3 0.3390625 0.45859375 0.0375 0.05
3 0.3375 0.36015625 0.03515625 0.05078125
3 0.328125 0.4125 0.03203125 0.046875
3 0.371875 0.40234375 0.03203125 0.053125
3 0.3515625 0.328125 0.0328125 0.04765625
3 0.36171875 0.29140625 0.03046875 0.04375
3 0.3828125 0.29375 0.0296875 0.05390625
3 0.40859375 0.31171875 0.02734375 0.0453125
3 0.33671875 0.271875 0.0328125 0.040625
3 0.365625 0.25234375 0.03828125 0.05078125
3 0.37421875 0.19375 0.0359375 0.046875
3 0.371875 0.1546875 0.0390625 0.05
3 0.3171875 0.1609375 0.03984375 0.0421875
3 0.33203125 0.1453125 0.03828125 0.04609375
3 0.24140625 0.16640625 0.03125 0.04296875
3 0.40546875 0.24140625 0.03125 0.040625
3 0.43125 0.2484375 0.0265625 0.03828125
3 0.421875 0.28515625 0.028125 0.03515625
3 0.671875 0.278125 0.04453125 0.06171875
3 0.55 0.5203125 0.040625 0.06171875
3 0.54609375 0.475 0.03984375 0.059375
3 0.5296875 0.45703125 0.03359375 0.0453125
3 0.5125 0.5140625 0.0375 0.0578125
3 0.665625 0.584375 0.03828125 0.05234375
3 0.82265625 0.69140625 0.03203125 0.05
3 0.83359375 0.5984375 0.03203125 0.04921875
3 0.8765625 0.63125 0.03828125 0.06015625
3 0.803125 0.7078125 0.02734375 0.0328125
5 0.11875 0.55859375 0.0296875 0.0375
5 0.084375 0.53828125 0.02265625 0.03046875
5 0.26640625 0.71328125 0.05234375 0.0703125
5 0.23828125 0.6640625 0.0265625 0.0484375
5 0.2625 0.56328125 0.0234375 0.0328125
5 0.52890625 0.6796875 0.028125 0.04375
5 0.56484375 0.70546875 0.02421875 0.03515625
5 0.5796875 0.6921875 0.02890625 0.0421875
5 0.57109375 0.671875 0.025 0.03203125
5 0.56875 0.5921875 0.028125 0.03828125
5 0.590625 0.61484375 0.02421875 0.03984375
5 0.54296875 0.5578125 0.02265625 0.02890625
5 0.5546875 0.56484375 0.01875 0.034375
4 0.61875 0.475 0.0140625 0.0328125
4 0.6359375 0.4390625 0.028125 0.0375
4 0.70703125 0.2890625 0.03671875 0.05390625
5 0.7015625 0.328125 0.03125 0.03984375
5 0.7046875 0.25859375 0.02578125 0.02578125
5 0.78046875 0.69375 0.028125 0.04609375
5 0.80234375 0.67890625 0.025 0.04375
5 0.74921875 0.68984375 0.02265625 0.03359375
5 0.75859375 0.65390625 0.025 0.0390625
5 0.7765625 0.6625 0.0203125 0.02890625
5 0.8671875 0.66640625 0.02265625 0.0328125