3 0.89375 0.4625 0.03515625 0.04921875
3 0.8546875 0.57109375 0.034375 0.05
3 0.81171875 0.6296875 0.04296875 0.06171875
3 0.78046875 0.65 0.0421875 0.06484375
3 0.78359375 0.5125 0.03203125 0.0421875
3 0.671875 0.5453125 0.0359375 0.04765625
3 0.6328125 0.50859375 0.0375 0.05
3 0.78671875 0.7328125 0.05078125 0.06640625
3 0.7296875 0.73203125 0.04296875 0.05703125
3 0.684375 0.75625 0.0453125 0.06171875
3 0.63359375 0.8625 0.03984375 0.05546875
3 0.50546875 0.73359375 0.02890625 0.05625
3 0.49296875 0.646875 0.02890625 0.04140625
3 0.48828125 0.59296875 0.03828125 0.0609375
3 0.71640625 0.478125 0.0359375 0.05703125
3 0.68828125 0.5015625 0.03203125 0.04609375
3 0.6734375 0.4703125 0.02578125 0.03828125
3 0.6515625 0.4515625 0.0359375 0.0484375
3 0.65 0.3609375 0.03359375 0.0484375
3 0.6609375 0.40859375 0.03046875 0.0453125
3 0.61953125 0.4015625 0.03046875 0.05078125
3 0.63671875 0.33203125 0.03125 0.04609375
3 0.62578125 0.2984375 0.0296875 0.0421875
3 0.60625 0.30234375 0.02890625 0.05078125
3 0.5828125 0.3203125 0.02578125 0.04296875
3 0.6484375 0.27890625 0.03046875 0.03984375
3 0.62109375 0.2625 0.03671875 0.0484375
3 0.61171875 0.209375 0.034375 0.0453125
3 0.61328125 0.1734375 0.0375 0.0484375
3 0.66328125 0.17578125 0.0375 0.04140625
3 0.64921875 0.16171875 0.03671875 0.04453125
3 0.73359375 0.175 0.0296875 0.04140625
3 0.584375 0.2546875 0.0296875 0.03984375
3 0.56015625 0.26328125 0.02578125 0.03671875
3 0.5703125 0.296875 0.02734375 0.034375
3 0.3390625 0.30625 0.0421875 0.059375
3 0.45859375 0.521875 0.03828125 0.059375
3 0.4609375 0.4796875 0.0375 0.05703125
3 0.47578125 0.4625 0.03203125 0.04375
3 0.49296875 0.51328125 0.0359375 0.05546875
3 0.35390625 0.58828125 0.03671875 0.05
3 0.21171875 0.69765625 0.03046875 0.04765625
3 0.19921875 0.6125 0.03046875 0.046875
3 0.16015625 0.6453125 0.03671875 0.0578125
3 0.23046875 0.71171875 0.0265625 0.03125
5 0.8578125 0.5296875 0.028125 0.0359375
5 0.8890625 0.509375 0.021875 0.02890625
5 0.72578125 0.68203125 0.05 0.06796875
5 0.75078125 0.634375 0.02578125 0.04609375
5 0.725 0.54296875 0.021875 0.03125
5 0.4828125 0.66796875 0.02734375 0.04140625
5 0.45 0.69375 0.02265625 0.034375
5 0.4359375 0.6828125 0.02734375 0.040625
5 0.44375 0.66328125 0.0234375 0.03046875
5 0.44375 0.58984375 0.02734375 0.03671875
5 0.42421875 0.61171875 0.02265625 0.0375
5 0.465625 0.55625 0.021875 0.028125
5 0.45546875 0.56328125 0.01796875 0.03203125
4 0.39375 0.484375 0.01328125 0.03046875
4 0.3765625 0.453125 0.0265625 0.0359375
4 0.30703125 0.31875 0.03515625 0.0515625
5 0.31328125 0.3546875 0.0296875 0.03828125
5 0.30859375 0.290625 0.02421875 0.025
5 0.25078125 0.696875 0.02734375 0.04375
5 0.23046875 0.68515625 0.02421875 0.04140625
5 0.2796875 0.69140625 0.021875 0.0328125
5 0.26953125 0.65859375 0.02421875 0.0375
5 0.253125 0.66796875 0.01953125 0.028125
5 0.16953125 0.67734375 0.021875 0.03125