3 0.9125 0.271875 0.0421875 0.06171875
3 0.8390625 0.1890625 0.0421875 0.0625
3 0.77734375 0.159375 0.05234375 0.0765625
3 0.73984375 0.1609375 0.05234375 0.0796875
3 0.78515625 0.2984375 0.0390625 0.053125
3 0.66171875 0.34296875 0.04375 0.06015625
3 0.63359375 0.40703125 0.0453125 0.06328125
3 0.7203125 0.07265625 0.06171875 0.084375
3 0.6625 0.1125 0.0515625 0.071875
3 0.609375 0.11953125 0.05546875 0.07734375
3 0.52421875 0.046875 0.04921875 0.06953125
3 0.434375 0.26796875 0.0375 0.0671875
3 0.4484375 0.3640625 0.0359375 0.0515625
3 0.4609375 0.421875 0.04765625 0.07421875
3 0.72734375 0.38046875 0.04453125 0.06953125
3 0.69140625 0.37578125 0.03984375 0.0578125
3 0.68671875 0.41796875 0.03203125 0.04765625
3 0.6703125 0.45234375 0.04296875 0.06015625
3 0.69609375 0.5453125 0.04140625 0.06015625
3 0.6921875 0.4890625 0.0375 0.05625
3 0.653125 0.525 0.03828125 0.06171875
3 0.69140625 0.584375 0.03828125 0.05625
3 0.690625 0.625 0.0359375 0.05234375
3 0.6703125 0.63515625 0.03671875 0.06171875
3 0.640625 0.6328125 0.0328125 0.05234375
3 0.71953125 0.62890625 0.0375 0.05078125
3 0.696875 0.66484375 0.04453125 0.06171875
3 0.70390625 0.72578125 0.04140625 0.0578125
3 0.71640625 0.7609375 0.0453125 0.0609375
3 0.7671875 0.72421875 0.04453125 0.05390625
3 0.75703125 0.7484375 0.04375 0.05703125
3 0.83828125 0.67578125 0.03671875 0.0515625
3 0.6625 0.6984375 0.0359375 0.04921875
3 0.63515625 0.70625 0.03125 0.0453125
3 0.63515625 0.665625 0.0328125 0.04375
3 0.39765625 0.8171875 0.0515625 0.07421875
3 0.4515625 0.51484375 0.04765625 0.07265625
3 0.46796875 0.55625 0.046875 0.0703125
3 0.4875 0.56328125 0.0390625 0.0546875
3 0.48984375 0.49921875 0.04453125 0.06796875
3 0.325 0.5203125 0.04453125 0.06328125
3 0.14765625 0.50859375 0.03828125 0.059375
3 0.1609375 0.60390625 0.03828125 0.0578125
3 0.1109375 0.596875 0.0453125 0.0703125
3 0.16171875 0.48125 0.03125 0.040625
5 0.85546875 0.22890625 0.034375 0.04609375
5 0.89296875 0.228125 0.0265625 0.03671875
5 0.6734375 0.16640625 0.06015625 0.08515625
5 0.71328125 0.19765625 0.03203125 0.05546875
5 0.71640625 0.3078125 0.02734375 0.03984375
5 0.43203125 0.34921875 0.03359375 0.0515625
5 0.390625 0.34609375 0.028125 0.0421875
5 0.3796875 0.3671875 0.03359375 0.05
5 0.39296875 0.38125 0.028125 0.0390625
5 0.415625 0.45625 0.0328125 0.04609375
5 0.3890625 0.44765625 0.02890625 0.04609375
5 0.44921875 0.475 0.02578125 0.03515625
5 0.43671875 0.475 0.02265625 0.0390625
4 0.3984375 0.59765625 0.01796875 0.0359375
4 0.390625 0.6421875 0.0328125 0.0453125
4 0.3609375 0.8265625 0.04296875 0.0640625
5 0.35625 0.7859375 0.0359375 0.0484375
5 0.37109375 0.8546875 0.02890625 0.03359375
5 0.1875 0.48203125 0.03359375 0.053125
5 0.1703125 0.50859375 0.03046875 0.05078125
5 0.21796875 0.46796875 0.0265625 0.03984375
5 0.21796875 0.5078125 0.0296875 0.04609375
5 0.1984375 0.509375 0.02421875 0.034375
5 0.1109375 0.55859375 0.0265625 0.0390625