3 0.53359375 0.47890625 0.1859375 0.27890625
3 0.684375 0.16328125 0.16328125 0.24375
3 0.78671875 0.08671875 0.18203125 0.17265625
3 0.50234375 0.72265625 0.153125 0.2171875
3 0.5859375 0.8328125 0.2046875 0.2828125
3 0.92109375 0.40703125 0.11171875 0.1671875
3 0.7703125 0.29609375 0.125 0.184375
5 0.38828125 0.43671875 0.1046875 0.15390625
5 0.40078125 0.3265625 0.103125 0.153125
5 0.4546875 0.4328125 0.109375 0.16875
5 0.44375 0.1609375 0.1328125 0.20546875
5 0.596875 0.26875 0.1109375 0.171875
5 0.63984375 0.396875 0.13203125 0.2046875
5 0.678125 0.51875 0.09921875 0.1359375
5 0.60703125 0.621875 0.09375 0.14609375
5 0.53515625 0.80234375 0.1140625 0.17421875
5 0.51484375 0.91953125 0.11796875 0.16015625
5 0.696875 0.7328125 0.11328125 0.17890625
5 0.68671875 0.62265625 0.1296875 0.184375