3 0.665625 0.48671875 0.084375 0.115625
3 0.584375 0.51328125 0.0828125 0.1125
3 0.65546875 0.65078125 0.09296875 0.13359375
3 0.56015625 0.63984375 0.0890625 0.12421875
3 0.5171875 0.74765625 0.08046875 0.0984375
3 0.5890625 0.8515625 0.08203125 0.115625
3 0.49765625 0.24765625 0.0875 0.13671875
3 0.4328125 0.440625 0.09296875 0.1296875
3 0.35 0.67265625 0.0484375 0.071875
3 0.3921875 0.68125 0.0375 0.059375
3 0.13984375 0.359375 0.04375 0.06640625
5 0.46484375 0.3421875 0.07578125 0.078125
5 0.646875 0.7640625 0.05703125 0.07109375
5 0.640625 0.8578125 0.05703125 0.0796875
5 0.3703125 0.46640625 0.04453125 0.08671875