3 0.32890625 0.40234375 0.11640625 0.1671875
3 0.41171875 0.47265625 0.11484375 0.16328125
3 0.303125 0.58515625 0.13046875 0.190625
3 0.409375 0.621875 0.12421875 0.17890625
3 0.43125 0.76015625 0.109375 0.146875
3 0.3296875 0.8359375 0.11484375 0.16640625
3 0.56484375 0.22890625 0.125 0.1921875
3 0.59140625 0.4703125 0.1296875 0.1875
3 0.62890625 0.7640625 0.06875 0.10234375
3 0.58125 0.75078125 0.05390625 0.08359375
3 0.9265625 0.53125 0.06171875 0.09375
5 0.57890625 0.3484375 0.09921875 0.12265625
5 0.2875 0.71171875 0.07734375 0.1046875
5 0.27265625 0.81640625 0.0796875 0.115625
5 0.653125 0.53046875 0.0671875 0.115625