3 0.590625 0.3390625 0.090625 0.13046875
3 0.52734375 0.3875 0.0890625 0.13515625
3 0.63671875 0.39765625 0.084375 0.11796875
3 0.6875 0.46015625 0.09453125 0.13203125
3 0.67109375 0.57109375 0.11484375 0.159375
3 0.59375 0.5671875 0.09140625 0.1296875
3 0.72109375 0.83203125 0.065625 0.06875
5 0.7390625 0.19921875 0.06484375 0.0953125
5 0.77265625 0.328125 0.05703125 0.084375
5 0.81171875 0.346875 0.06796875 0.090625
5 0.80078125 0.43828125 0.05234375 0.0859375
5 0.83984375 0.43359375 0.0484375 0.07109375
5 0.81640625 0.49296875 0.0609375 0.084375
5 0.7421875 0.390625 0.0546875 0.08203125
5 0.55078125 0.17578125 0.046875 0.07109375
5 0.540625 0.234375 0.05625 0.0796875
5 0.67265625 0.84609375 0.05859375 0.08125
5 0.64609375 0.846875 0.0578125 0.10078125
5 0.44921875 0.9359375 0.0453125 0.07109375
5 0.40546875 0.92109375 0.04296875 0.0765625
4 0.759375 0.81015625 0.05625 0.06796875