3 0.35390625 0.55546875 0.0984375 0.1421875
3 0.4296875 0.5765625 0.096875 0.146875
3 0.340625 0.46015625 0.09140625 0.128125
3 0.325 0.35703125 0.10234375 0.14296875
3 0.3875 0.278125 0.125 0.17265625
3 0.45234375 0.35859375 0.09921875 0.140625
3 0.46015625 0.021875 0.07109375 0.04296875
5 0.165625 0.528125 0.0703125 0.10390625
5 0.19375 0.38515625 0.0625 0.0921875
5 0.16875 0.33046875 0.07421875 0.09765625
5 0.21875 0.26328125 0.05703125 0.09375
5 0.18359375 0.22890625 0.05234375 0.07734375
5 0.2296875 0.2015625 0.06640625 0.09140625
5 0.246875 0.36171875 0.059375 0.0890625
5 0.31640625 0.73515625 0.05078125 0.07734375
5 0.3515625 0.69453125 0.0609375 0.0859375
5 0.50703125 0.04296875 0.0640625 0.0859375
5 0.53046875 0.06796875 0.0625 0.109375
5 0.73828125 0.18671875 0.04921875 0.07734375
5 0.76875 0.2421875 0.046875 0.0828125
4 0.4171875 0.01171875 0.0609375 0.0234375