3 0.35703125 0.47421875 0.0984375 0.14296875
3 0.428125 0.44375 0.096875 0.146875
3 0.35078125 0.56796875 0.090625 0.1296875
3 0.3421875 0.66875 0.1015625 0.14453125
3 0.40703125 0.73515625 0.12421875 0.175
3 0.4640625 0.64921875 0.0984375 0.14140625
3 0.49375 0.97265625 0.06875 0.05390625
5 0.17890625 0.528125 0.0703125 0.10390625
5 0.21484375 0.6609375 0.0625 0.0921875
5 0.19453125 0.71640625 0.0734375 0.1
5 0.246875 0.7734375 0.0578125 0.09296875
5 0.21484375 0.81171875 0.05234375 0.07734375
5 0.2609375 0.83125 0.065625 0.09296875
5 0.2671875 0.675 0.059375 0.0890625
5 0.31015625 0.3078125 0.05078125 0.07734375
5 0.3453125 0.3421875 0.0609375 0.0875
5 0.53671875 0.94375 0.06328125 0.08984375
5 0.55703125 0.915625 0.0640625 0.1078125
5 0.74765625 0.771875 0.05 0.07734375
5 0.7734375 0.71484375 0.04765625 0.08125
4 0.45390625 0.9859375 0.06015625 0.028125