3 0.3625 0.54296875 0.09375 0.13515625
3 0.4328125 0.5671875 0.0921875 0.1390625
3 0.353125 0.453125 0.08671875 0.12265625
3 0.340625 0.35625 0.096875 0.13671875
3 0.4015625 0.28671875 0.11796875 0.16484375
3 0.459375 0.365625 0.09375 0.134375
3 0.4765625 0.0375 0.06640625 0.07265625
5 0.18828125 0.50546875 0.0671875 0.0984375
5 0.21875 0.37421875 0.059375 0.0875
5 0.196875 0.32109375 0.06953125 0.09375
5 0.24453125 0.26171875 0.0546875 0.08828125
5 0.21328125 0.228125 0.05 0.0734375
5 0.25703125 0.2046875 0.0625 0.0875
5 0.26875 0.35546875 0.05625 0.084375
5 0.3234375 0.7078125 0.0484375 0.0734375
5 0.35625 0.671875 0.0578125 0.08203125
5 0.5203125 0.07421875 0.06015625 0.084375
5 0.540625 0.1 0.06015625 0.103125
5 0.73046875 0.2234375 0.046875 0.0734375
5 0.7578125 0.2765625 0.0453125 0.078125
4 0.43671875 0.02578125 0.0578125 0.0515625