3 0.703125 0.72578125 0.07109375 0.103125
3 0.62734375 0.7859375 0.078125 0.11328125
3 0.603125 0.68671875 0.06171875 0.09921875
3 0.54609375 0.6765625 0.1015625 0.140625
3 0.43515625 0.5765625 0.10625 0.153125
3 0.45625 0.5 0.08046875 0.09453125
3 0.42109375 0.37265625 0.08046875 0.1171875
3 0.32109375 0.3546875 0.08671875 0.11953125
3 0.3125 0.2703125 0.08515625 0.115625
3 0.35703125 0.13828125 0.065625 0.0921875
5 0.61484375 0.49609375 0.07421875 0.11484375
5 0.6796875 0.58125 0.0578125 0.08203125
5 0.71953125 0.6203125 0.0546875 0.07734375
5 0.5046875 0.49453125 0.06171875 0.09375
5 0.403125 0.08828125 0.07109375 0.09453125
5 0.28671875 0.00859375 0.0421875 0.0171875
5 0.25234375 0.046875 0.06171875 0.090625
5 0.2203125 0.1515625 0.06875 0.1015625
5 0.37109375 0.20703125 0.0703125 0.10234375
5 0.30625 0.209375 0.0515625 0.0765625
5 0.425 0.46328125 0.04609375 0.08125
4 0.32109375 0.68125 0.0625 0.10390625
5 0.340625 0.53046875 0.05859375 0.0859375
5 0.25 0.55234375 0.0546875 0.07890625
5 0.44375 0.86328125 0.0671875 0.1
5 0.48203125 0.9484375 0.07109375 0.1
5 0.6703125 0.953125 0.0578125 0.0921875
5 0.6203125 0.95390625 0.05078125 0.078125