3 0.3375 0.7453125 0.06953125 0.1015625
3 0.41171875 0.7859375 0.0765625 0.11171875
3 0.42578125 0.690625 0.06171875 0.096875
3 0.47734375 0.66953125 0.0984375 0.13984375
3 0.56953125 0.55703125 0.10390625 0.1515625
3 0.54375 0.49140625 0.07578125 0.096875
3 0.56484375 0.36875 0.078125 0.115625
3 0.6546875 0.3328125 0.08359375 0.11875
3 0.65546875 0.25390625 0.08203125 0.11484375
3 0.60390625 0.1421875 0.06328125 0.09140625
5 0.3984375 0.51875 0.07265625 0.11171875
5 0.346875 0.60859375 0.05625 0.08125
5 0.31328125 0.65234375 0.053125 0.0765625
5 0.49921875 0.4953125 0.0609375 0.09140625
5 0.55703125 0.1046875 0.06875 0.09453125
5 0.6546875 0.01015625 0.0421875 0.01953125
5 0.6921875 0.04140625 0.06015625 0.0828125
5 0.7296875 0.128125 0.0671875 0.1
5 0.596875 0.2078125 0.06875 0.10078125
5 0.65625 0.196875 0.05 0.075
5 0.56953125 0.4515625 0.046875 0.078125
4 0.68359375 0.63125 0.0625 0.1
5 0.6515625 0.496875 0.05703125 0.084375
5 0.7375 0.5 0.053125 0.078125
5 0.5859375 0.82109375 0.065625 0.0984375
5 0.55859375 0.90625 0.06953125 0.09921875
5 0.38671875 0.946875 0.05703125 0.08984375
5 0.4328125 0.93828125 0.05 0.07578125