3 0.78046875 0.1484375 0.121875 0.1703125
3 0.634375 0.50703125 0.07578125 0.10859375
3 0.58203125 0.44375 0.10078125 0.1359375
3 0.6515625 0.571875 0.07265625 0.09453125
3 0.6234375 0.68046875 0.078125 0.11640625
3 0.559375 0.690625 0.07109375 0.10625
3 0.44765625 0.24453125 0.0875 0.12578125
3 0.4515625 0.15703125 0.0859375 0.1234375
3 0.2578125 0.240625 0.0796875 0.1140625
3 0.196875 0.275 0.07109375 0.096875
5 0.41640625 0.31015625 0.07421875 0.1109375
5 0.12421875 0.38046875 0.0640625 0.09453125
5 0.07578125 0.39765625 0.0765625 0.11953125
5 0.01953125 0.4109375 0.03828125 0.08828125
4 0.503125 0.2234375 0.06171875 0.09453125