3 0.4203125 0.621875 0.18515625 0.27734375
3 0.52578125 0.528125 0.1671875 0.2515625
3 0.6375 0.421875 0.1609375 0.23515625
3 0.61953125 0.19921875 0.21953125 0.30546875
3 0.484375 0.171875 0.1703125 0.2515625
3 0.30625 0.49140625 0.1609375 0.24296875
5 0.85703125 0.709375 0.13515625 0.203125
5 0.91953125 0.553125 0.096875 0.1515625
5 0.84609375 0.521875 0.1375 0.2125
5 0.771875 0.73125 0.1203125 0.184375
5 0.7296875 0.59296875 0.12109375 0.17421875
5 0.903125 0.42734375 0.1203125 0.165625
5 0.475 0.5046875 0.0953125 0.13984375
5 0.425 0.43984375 0.13828125 0.21328125
5 0.30703125 0.80625 0.1125 0.1640625