3 0.42578125 0.396875 0.17109375 0.25625
3 0.5234375 0.4796875 0.1546875 0.2328125
3 0.62734375 0.575 0.14921875 0.21796875
3 0.61328125 0.7796875 0.203125 0.2828125
3 0.4890625 0.80859375 0.15703125 0.2328125
3 0.321875 0.51875 0.1484375 0.225
5 0.8265625 0.30625 0.125 0.1875
5 0.8859375 0.44765625 0.08984375 0.13984375
5 0.81796875 0.478125 0.12734375 0.196875
5 0.74765625 0.2875 0.1109375 0.1703125
5 0.71015625 0.415625 0.11171875 0.16171875
5 0.871875 0.5640625 0.1109375 0.153125
5 0.47734375 0.503125 0.08828125 0.1296875
5 0.43203125 0.5640625 0.128125 0.19765625
5 0.31953125 0.2296875 0.10390625 0.15234375