3 0.2984375 0.31640625 0.1859375 0.26171875
3 0.1875 0.0625 0.14140625 0.12421875
3 0.4734375 0.4640625 0.18125 0.2578125
3 0.5328125 0.3265625 0.178125 0.23203125
3 0.4578125 0.27734375 0.1 0.1875
3 0.62265625 0.49375 0.128125 0.221875
3 0.6828125 0.68359375 0.1734375 0.24921875
3 0.82421875 0.73359375 0.1859375 0.2890625
5 0.1296875 0.35546875 0.10703125 0.17109375
5 0.38046875 0.57421875 0.13046875 0.1921875
5 0.57734375 0.665625 0.12265625 0.17734375
5 0.58828125 0.46796875 0.1453125 0.2265625
5 0.7015625 0.5671875 0.11953125 0.21015625
5 0.7390625 0.89765625 0.09921875 0.13125
4 0.20390625 0.16328125 0.15390625 0.2359375