3 0.8734375 0.65 0.1046875 0.15546875
3 0.67734375 0.88984375 0.08828125 0.12109375
3 0.57578125 0.94765625 0.11328125 0.103125
3 0.5171875 0.94453125 0.084375 0.109375
3 0.56015625 0.81171875 0.07421875 0.10546875
3 0.61015625 0.70625 0.0828125 0.1234375
3 0.58828125 0.6640625 0.07421875 0.115625
3 0.53984375 0.5609375 0.11171875 0.1609375
3 0.5578125 0.2234375 0.10546875 0.1578125
3 0.48203125 0.146875 0.1 0.14453125
3 0.41328125 0.16875 0.09765625 0.13203125
3 0.32734375 0.13984375 0.0984375 0.14453125
3 0.31015625 0.0515625 0.0890625 0.103125
3 0.27578125 0.0921875 0.07421875 0.11171875
3 0.4359375 0.37265625 0.07890625 0.12109375
3 0.35546875 0.34609375 0.08828125 0.1234375
3 0.35703125 0.43984375 0.071875 0.10625
3 0.290625 0.46875 0.07421875 0.10625
3 0.30703125 0.5375 0.0796875 0.11484375
3 0.246875 0.528125 0.06328125 0.0953125
3 0.1890625 0.50625 0.07109375 0.09921875
3 0.28125 0.60234375 0.08203125 0.11171875
3 0.31015625 0.76328125 0.06796875 0.1015625
4 0.81640625 0.6 0.10234375 0.15625
4 0.75078125 0.7953125 0.0828125 0.11875
4 0.69921875 0.82265625 0.07734375 0.10234375
4 0.36875 0.51796875 0.06875 0.1
4 0.45 0.0609375 0.07890625 0.11953125
4 0.50078125 0.3296875 0.06015625 0.09609375
5 0.940625 0.41875 0.06875 0.10390625
5 0.56171875 0.403125 0.0796875 0.1171875
5 0.48671875 0.23671875 0.06484375 0.0984375
5 0.15546875 0.16796875 0.0796875 0.1203125
5 0.37578125 0.0078125 0.07265625 0.015625