3 0.90078125 0.56640625 0.09140625 0.13515625
3 0.76875 0.2234375 0.0828125 0.096875
3 0.6921875 0.0765625 0.096875 0.1515625
3 0.628125 0.071875 0.07265625 0.1125
3 0.63515625 0.234375 0.0671875 0.08828125
3 0.6578125 0.365625 0.07265625 0.10703125
3 0.62578125 0.39375 0.0625 0.10390625
3 0.553125 0.46796875 0.1 0.13671875
3 0.4875 0.8078125 0.09296875 0.13671875
3 0.39453125 0.840625 0.08984375 0.121875
3 0.33203125 0.78125 0.0921875 0.1046875
3 0.2421875 0.76171875 0.08671875 0.1234375
3 0.20078125 0.85 0.08046875 0.10859375
3 0.1796875 0.7796875 0.0640625 0.09765625
3 0.40546875 0.59453125 0.0671875 0.1078125
3 0.3203125 0.575 0.08203125 0.10078125
3 0.34453125 0.484375 0.06328125 0.0921875
3 0.2875 0.4203125 0.0671875 0.0890625
3 0.3203125 0.3625 0.07265625 0.09609375
3 0.25859375 0.33671875 0.05546875 0.0828125
3 0.19765625 0.3265625 0.065625 0.08125
3 0.3109375 0.284375 0.07578125 0.08984375
3 0.37890625 0.1421875 0.06015625 0.0875
4 0.8328125 0.5828125 0.08828125 0.1375
4 0.8171875 0.35625 0.07421875 0.1
4 0.7734375 0.3015625 0.07421875 0.07890625
4 0.375 0.41484375 0.06171875 0.08515625
4 0.34140625 0.90625 0.06875 0.1046875
4 0.4578125 0.671875 0.05 0.0875
5 0.909375 0.8296875 0.059375 0.0921875
5 0.5359375 0.634375 0.0703125 0.1015625
5 0.42109375 0.7546875 0.05625 0.08671875
5 0.08125 0.63828125 0.06953125 0.1046875
5 0.24453125 0.9578125 0.0640625 0.084375