3 0.76796875 0.18203125 0.090625 0.134375
3 0.77890625 0.51875 0.07734375 0.103125
3 0.76953125 0.67734375 0.09765625 0.14921875
3 0.725 0.725 0.07265625 0.11015625
3 0.6796875 0.60390625 0.06484375 0.090625
3 0.65546875 0.49375 0.071875 0.10703125
3 0.62421875 0.49609375 0.0640625 0.10078125
3 0.54921875 0.49375 0.096875 0.1390625
3 0.3984375 0.29609375 0.09140625 0.1359375
3 0.32109375 0.33671875 0.0875 0.12421875
3 0.2953125 0.42265625 0.0859375 0.1125
3 0.23671875 0.4984375 0.08515625 0.12421875
3 0.1796875 0.46484375 0.078125 0.11015625
3 0.18671875 0.5296875 0.0640625 0.096875
3 0.4046875 0.50546875 0.06796875 0.10546875
3 0.35 0.578125 0.07734375 0.10546875
3 0.3953125 0.62578125 0.06171875 0.0921875
3 0.37421875 0.71171875 0.06484375 0.09140625
3 0.415625 0.73046875 0.06953125 0.0984375
3 0.3796875 0.790625 0.0546875 0.08203125
3 0.3390625 0.840625 0.0625 0.084375
3 0.4328125 0.79296875 0.071875 0.0953125
3 0.525 0.846875 0.059375 0.0875
4 0.7140625 0.21796875 0.08828125 0.13515625
4 0.77265625 0.390625 0.071875 0.10234375
4 0.75859375 0.46015625 0.06875 0.08671875
4 0.4390625 0.6546875 0.06015625 0.0859375
4 0.26328125 0.3265625 0.06796875 0.103125
4 0.41875 0.41328125 0.0515625 0.08359375
5 0.6921875 0.01640625 0.059375 0.0328125
5 0.4859375 0.38671875 0.06875 0.1015625
5 0.3671875 0.3796875 0.05625 0.08515625
5 0.159375 0.6984375 0.06875 0.10390625
5 0.1765625 0.353125 0.06328125 0.09453125