3 0.1984375 0.25 0.08515625 0.1265625
3 0.2265625 0.590625 0.075 0.09296875
3 0.25390625 0.746875 0.090625 0.140625
3 0.3046875 0.78359375 0.06796875 0.10390625
3 0.33515625 0.65078125 0.06171875 0.08359375
3 0.346875 0.53359375 0.06796875 0.1
3 0.37890625 0.52734375 0.059375 0.09609375
3 0.45390625 0.50546875 0.0921875 0.128125
3 0.5828125 0.26796875 0.08671875 0.12734375
3 0.66484375 0.2890625 0.0828125 0.11484375
3 0.70078125 0.36875 0.08359375 0.1015625
3 0.76796875 0.4296875 0.08046875 0.115625
3 0.82109375 0.38046875 0.07421875 0.10234375
3 0.821875 0.44765625 0.06015625 0.090625
3 0.6 0.48046875 0.06328125 0.1
3 0.6640625 0.5390625 0.075 0.09609375
3 0.6234375 0.5984375 0.05859375 0.0859375
3 0.6546875 0.6796875 0.06171875 0.084375
3 0.615625 0.70859375 0.06640625 0.090625
3 0.65859375 0.76015625 0.0515625 0.07734375
3 0.70546875 0.8 0.06015625 0.07734375
3 0.60546875 0.77578125 0.06953125 0.08671875
3 0.51875 0.8546875 0.05546875 0.08203125
4 0.25703125 0.27109375 0.0828125 0.128125
4 0.21796875 0.46015625 0.06875 0.09453125
4 0.23984375 0.5265625 0.0671875 0.07734375
4 0.58359375 0.6390625 0.05703125 0.0796875
4 0.721875 0.26328125 0.0640625 0.096875
4 0.57578125 0.39140625 0.04765625 0.0796875
5 0.25078125 0.0390625 0.05546875 0.078125
5 0.50546875 0.38203125 0.06484375 0.09453125
5 0.62421875 0.34453125 0.05234375 0.08046875
5 0.86875 0.61015625 0.06484375 0.09765625
5 0.81171875 0.26796875 0.059375 0.08828125