3 0.290625 0.51328125 0.15625 0.21640625
3 0.1109375 0.6859375 0.11484375 0.21953125
3 0.46796875 0.51484375 0.15234375 0.21328125
3 0.47421875 0.659375 0.1515625 0.18984375
3 0.4015625 0.64765625 0.08046875 0.1609375
3 0.5921875 0.58984375 0.1046875 0.18828125
3 0.69375 0.48359375 0.1453125 0.20703125
3 0.8171875 0.53828125 0.1546875 0.2421875
5 0.17265625 0.371875 0.08828125 0.14375
5 0.4296875 0.36875 0.109375 0.16015625
5 0.60703125 0.428125 0.103125 0.146875
5 0.5578125 0.58671875 0.1203125 0.18984375
5 0.67421875 0.5859375 0.09765625 0.17890625
5 0.8 0.35625 0.084375 0.1078125
4 0.1734375 0.56796875 0.128125 0.196875