3 0.9015625 0.43984375 0.10703125 0.16171875
3 0.75703125 0.60078125 0.10703125 0.146875
3 0.80546875 0.7578125 0.10546875 0.146875
3 0.47578125 0.571875 0.109375 0.15625
3 0.43671875 0.66484375 0.10234375 0.13046875
3 0.3359375 0.52890625 0.11328125 0.14375
5 0.83984375 0.20390625 0.06796875 0.0984375
5 0.75390625 0.33125 0.0734375 0.11015625
5 0.7 0.4359375 0.0578125 0.0890625
5 0.68515625 0.5625 0.07265625 0.10234375
5 0.5375 0.6171875 0.0859375 0.12421875
5 0.3421875 0.64296875 0.09453125 0.1265625
5 0.2953125 0.58203125 0.06953125 0.1109375
5 0.409375 0.17578125 0.07421875 0.10859375