3 0.2328125 0.79296875 0.071875 0.10703125
3 0.34296875 0.63984375 0.06328125 0.0875
3 0.39140625 0.6296875 0.07109375 0.10703125
3 0.3609375 0.41953125 0.06875 0.09375
3 0.32265625 0.28984375 0.0828125 0.12578125
3 0.2734375 0.265625 0.06328125 0.09765625
3 0.59375 0.42109375 0.06171875 0.08671875
3 0.6421875 0.42890625 0.06640625 0.09609375
3 0.6453125 0.49609375 0.05703125 0.08671875
5 0.315625 0.575 0.0453125 0.06328125
5 0.31640625 0.60859375 0.03671875 0.0375
5 0.3234375 0.4828125 0.05 0.0734375
5 0.25390625 0.39765625 0.05 0.06953125
5 0.34765625 0.540625 0.0421875 0.05390625
5 0.38125 0.55234375 0.0375 0.05703125
5 0.734375 0.4578125 0.04375 0.071875
5 0.79609375 0.3671875 0.0484375 0.071875
5 0.79453125 0.3109375 0.03828125 0.04921875
5 0.68125 0.55703125 0.05 0.065625
5 0.66953125 0.65078125 0.04453125 0.0671875