3 0.571875 0.56015625 0.0734375 0.11015625
3 0.565625 0.434375 0.0765625 0.11796875
3 0.5015625 0.4125 0.0875 0.11796875
3 0.62265625 0.4140625 0.08203125 0.109375
4 0.64375 0.88359375 0.06875 0.10703125
4 0.5890625 0.81328125 0.0640625 0.09609375
4 0.59609375 0.74140625 0.0625 0.0859375
5 0.66328125 0.8015625 0.0453125 0.0640625
5 0.70078125 0.80390625 0.05234375 0.07421875
5 0.78671875 0.72890625 0.05234375 0.07734375
5 0.76796875 0.6875 0.04609375 0.06953125
5 0.78828125 0.65234375 0.0578125 0.08671875
5 0.71328125 0.565625 0.06015625 0.0890625
5 0.69453125 0.66484375 0.0453125 0.071875
5 0.65 0.61171875 0.03671875 0.06015625
5 0.61015625 0.5109375 0.0640625 0.09375
5 0.48125 0.46484375 0.0546875 0.06953125
5 0.52421875 0.47109375 0.05078125 0.07734375
5 0.48125 0.54765625 0.0390625 0.0640625