3 0.35625 0.55859375 0.06484375 0.09140625
3 0.16875 0.446875 0.06484375 0.09609375
3 0.15703125 0.3390625 0.065625 0.0921875
3 0.403125 0.32734375 0.07109375 0.10546875
3 0.4609375 0.378125 0.06171875 0.08984375
3 0.6265625 0.54140625 0.05703125 0.08828125
3 0.6578125 0.50859375 0.0546875 0.084375
3 0.7046875 0.54765625 0.053125 0.0875
3 0.69296875 0.12578125 0.0640625 0.0984375
5 0.13671875 0.47421875 0.04140625 0.05859375
5 0.128125 0.42890625 0.034375 0.046875
5 0.2125 0.38671875 0.04921875 0.07421875
5 0.346875 0.35 0.04140625 0.05859375
5 0.34453125 0.30625 0.0375 0.05625
5 0.29609375 0.271875 0.03671875 0.05859375
5 0.43671875 0.2890625 0.04140625 0.06171875
5 0.4515625 0.2078125 0.04296875 0.07109375
5 0.46875 0.15546875 0.04140625 0.0625
5 0.6453125 0.03203125 0.0375 0.0640625
5 0.6765625 0.21015625 0.0375 0.0578125
5 0.67734375 0.16875 0.03671875 0.053125
5 0.509375 0.40234375 0.040625 0.059375
5 0.5390625 0.4109375 0.04296875 0.06484375
5 0.559375 0.44921875 0.03984375 0.059375
5 0.5125 0.63515625 0.04609375 0.06328125
5 0.5375 0.553125 0.02890625 0.0453125