3 0.6515625 0.5046875 0.05546875 0.07421875
3 0.81328125 0.68046875 0.0546875 0.0796875
3 0.80703125 0.78828125 0.05546875 0.075
3 0.56875 0.709375 0.059375 0.0875
3 0.52109375 0.6390625 0.0515625 0.0734375
3 0.3890625 0.4203125 0.046875 0.075
3 0.35390625 0.440625 0.0453125 0.07109375
3 0.31484375 0.3859375 0.04296875 0.075
3 0.2578125 0.7953125 0.053125 0.0828125
5 0.8484375 0.66640625 0.03515625 0.04765625
5 0.84921875 0.71328125 0.0296875 0.0375
5 0.7609375 0.72265625 0.040625 0.06171875
5 0.62578125 0.7078125 0.03515625 0.04765625
5 0.62109375 0.75078125 0.03125 0.046875
5 0.66171875 0.8015625 0.0296875 0.05
5 0.5296875 0.73359375 0.034375 0.0515625
5 0.50234375 0.80546875 0.03515625 0.0609375
5 0.47734375 0.85 0.034375 0.0515625
5 0.28671875 0.903125 0.0296875 0.05859375
5 0.29140625 0.95 0.021875 0.01953125
5 0.28671875 0.7203125 0.03125 0.0484375
5 0.2796875 0.76015625 0.03046875 0.04375
5 0.478125 0.59765625 0.034375 0.0484375
5 0.4515625 0.578125 0.03515625 0.05390625
5 0.4390625 0.534375 0.03359375 0.05
5 0.5140625 0.37265625 0.03984375 0.05078125
5 0.4765625 0.4421875 0.0234375 0.03828125