3 0.046875 0.765625 0.053125 0.084375
3 0.05546875 0.68984375 0.05703125 0.09140625
3 0.103125 0.68125 0.0765625 0.10546875
3 0.196875 0.696875 0.05625 0.084375
3 0.5515625 0.2453125 0.06875 0.0953125
3 0.596875 0.29921875 0.05234375 0.08203125
3 0.64140625 0.31953125 0.05234375 0.0796875
3 0.60390625 0.228125 0.06015625 0.0953125
3 0.74921875 0.2625 0.0609375 0.09140625
3 0.75703125 0.3359375 0.0484375 0.06796875
3 0.69921875 0.5515625 0.06171875 0.09296875
3 0.76015625 0.60390625 0.06328125 0.08984375
3 0.77109375 0.5640625 0.0875 0.1
3 0.8484375 0.63359375 0.0640625 0.0859375
3 0.6453125 0.79140625 0.0609375 0.08046875
5 0.6796875 0.684375 0.0421875 0.071875
5 0.728125 0.74609375 0.046875 0.065625
5 0.85546875 0.7546875 0.05234375 0.06953125
5 0.74375 0.703125 0.04921875 0.06953125
5 0.7453125 0.634375 0.046875 0.059375
5 0.71484375 0.61875 0.0359375 0.05859375