3 0.86328125 0.96328125 0.05546875 0.071875
3 0.871875 0.896875 0.059375 0.09453125
3 0.8296875 0.865625 0.07890625 0.1109375
3 0.740625 0.8328125 0.05859375 0.0875
3 0.51328125 0.24140625 0.07109375 0.1
3 0.46015625 0.26875 0.0546875 0.08515625
3 0.41484375 0.26484375 0.0546875 0.0828125
3 0.46953125 0.2 0.06328125 0.0984375
3 0.328125 0.159375 0.06328125 0.0953125
3 0.3046875 0.2234375 0.05 0.07109375
3 0.3109375 0.44921875 0.06328125 0.096875
3 0.2421875 0.46796875 0.065625 0.09375
3 0.24140625 0.42578125 0.08984375 0.10625
3 0.15546875 0.45078125 0.065625 0.090625
3 0.30703125 0.696875 0.0625 0.08515625
5 0.29921875 0.58125 0.04453125 0.0734375
5 0.240625 0.6140625 0.0484375 0.06875
5 0.121875 0.55859375 0.0546875 0.0734375
5 0.2359375 0.5671875 0.05078125 0.07265625
5 0.25 0.50234375 0.0484375 0.06328125
5 0.28125 0.50390625 0.0375 0.06015625