3 0.37734375 0.42578125 0.08125 0.10859375
3 0.3640625 0.49921875 0.07734375 0.11328125
3 0.40625 0.55 0.08046875 0.11328125
3 0.48671875 0.61328125 0.06796875 0.09375
3 0.65078125 0.678125 0.07265625 0.10390625
5 0.68359375 0.54765625 0.0546875 0.0796875
5 0.70546875 0.540625 0.0546875 0.07578125
5 0.6171875 0.59609375 0.05859375 0.0875
5 0.60703125 0.675 0.05703125 0.08515625
5 0.69140625 0.64453125 0.053125 0.07890625
5 0.70859375 0.68203125 0.05859375 0.08515625
5 0.70703125 0.7296875 0.0546875 0.07578125
5 0.7203125 0.6453125 0.04140625 0.0546875
5 0.80625 0.65078125 0.0453125 0.06171875
5 0.890625 0.8703125 0.0453125 0.07421875
4 0.78046875 0.740625 0.0625 0.08984375
4 0.5765625 0.5734375 0.0515625 0.0765625
4 0.5359375 0.584375 0.05 0.07421875
4 0.13984375 0.2375 0.06953125 0.10625
4 0.29296875 0.36015625 0.059375 0.08828125
4 0.42734375 0.34765625 0.05078125 0.0796875
4 0.45625 0.36328125 0.05078125 0.07109375
4 0.37109375 0.25078125 0.0453125 0.0609375
4 0.3328125 0.23515625 0.05234375 0.06875
4 0.10234375 0.19453125 0.0484375 0.07734375
4 0.18671875 0.2125 0.04140625 0.05859375
4 0.215625 0.23359375 0.04765625 0.07421875
4 0.23828125 0.27578125 0.04765625 0.075
4 0.18359375 0.31953125 0.05390625 0.084375
4 0.16953125 0.39375 0.059375 0.084375