3 0.6125 0.559375 0.06875 0.08984375
3 0.6203125 0.4953125 0.06484375 0.09375
3 0.5828125 0.45546875 0.06796875 0.09453125
3 0.51171875 0.4078125 0.05703125 0.07734375
3 0.36796875 0.36640625 0.0609375 0.08671875
5 0.3453125 0.48046875 0.0453125 0.06640625
5 0.3265625 0.48828125 0.04609375 0.06328125
5 0.4 0.43359375 0.0484375 0.07265625
5 0.40625 0.36484375 0.04765625 0.07109375
5 0.33515625 0.3984375 0.04453125 0.065625
5 0.31875 0.3671875 0.04921875 0.07109375
5 0.31796875 0.3265625 0.04609375 0.06328125
5 0.31015625 0.4 0.03515625 0.0453125
5 0.2359375 0.40234375 0.03828125 0.05078125
5 0.15546875 0.22109375 0.0375 0.0625
4 0.2546875 0.3234375 0.05234375 0.075
4 0.4359375 0.44921875 0.04296875 0.0640625
4 0.4703125 0.43671875 0.0421875 0.06171875
4 0.82265625 0.70078125 0.0578125 0.0890625
4 0.68671875 0.60859375 0.04921875 0.0734375
4 0.571875 0.63046875 0.0421875 0.06640625
4 0.546875 0.61953125 0.04296875 0.05859375
4 0.6234375 0.70859375 0.03828125 0.05078125
4 0.6578125 0.71875 0.04453125 0.05625
4 0.85703125 0.734375 0.03984375 0.06484375
4 0.78359375 0.7265625 0.03515625 0.0484375
4 0.75859375 0.7109375 0.03984375 0.06171875
4 0.7375 0.6765625 0.0390625 0.06328125
4 0.7828125 0.634375 0.04453125 0.0703125
4 0.79140625 0.56953125 0.05 0.0703125