3 0.621875 0.596875 0.08203125 0.1140625
3 0.6390625 0.52578125 0.0796875 0.11640625
3 0.60078125 0.46953125 0.08203125 0.11796875
3 0.52421875 0.396875 0.06953125 0.09765625
3 0.36484375 0.31015625 0.07421875 0.1078125
5 0.325 0.43515625 0.05625 0.08203125
5 0.30234375 0.43984375 0.05625 0.07890625
5 0.39375 0.396875 0.06015625 0.08984375
5 0.40859375 0.31875 0.05859375 0.0875
5 0.32265625 0.33828125 0.0546875 0.08125
5 0.3078125 0.2984375 0.06015625 0.08828125
5 0.31171875 0.2515625 0.05546875 0.07890625
5 0.29453125 0.33359375 0.0421875 0.0578125
5 0.209375 0.31640625 0.046875 0.0640625
5 0.13828125 0.0875 0.04765625 0.07578125
4 0.23984375 0.23125 0.0640625 0.09296875
4 0.4328125 0.42421875 0.053125 0.07890625
4 0.4734375 0.41796875 0.0515625 0.0765625
4 0.846875 0.815625 0.07109375 0.109375
4 0.7015625 0.6734375 0.0609375 0.090625
4 0.5671875 0.6671875 0.05234375 0.08125
4 0.53984375 0.6484375 0.05234375 0.0734375
4 0.6171875 0.77109375 0.04609375 0.0640625
4 0.6546875 0.79140625 0.05234375 0.071875
4 0.88125 0.8625 0.05 0.07890625
4 0.7984375 0.834375 0.04296875 0.0609375
4 0.77109375 0.809375 0.04921875 0.07578125
4 0.7515625 0.7640625 0.04921875 0.0765625
4 0.8078125 0.728125 0.05546875 0.0859375
4 0.82578125 0.65625 0.0609375 0.0875