3 0.125 0.57265625 0.06953125 0.10703125
3 0.24140625 0.496875 0.06953125 0.09609375
3 0.24609375 0.5484375 0.06875 0.09140625
3 0.28828125 0.4921875 0.0625 0.10390625
3 0.28125 0.6921875 0.05390625 0.0796875
3 0.31953125 0.65625 0.05234375 0.084375
3 0.39921875 0.6921875 0.05390625 0.07421875
3 0.49921875 0.66171875 0.059375 0.0875
3 0.44375 0.28984375 0.084375 0.128125
3 0.51796875 0.45859375 0.071875 0.10625
3 0.58046875 0.5671875 0.06015625 0.08828125
3 0.6078125 0.51875 0.05859375 0.0890625
3 0.621875 0.62109375 0.06171875 0.090625
3 0.65859375 0.584375 0.04765625 0.07578125
3 0.840625 0.559375 0.0609375 0.096875
3 0.8953125 0.58671875 0.06796875 0.090625
5 0.10703125 0.5546875 0.040625 0.0796875
5 0.1015625 0.42109375 0.04609375 0.06796875
5 0.1765625 0.45859375 0.05546875 0.08359375
5 0.1953125 0.4140625 0.05234375 0.0765625
5 0.2734375 0.4 0.05078125 0.065625
5 0.28125 0.440625 0.05859375 0.075
5 0.390625 0.2640625 0.05546875 0.08671875
5 0.47734375 0.2046875 0.04453125 0.0578125
5 0.48359375 0.24765625 0.05390625 0.0828125
5 0.49296875 0.31015625 0.04921875 0.07421875
5 0.45859375 0.35 0.0546875 0.0765625
5 0.53828125 0.209375 0.05546875 0.08828125
5 0.709375 0.2578125 0.04921875 0.07265625