3 0.13359375 0.6375 0.0578125 0.09140625
3 0.26015625 0.646875 0.06015625 0.07890625
3 0.25234375 0.59609375 0.06015625 0.07421875
3 0.3046875 0.6265625 0.0515625 0.090625
3 0.2515625 0.44296875 0.0453125 0.0671875
3 0.2953125 0.45625 0.04296875 0.07265625
3 0.36171875 0.38125 0.04765625 0.0609375
3 0.46171875 0.3578125 0.05078125 0.0734375
3 0.49765625 0.73359375 0.07109375 0.10859375
3 0.52734375 0.53671875 0.06171875 0.08984375
3 0.5609375 0.40234375 0.0515625 0.07421875
3 0.59765625 0.43359375 0.05 0.075
3 0.58671875 0.3296875 0.05234375 0.0765625
3 0.62890625 0.3453125 0.03984375 0.06484375
3 0.80546875 0.27265625 0.05 0.08359375
3 0.85 0.21875 0.059375 0.0734375
5 0.12109375 0.6640625 0.03046875 0.0734375
5 0.146875 0.79140625 0.0390625 0.05703125
5 0.2078125 0.7171875 0.046875 0.0703125
5 0.2359375 0.7484375 0.04453125 0.0640625
5 0.3125 0.7203125 0.0453125 0.05234375
5 0.31015625 0.67890625 0.0515625 0.059375
5 0.45390625 0.7859375 0.04609375 0.07421875
5 0.5484375 0.79609375 0.03984375 0.04609375
5 0.54453125 0.75234375 0.0453125 0.0703125
5 0.5390625 0.6890625 0.04140625 0.06328125
5 0.496875 0.66953125 0.04765625 0.0625
5 0.6046875 0.759375 0.04609375 0.07578125
5 0.75390625 0.6234375 0.04140625 0.06171875