3 0.0734375 0.3625 0.084375 0.12890625
3 0.20234375 0.46875 0.0828125 0.1171875
3 0.2109375 0.409375 0.08203125 0.11171875
3 0.25546875 0.48125 0.0765625 0.12421875
3 0.26171875 0.25078125 0.06484375 0.096875
3 0.303125 0.29765625 0.06328125 0.10078125
3 0.396875 0.26953125 0.06484375 0.090625
3 0.509375 0.32109375 0.071875 0.10625
3 0.4203125 0.73984375 0.1015625 0.15390625
3 0.5171875 0.55703125 0.08671875 0.12890625
3 0.596875 0.44296875 0.07265625 0.10703125
3 0.625 0.50234375 0.07109375 0.10703125
3 0.6484375 0.3875 0.07421875 0.109375
3 0.6875 0.43515625 0.0578125 0.090625
3 0.8953125 0.49375 0.07421875 0.11640625
3 0.959375 0.471875 0.08046875 0.1109375
5 0.0515625 0.38046875 0.05 0.09375
5 0.0359375 0.53359375 0.05546875 0.08203125
5 0.12421875 0.50234375 0.0671875 0.10078125
5 0.14296875 0.55625 0.0625 0.0921875
5 0.23203125 0.58515625 0.0609375 0.08046875
5 0.24375 0.53984375 0.06953125 0.0921875
5 0.35625 0.76015625 0.0671875 0.10390625
5 0.4515625 0.84296875 0.053125 0.07109375
5 0.46171875 0.79453125 0.06484375 0.09921875
5 0.47734375 0.72421875 0.059375 0.08984375
5 0.44140625 0.671875 0.065625 0.09296875
5 0.52265625 0.84765625 0.06796875 0.10546875
5 0.72265625 0.81953125 0.059375 0.08828125