3 0.72109375 0.27421875 0.125 0.13828125
3 0.6140625 0.2890625 0.0890625 0.159375
3 0.40546875 0.521875 0.1046875 0.17578125
3 0.3203125 0.50390625 0.1265625 0.190625
4 0.57890625 0.496875 0.0828125 0.12109375
5 0.42734375 0.78671875 0.09296875 0.11953125
5 0.3328125 0.75078125 0.08828125 0.1484375
5 0.27734375 0.84453125 0.08671875 0.13359375
5 0.19140625 0.8578125 0.0953125 0.1421875
5 0.3578125 0.44375 0.0921875 0.13046875
5 0.35390625 0.33515625 0.08515625 0.12421875
5 0.55859375 0.128125 0.08984375 0.1421875
5 0.5421875 0.2609375 0.07734375 0.11875
5 0.721875 0.16640625 0.10078125 0.128125