3 0.71484375 0.67421875 0.121875 0.14453125
3 0.61796875 0.678125 0.09140625 0.1578125
3 0.4140625 0.50234375 0.10625 0.17421875
3 0.3390625 0.53203125 0.12734375 0.19140625
4 0.57109375 0.496875 0.0828125 0.121875
5 0.41484375 0.2609375 0.0921875 0.121875
5 0.33203125 0.30859375 0.08984375 0.146875
5 0.27578125 0.2328125 0.0875 0.13359375
5 0.19765625 0.23515625 0.09609375 0.14296875
5 0.3765625 0.58046875 0.0921875 0.13203125
5 0.38125 0.678125 0.08515625 0.125
5 0.57890625 0.83203125 0.090625 0.1421875
5 0.55546875 0.7140625 0.07734375 0.11953125
5 0.7234375 0.77109375 0.09921875 0.13125