3 0.26953125 0.41875 0.134375 0.17734375
3 0.36171875 0.37890625 0.109375 0.17734375
3 0.58671875 0.47109375 0.12578125 0.1984375
3 0.6546875 0.4140625 0.14765625 0.221875
4 0.43671875 0.53515625 0.0953125 0.1421875
5 0.6265625 0.703125 0.10390625 0.1453125
5 0.6984375 0.6265625 0.10703125 0.16796875
5 0.76484375 0.678125 0.1015625 0.15390625
5 0.83984375 0.646875 0.1109375 0.16640625
5 0.61015625 0.3828125 0.10546875 0.15390625
5 0.58984375 0.28984375 0.0984375 0.1453125
5 0.3734375 0.21640625 0.10625 0.1640625
5 0.415625 0.3203125 0.090625 0.1375
5 0.2453125 0.32890625 0.1125 0.15703125