3 0.14140625 0.3390625 0.10390625 0.14296875
3 0.20859375 0.45625 0.11640625 0.16875
3 0.22265625 0.2109375 0.1046875 0.1546875
3 0.15 0.05234375 0.11015625 0.10390625
3 0.22578125 0.04140625 0.0953125 0.0828125
3 0.425 0.65703125 0.11328125 0.171875
3 0.51796875 0.65 0.10234375 0.1375
3 0.509375 0.5546875 0.09453125 0.13203125
3 0.5765625 0.48203125 0.0890625 0.1265625
3 0.53671875 0.41640625 0.090625 0.1328125
3 0.4984375 0.37109375 0.0640625 0.1125
3 0.55390625 0.34140625 0.10078125 0.121875
3 0.62109375 0.40234375 0.08203125 0.1171875
3 0.68828125 0.39375 0.09453125 0.13828125
3 0.6703125 0.3046875 0.109375 0.1484375
3 0.5796875 0.265625 0.09921875 0.1203125
3 0.73828125 0.321875 0.07734375 0.11953125
3 0.78984375 0.28515625 0.0828125 0.109375
3 0.54453125 0.85546875 0.08984375 0.1234375
4 0.47734375 0.4671875 0.0875 0.121875
5 0.10078125 0.22265625 0.07109375 0.11640625
5 0.07890625 0.31875 0.071875 0.11015625
5 0.29296875 0.0328125 0.0703125 0.065625
5 0.45 0.75078125 0.075 0.10625
5 0.54375 0.75859375 0.06640625 0.09140625
5 0.57578125 0.6828125 0.07421875 0.11015625
5 0.7875 0.76796875 0.09375 0.140625
5 0.72734375 0.95078125 0.06953125 0.09765625
5 0.86796875 0.94296875 0.08046875 0.11328125
5 0.86171875 0.83671875 0.09296875 0.14609375
5 0.79296875 0.9859375 0.09765625 0.02734375