3 0.3328125 0.43125 0.1578125 0.24140625
3 0.42890625 0.44140625 0.1328125 0.20859375
3 0.48984375 0.48125 0.1453125 0.2109375
3 0.525 0.6890625 0.15234375 0.2234375
3 0.5921875 0.55546875 0.13828125 0.2125
3 0.18046875 0.409375 0.1296875 0.19765625
3 0.85625 0.3609375 0.13515625 0.1765625
4 0.28046875 0.7734375 0.09921875 0.13203125
4 0.7109375 0.34765625 0.1203125 0.1796875
4 0.71171875 0.23984375 0.11484375 0.1625
4 0.64296875 0.1578125 0.084375 0.11328125
5 0.59140625 0.28671875 0.1015625 0.16015625
5 0.60625 0.16875 0.1171875 0.1734375
5 0.58828125 0.4453125 0.0921875 0.1359375
5 0.5390625 0.428125 0.11015625 0.175
5 0.41328125 0.65625 0.09765625 0.14453125
5 0.37578125 0.734375 0.0921875 0.13046875
5 0.34765625 0.79609375 0.09609375 0.13046875
5 0.35703125 0.640625 0.07578125 0.12265625
5 0.65234375 0.64453125 0.08828125 0.1421875
5 0.76328125 0.71015625 0.096875 0.15078125