3 0.6 0.84765625 0.1 0.1609375
3 0.68203125 0.61796875 0.1125 0.15625
3 0.58671875 0.61875 0.10703125 0.16015625
3 0.496875 0.65234375 0.1140625 0.1703125
3 0.6984375 0.4984375 0.09765625 0.159375
3 0.62421875 0.478125 0.1078125 0.16015625
3 0.55234375 0.45234375 0.07109375 0.1359375
3 0.646875 0.340625 0.103125 0.159375
3 0.525 0.3328125 0.09921875 0.146875
3 0.60546875 0.18359375 0.103125 0.14765625
5 0.58984375 0.3765625 0.065625 0.0875
5 0.68125 0.27421875 0.06484375 0.0984375
5 0.6953125 0.1921875 0.07734375 0.125
5 0.63828125 0.1921875 0.06640625 0.09765625
5 0.66953125 0.45703125 0.04765625 0.096875