3 0.446875 0.1546875 0.08984375 0.14609375
3 0.3453125 0.3515625 0.1015625 0.140625
3 0.43515625 0.37421875 0.09609375 0.14453125
3 0.5234375 0.3640625 0.103125 0.153125
3 0.31640625 0.4609375 0.08828125 0.14453125
3 0.38515625 0.49765625 0.09765625 0.14453125
3 0.45 0.53984375 0.06328125 0.125
3 0.3484375 0.621875 0.09296875 0.14453125
3 0.4625 0.65859375 0.08984375 0.1328125
3 0.3703125 0.78046875 0.09375 0.1328125
5 0.40546875 0.6015625 0.06015625 0.078125
5 0.30859375 0.67578125 0.05859375 0.0890625
5 0.28671875 0.75 0.06953125 0.11328125
5 0.33984375 0.7640625 0.06015625 0.08828125
5 0.33984375 0.50703125 0.0421875 0.08984375