3 0.47578125 0.1328125 0.11875 0.18515625
3 0.62109375 0.27265625 0.12890625 0.18671875
3 0.53828125 0.34140625 0.125 0.18671875
3 0.44921875 0.378125 0.13359375 0.19921875
3 0.67421875 0.36484375 0.1171875 0.1828125
3 0.615625 0.43671875 0.12578125 0.18828125
3 0.56171875 0.51171875 0.08828125 0.15078125
3 0.68046875 0.5390625 0.12109375 0.18515625
3 0.57734375 0.634375 0.115625 0.171875
3 0.69609375 0.70625 0.11953125 0.17421875
5 0.61953125 0.54921875 0.075 0.10546875
5 0.73203125 0.571875 0.07578125 0.11484375
5 0.7703125 0.63359375 0.0921875 0.14375
5 0.721875 0.67421875 0.07734375 0.11484375
5 0.6625 0.421875 0.06015625 0.10703125