3 0.36015625 0.190625 0.1375 0.18671875
3 0.27578125 0.4609375 0.13828125 0.20625
3 0.38046875 0.43203125 0.14453125 0.2125
3 0.48828125 0.3515625 0.15078125 0.228125
3 0.35234375 0.60078125 0.1421875 0.2171875
3 0.284375 0.59375 0.1265625 0.1875
3 0.35703125 0.75859375 0.14140625 0.22265625
3 0.43828125 0.59921875 0.121875 0.19453125
3 0.5 0.71484375 0.1296875 0.190625
3 0.434375 0.90546875 0.14453125 0.1890625
5 0.40625 0.703125 0.08828125 0.13203125
5 0.3296875 0.92734375 0.09453125 0.14453125
5 0.39140625 0.91328125 0.09296875 0.134375
5 0.32890625 0.84140625 0.0921875 0.13203125