3 0.49296875 0.1453125 0.12734375 0.17109375
3 0.65859375 0.27890625 0.12734375 0.18984375
3 0.56796875 0.34609375 0.13359375 0.1953125
3 0.45546875 0.37578125 0.13828125 0.2109375
3 0.653125 0.45 0.13125 0.20078125
3 0.70234375 0.3875 0.1171875 0.171875
3 0.70859375 0.575 0.1296875 0.20546875
3 0.58671875 0.52265625 0.11171875 0.1796875
3 0.58359375 0.6625 0.1203125 0.17578125
3 0.70859375 0.7578125 0.13359375 0.18984375
5 0.65 0.57421875 0.08125 0.121875
5 0.79375 0.68046875 0.08671875 0.13671875
5 0.740625 0.72109375 0.0859375 0.1234375
5 0.7609375 0.6140625 0.08515625 0.12109375