3 0.60703125 0.26796875 0.09921875 0.14296875
3 0.59375 0.334375 0.0953125 0.1390625
3 0.56796875 0.39921875 0.08828125 0.140625
3 0.49921875 0.425 0.0984375 0.1453125
3 0.665625 0.384375 0.1 0.1390625
3 0.62109375 0.61640625 0.0890625 0.12578125
3 0.528125 0.6953125 0.06640625 0.10390625
3 0.41796875 0.76875 0.096875 0.1375
3 0.2734375 0.840625 0.0859375 0.1015625
5 0.62109375 0.175 0.07578125 0.10859375
5 0.53828125 0.51328125 0.06484375 0.10234375
5 0.65234375 0.73828125 0.06015625 0.0890625
5 0.73515625 0.80703125 0.06328125 0.09296875
5 0.6796875 0.85078125 0.0640625 0.08203125
5 0.5921875 0.734375 0.059375 0.09140625
5 0.5640625 0.76953125 0.04921875 0.0796875
5 0.53984375 0.790625 0.0640625 0.09140625
5 0.303125 0.66015625 0.05703125 0.0828125
5 0.246875 0.6671875 0.06015625 0.09375
5 0.19921875 0.63203125 0.06015625 0.09140625
5 0.21796875 0.75625 0.0703125 0.10546875
5 0.28203125 0.75078125 0.0578125 0.0875
5 0.2484375 0.7875 0.06328125 0.090625