3 0.66484375 0.6765625 0.090625 0.1265625
3 0.634375 0.61875 0.08671875 0.1234375
3 0.59375 0.56875 0.07734375 0.128125
3 0.51953125 0.58203125 0.08828125 0.12890625
3 0.69296875 0.528125 0.09140625 0.121875
3 0.590625 0.325 0.08125 0.11015625
3 0.4796875 0.29921875 0.05859375 0.09453125
3 0.35234375 0.2890625 0.08828125 0.1203125
3 0.1921875 0.3 0.0828125 0.08203125
5 0.7015625 0.76015625 0.06875 0.09609375
5 0.53515625 0.4734375 0.0578125 0.09296875
5 0.59140625 0.18671875 0.05390625 0.0796875
5 0.65546875 0.071875 0.05703125 0.0828125
5 0.58984375 0.0609375 0.06015625 0.06953125
5 0.5328125 0.225 0.05234375 0.0828125
5 0.496875 0.20625 0.0421875 0.0734375
5 0.4671875 0.19921875 0.0578125 0.08046875
5 0.2671875 0.4609375 0.0515625 0.0734375
5 0.20859375 0.4859375 0.053125 0.08515625
5 0.17109375 0.54765625 0.05390625 0.08203125
5 0.15859375 0.41484375 0.0625 0.09453125
5 0.22265625 0.38359375 0.05078125 0.07890625
5 0.18046875 0.36640625 0.0578125 0.0796875