3 0.73125 0.62578125 0.10234375 0.146875
3 0.69609375 0.58828125 0.08828125 0.134375
3 0.7375 0.47734375 0.09140625 0.13359375
3 0.646875 0.55625 0.07890625 0.12265625
3 0.5875 0.5953125 0.1046875 0.14609375
3 0.675 0.4984375 0.07265625 0.11484375
3 0.60234375 0.3390625 0.0828125 0.128125
3 0.5046875 0.34765625 0.06953125 0.10390625
3 0.38984375 0.39609375 0.10078125 0.14609375
3 0.2515625 0.47109375 0.0875 0.09921875
5 0.77890625 0.6796875 0.0734375 0.109375
5 0.33984375 0.5828125 0.05703125 0.090625
5 0.29375 0.62734375 0.06796875 0.10234375
5 0.27109375 0.6984375 0.06328125 0.09765625
5 0.2390625 0.5796875 0.07109375 0.10390625
5 0.58125 0.4875 0.06328125 0.090625
5 0.578125 0.215625 0.0640625 0.08671875
5 0.559375 0.10625 0.05625 0.08203125