3 0.7078125 0.70703125 0.090625 0.12578125
3 0.67890625 0.6578125 0.0765625 0.11796875
3 0.73828125 0.56328125 0.08046875 0.11484375
3 0.6359375 0.6078125 0.0671875 0.10859375
3 0.57109375 0.625 0.09375 0.1234375
3 0.67265625 0.5609375 0.0625 0.1015625
3 0.62734375 0.37890625 0.07109375 0.1125
3 0.5296875 0.35078125 0.0609375 0.08984375
3 0.409375 0.35703125 0.08828125 0.12578125
3 0.26171875 0.38046875 0.0828125 0.0765625
5 0.74609375 0.77734375 0.0640625 0.09453125
5 0.3296875 0.52265625 0.0484375 0.0796875
5 0.27734375 0.54921875 0.059375 0.0890625
5 0.24375 0.6109375 0.0546875 0.08515625
5 0.23046875 0.4828125 0.0625 0.0890625
5 0.5828125 0.51640625 0.05625 0.078125
5 0.6234375 0.24765625 0.0578125 0.071875
5 0.62265625 0.134375 0.05 0.0703125