3 0.15234375 0.43671875 0.0296875 0.0421875
3 0.171875 0.44453125 0.021875 0.03203125
3 0.26640625 0.415625 0.02890625 0.03515625
3 0.275 0.4484375 0.0328125 0.04453125
3 0.28515625 0.5234375 0.02421875 0.03203125
3 0.1828125 0.58046875 0.028125 0.040625
3 0.16015625 0.6234375 0.02421875 0.0265625
3 0.12109375 0.67578125 0.0265625 0.03359375
3 0.1046875 0.65703125 0.02734375 0.0375
3 0.225 0.60859375 0.0234375 0.02734375
3 0.325 0.47734375 0.02265625 0.0390625
3 0.34375 0.4984375 0.02265625 0.03671875
3 0.3375 0.5546875 0.02109375 0.03046875
3 0.40546875 0.6609375 0.02421875 0.0296875
3 0.4265625 0.6703125 0.01875 0.028125
3 0.44296875 0.6765625 0.01640625 0.028125
3 0.38515625 0.7 0.025 0.03046875
3 0.67109375 0.790625 0.025 0.0375
3 0.55859375 0.83125 0.02734375 0.0375
3 0.48125 0.8140625 0.0296875 0.0421875
3 0.51484375 0.590625 0.02890625 0.034375
3 0.5234375 0.55703125 0.02734375 0.0390625
4 0.1171875 0.61953125 0.01953125 0.0265625
4 0.1359375 0.6234375 0.021875 0.03203125
4 0.19453125 0.5671875 0.01796875 0.02578125
4 0.2078125 0.56015625 0.0125 0.0234375
4 0.34140625 0.4609375 0.02109375 0.02890625
4 0.3578125 0.45 0.01875 0.03359375
4 0.371875 0.46875 0.01640625 0.025
4 0.30625 0.44140625 0.0234375 0.03359375
4 0.13984375 0.34140625 0.021875 0.03203125
4 0.1421875 0.378125 0.01796875 0.02421875
4 0.1578125 0.4 0.0203125 0.03203125
4 0.19140625 0.40703125 0.0203125 0.02734375
4 0.18984375 0.43828125 0.01640625 0.03046875
4 0.25546875 0.34140625 0.015625 0.021875
4 0.240625 0.3296875 0.0171875 0.021875
4 0.2421875 0.34765625 0.01640625 0.021875
4 0.2359375 0.3703125 0.0140625 0.021875
4 0.24765625 0.375 0.01171875 0.0203125
4 0.18671875 0.2484375 0.01640625 0.0234375