3 0.165625 0.73125 0.0328125 0.046875
3 0.18359375 0.71484375 0.02421875 0.03515625
3 0.28359375 0.7 0.03125 0.0390625
3 0.2859375 0.6625 0.03515625 0.0484375
3 0.28125 0.58359375 0.0265625 0.03515625
3 0.1671875 0.57265625 0.03046875 0.0453125
3 0.13515625 0.540625 0.0265625 0.0296875
3 0.08515625 0.50625 0.02890625 0.03671875
3 0.07265625 0.5328125 0.0296875 0.040625
3 0.203125 0.52578125 0.025 0.03046875
3 0.33046875 0.61171875 0.025 0.0421875
3 0.34453125 0.58125 0.025 0.040625
3 0.32734375 0.528125 0.0234375 0.0328125
3 0.37265625 0.390625 0.0265625 0.0328125
3 0.3921875 0.37109375 0.0203125 0.03046875
3 0.4078125 0.35703125 0.01796875 0.0296875
3 0.34453125 0.36015625 0.0265625 0.034375
3 0.6125 0.13828125 0.02734375 0.040625
3 0.49140625 0.15 0.0296875 0.040625
3 0.4171875 0.20234375 0.03203125 0.046875
3 0.496875 0.4109375 0.03125 0.0375
3 0.5125 0.43984375 0.0296875 0.0421875
4 0.09296875 0.56484375 0.02109375 0.02890625
4 0.1109375 0.55234375 0.02421875 0.034375
4 0.18125 0.58125 0.01953125 0.028125
4 0.1953125 0.5828125 0.0140625 0.025
4 0.35 0.61953125 0.0234375 0.03203125
4 0.36875 0.6234375 0.02109375 0.0359375
4 0.378125 0.59765625 0.01796875 0.02734375
4 0.31875 0.65625 0.02578125 0.03671875
4 0.171875 0.8328125 0.02421875 0.03515625
4 0.1671875 0.79453125 0.01953125 0.0265625
4 0.178125 0.765625 0.021875 0.034375
4 0.2109375 0.74296875 0.02265625 0.0296875
4 0.203125 0.7125 0.01796875 0.0328125
4 0.28828125 0.7796875 0.0171875 0.02421875
4 0.2765625 0.79765625 0.01796875 0.02421875
4 0.2734375 0.77890625 0.01796875 0.0234375
4 0.2625 0.759375 0.015625 0.02421875
4 0.2734375 0.74921875 0.0125 0.021875
4 0.23828125 0.90390625 0.0171875 0.02578125