3 0.509375 0.48515625 0.09765625 0.140625
3 0.54765625 0.51640625 0.0640625 0.1015625
3 0.45625 0.45859375 0.0859375 0.1375
3 0.6484375 0.34765625 0.07265625 0.103125
3 0.65625 0.578125 0.075 0.09765625
3 0.71875 0.5140625 0.08515625 0.13828125
3 0.640625 0.6453125 0.0828125 0.09921875
4 0.43984375 0.66171875 0.07578125 0.11328125
4 0.52578125 0.5953125 0.06953125 0.096875
4 0.53671875 0.6375 0.0546875 0.0796875
4 0.5921875 0.565625 0.06015625 0.09921875
5 0.57890625 0.46328125 0.05625 0.078125
5 0.44921875 0.34453125 0.0671875 0.10234375
5 0.409375 0.48203125 0.06015625 0.09296875
5 0.41640625 0.60390625 0.06796875 0.08671875
5 0.5453125 0.7140625 0.0578125 0.08125