3 0.49921875 0.484375 0.084375 0.121875
3 0.46015625 0.49609375 0.05546875 0.08828125
3 0.55078125 0.484375 0.07421875 0.11953125
3 0.4046875 0.30859375 0.06328125 0.0890625
3 0.35546875 0.50390625 0.065625 0.084375
3 0.3140625 0.42265625 0.0734375 0.1203125
3 0.35703125 0.56796875 0.07265625 0.084375
4 0.5265625 0.665625 0.065625 0.09765625
4 0.46484375 0.57265625 0.06015625 0.08359375
4 0.44765625 0.6046875 0.04765625 0.06953125
4 0.41328125 0.5203125 0.0515625 0.08671875
5 0.44375 0.4375 0.04921875 0.0671875
5 0.57734375 0.38828125 0.0578125 0.0890625
5 0.5859375 0.5234375 0.05234375 0.08046875
5 0.5578125 0.62578125 0.059375 0.07421875
5 0.42578125 0.6671875 0.05078125 0.0703125