3 0.51015625 0.5171875 0.09375 0.1375
3 0.53984375 0.48125 0.0625 0.09765625
3 0.4671875 0.553125 0.084375 0.13203125
3 0.6453125 0.603125 0.0703125 0.1015625
3 0.62734375 0.40234375 0.07109375 0.09765625
3 0.6875 0.44296875 0.084375 0.1328125
3 0.60625 0.3484375 0.078125 0.10078125
4 0.43203125 0.38125 0.0734375 0.109375
4 0.51328125 0.41796875 0.06640625 0.0953125
4 0.51796875 0.3796875 0.053125 0.078125
4 0.57265625 0.428125 0.059375 0.09453125
5 0.57265625 0.51953125 0.05390625 0.0765625
5 0.4734375 0.653125 0.06484375 0.09921875
5 0.42421875 0.54375 0.059375 0.08984375
5 0.4171875 0.4375 0.06484375 0.08671875
5 0.5171875 0.3109375 0.05546875 0.0796875