3 0.625 0.20546875 0.07578125 0.109375
3 0.571875 0.128125 0.0703125 0.1015625
3 0.565625 0.19765625 0.06484375 0.096875
3 0.58359375 0.2625 0.05390625 0.07890625
3 0.5234375 0.36953125 0.06875 0.1015625
3 0.59296875 0.43203125 0.06171875 0.09140625
3 0.57421875 0.41796875 0.05703125 0.0828125
3 0.5421875 0.525 0.07109375 0.1078125
3 0.49765625 0.51875 0.07578125 0.1125
3 0.13671875 0.8796875 0.065625 0.10234375
4 0.771875 0.4125 0.06953125 0.1
4 0.59140625 0.3734375 0.053125 0.07890625
5 0.65390625 0.3703125 0.053125 0.0765625
5 0.63359375 0.32109375 0.05546875 0.08046875
5 0.609375 0.2703125 0.05546875 0.08671875
5 0.5203125 0.209375 0.0609375 0.0875
5 0.540625 0.0140625 0.053125 0.028125
5 0.62734375 0.00546875 0.0453125 0.0109375
5 0.64140625 0.24296875 0.03828125 0.05859375