3 0.3484375 0.27890625 0.06328125 0.08671875
3 0.384375 0.1921875 0.0578125 0.08125
3 0.4 0.25234375 0.053125 0.078125
3 0.39375 0.31640625 0.04453125 0.06328125
3 0.46328125 0.39140625 0.05703125 0.08125
3 0.4109375 0.4703125 0.05 0.0734375
3 0.42578125 0.4515625 0.046875 0.06640625
3 0.46953125 0.5359375 0.0578125 0.0875
3 0.50859375 0.515625 0.06171875 0.09140625
3 0.884375 0.71640625 0.05234375 0.084375
4 0.2484375 0.5125 0.05703125 0.0796875
4 0.403125 0.4171875 0.04375 0.0640625
5 0.34765625 0.4359375 0.04375 0.0609375
5 0.3578125 0.384375 0.0453125 0.06484375
5 0.37265625 0.33125 0.04453125 0.07109375
5 0.44296875 0.24765625 0.05 0.0703125
5 0.39140625 0.0578125 0.0421875 0.065625
5 0.3125 0.0734375 0.03515625 0.06015625
5 0.29375 0.028125 0.05 0.05625
5 0.18125 0.0375 0.0515625 0.07421875
5 0.2203125 0.01484375 0.04609375 0.02890625
5 0.33984375 0.3171875 0.03046875 0.04765625