3 0.3421875 0.6921875 0.05625 0.07578125
3 0.36953125 0.7796875 0.05078125 0.0703125
3 0.3890625 0.725 0.046875 0.06796875
3 0.38671875 0.66328125 0.0390625 0.05546875
3 0.4578125 0.603125 0.05 0.07109375
3 0.41328125 0.52109375 0.04375 0.06484375
3 0.42578125 0.540625 0.04140625 0.05859375
3 0.4734375 0.4671875 0.05 0.07734375
3 0.509375 0.49296875 0.05390625 0.08046875
3 0.87734375 0.36015625 0.0453125 0.07421875
4 0.26328125 0.45625 0.05078125 0.06953125
4 0.403125 0.56953125 0.03828125 0.05625
5 0.3515625 0.54375 0.0390625 0.05234375
5 0.3578125 0.59375 0.03984375 0.05625
5 0.36796875 0.64609375 0.0390625 0.06328125
5 0.428125 0.7359375 0.04453125 0.0609375
5 0.3671875 0.90703125 0.03671875 0.0578125
5 0.29375 0.88046875 0.03046875 0.05390625
5 0.27265625 0.92421875 0.04453125 0.0546875
5 0.1671875 0.89453125 0.0453125 0.06484375
5 0.20234375 0.9359375 0.04140625 0.05
5 0.3359375 0.65390625 0.0265625 0.0421875