3 0.80703125 0.29453125 0.08984375 0.14296875
3 0.7296875 0.3515625 0.096875 0.1359375
3 0.6328125 0.2609375 0.08984375 0.128125
3 0.63515625 0.38046875 0.08671875 0.12578125
3 0.678125 0.72734375 0.08203125 0.1234375
3 0.70390625 0.83046875 0.08515625 0.0921875
3 0.621875 0.83515625 0.09375 0.1484375
3 0.6265625 0.9484375 0.0921875 0.103125
3 0.51484375 0.79609375 0.0875 0.1328125
3 0.5125 0.65625 0.08125 0.1203125
3 0.475 0.75 0.07421875 0.13671875
3 0.3859375 0.63984375 0.09609375 0.153125
3 0.4109375 0.47734375 0.07265625 0.13984375
3 0.88359375 0.34453125 0.08046875 0.109375
4 0.640625 0.559375 0.0796875 0.11796875
4 0.7 0.63046875 0.059375 0.1265625
5 0.71484375 0.6578125 0.06484375 0.1046875
5 0.7375 0.209375 0.06796875 0.1015625
5 0.7484375 0.2859375 0.05625 0.0828125
5 0.70078125 0.25859375 0.065625 0.0984375
5 0.62890625 0.16875 0.0765625 0.1140625
5 0.6828125 0.41875 0.0703125 0.10234375
5 0.63671875 0.4734375 0.08515625 0.115625
5 0.68203125 0.534375 0.06953125 0.09609375
5 0.55625 0.3640625 0.08046875 0.115625
5 0.4859375 0.25078125 0.0734375 0.1109375
5 0.4953125 0.38125 0.0828125 0.13125
5 0.440625 0.40390625 0.071875 0.1
5 0.57421875 0.50390625 0.05390625 0.0875
5 0.5546875 0.43984375 0.06796875 0.090625
5 0.53515625 0.53125 0.0640625 0.0984375
5 0.43828125 0.47734375 0.0671875 0.10234375
5 0.38203125 0.4953125 0.0625 0.090625
5 0.45390625 0.59453125 0.06640625 0.09296875
5 0.4171875 0.72890625 0.0828125 0.11640625
5 0.5984375 0.6859375 0.07890625 0.11328125
5 0.56171875 0.6546875 0.059375 0.10703125
5 0.5453125 0.72109375 0.08046875 0.10625
5 0.94296875 0.34609375 0.08203125 0.128125