3 0.175 0.38359375 0.09921875 0.15390625
3 0.25859375 0.41796875 0.1046875 0.15078125
3 0.34296875 0.3015625 0.096875 0.14140625
3 0.35546875 0.4203125 0.09453125 0.13828125
3 0.35625 0.775 0.08984375 0.134375
3 0.34453125 0.88359375 0.0875 0.10859375
3 0.42578125 0.86484375 0.10390625 0.16015625
3 0.4375 0.959375 0.1 0.08046875
3 0.5265625 0.79609375 0.09609375 0.14453125
3 0.5109375 0.65703125 0.08828125 0.13125
3 0.56015625 0.7390625 0.08515625 0.14375
3 0.634375 0.6046875 0.10625 0.165625
3 0.5890625 0.45234375 0.08359375 0.14609375
3 0.10625 0.4546875 0.08671875 0.121875
4 0.37265625 0.59765625 0.08671875 0.12890625
4 0.3234375 0.684375 0.0703125 0.1296875
5 0.3125 0.715625 0.071875 0.1125
5 0.2328125 0.28046875 0.07421875 0.1109375
5 0.23203125 0.35859375 0.06171875 0.090625
5 0.27578125 0.31796875 0.071875 0.1078125
5 0.33515625 0.209375 0.08359375 0.125
5 0.31328125 0.47109375 0.0765625 0.1125
5 0.365625 0.51171875 0.09140625 0.12890625
5 0.328125 0.584375 0.07421875 0.10625
5 0.43203125 0.38125 0.0875 0.128125
5 0.48671875 0.24921875 0.08046875 0.12109375
5 0.49296875 0.38125 0.09140625 0.1421875
5 0.55078125 0.38828125 0.07734375 0.1109375
5 0.43125 0.52421875 0.06015625 0.09375
5 0.4421875 0.45546875 0.07265625 0.10234375
5 0.4734375 0.540625 0.0703125 0.10703125
5 0.56171875 0.459375 0.0734375 0.1109375
5 0.61953125 0.46171875 0.06796875 0.1
5 0.56171875 0.5796875 0.071875 0.103125
5 0.61484375 0.7015625 0.0890625 0.12890625
5 0.43046875 0.7109375 0.0859375 0.125
5 0.4625 0.66953125 0.0671875 0.1125
5 0.48671875 0.73125 0.0859375 0.11875
5 0.04765625 0.47265625 0.090625 0.13828125