3 0.80703125 0.69765625 0.08984375 0.14296875
3 0.7296875 0.64453125 0.096875 0.13671875
3 0.6359375 0.7375 0.08984375 0.128125
3 0.6359375 0.61953125 0.08671875 0.1265625
3 0.67265625 0.275 0.08203125 0.1234375
3 0.69609375 0.17265625 0.08515625 0.09296875
3 0.61484375 0.17109375 0.09453125 0.1484375
3 0.6171875 0.05546875 0.09296875 0.1109375
3 0.509375 0.2140625 0.0875 0.13359375
3 0.51015625 0.35234375 0.08125 0.1203125
3 0.47109375 0.2609375 0.075 0.13671875
3 0.384375 0.3734375 0.096875 0.15390625
3 0.4125 0.5328125 0.07265625 0.13984375
3 0.88125 0.6453125 0.08046875 0.11015625
4 0.63828125 0.44296875 0.0796875 0.11796875
4 0.6953125 0.3703125 0.06015625 0.12578125
5 0.709375 0.3421875 0.06484375 0.1046875
5 0.73984375 0.784375 0.06796875 0.10234375
5 0.74921875 0.70859375 0.05703125 0.08359375
5 0.70234375 0.7375 0.06640625 0.0984375
5 0.6328125 0.828125 0.0765625 0.11484375
5 0.68203125 0.5796875 0.0703125 0.10234375
5 0.63515625 0.528125 0.08515625 0.11640625
5 0.6796875 0.465625 0.06953125 0.09609375
5 0.5578125 0.6390625 0.08046875 0.11640625
5 0.490625 0.753125 0.0734375 0.11171875
5 0.49765625 0.62421875 0.0828125 0.13125
5 0.44296875 0.60390625 0.071875 0.10078125
5 0.5734375 0.5 0.0546875 0.0875
5 0.55546875 0.5640625 0.06796875 0.09140625
5 0.534375 0.47421875 0.06484375 0.0984375
5 0.43984375 0.53203125 0.0671875 0.10234375
5 0.38359375 0.515625 0.0625 0.09140625
5 0.453125 0.415625 0.06640625 0.09296875
5 0.4140625 0.284375 0.0828125 0.1171875
5 0.59375 0.31953125 0.0796875 0.11328125
5 0.55859375 0.3515625 0.059375 0.10625
5 0.54140625 0.2859375 0.08046875 0.10703125
5 0.940625 0.64140625 0.08203125 0.128125