3 0.35625 0.05390625 0.1 0.1078125
3 0.3921875 0.153125 0.10703125 0.153125
3 0.50859375 0.18046875 0.09921875 0.14296875
3 0.453125 0.271875 0.09609375 0.140625
3 0.2625 0.5 0.09140625 0.13671875
3 0.196875 0.55546875 0.090625 0.109375
3 0.25859375 0.6421875 0.10546875 0.1640625
3 0.19765625 0.7375 0.10234375 0.14765625
3 0.36015625 0.7203125 0.09765625 0.14765625
3 0.425 0.6125 0.08984375 0.13359375
3 0.4125 0.72421875 0.0859375 0.14765625
3 0.53203125 0.728125 0.1078125 0.16875
3 0.58515625 0.57578125 0.084375 0.15
3 0.275 0.02734375 0.08828125 0.05390625
4 0.36875 0.40703125 0.08828125 0.13125
4 0.28984375 0.40234375 0.0703125 0.13359375
5 0.26640625 0.40859375 0.0734375 0.11484375
5 0.45 0.0453125 0.07578125 0.090625
5 0.4078125 0.0828125 0.0625 0.0921875
5 0.45703125 0.11015625 0.0734375 0.109375
5 0.55390625 0.11328125 0.08515625 0.12734375
5 0.3984375 0.253125 0.078125 0.1140625
5 0.4109375 0.34375 0.09375 0.13125
5 0.34765625 0.34453125 0.07578125 0.1078125
5 0.52265625 0.33984375 0.0890625 0.1296875
5 0.62890625 0.321875 0.08203125 0.1234375
5 0.5625 0.41484375 0.09296875 0.1453125
5 0.5953125 0.48828125 0.0796875 0.1125
5 0.4453125 0.43046875 0.0609375 0.09609375
5 0.48984375 0.4 0.07421875 0.103125
5 0.4640625 0.4921875 0.071875 0.109375
5 0.5640625 0.54765625 0.075 0.11328125
5 0.6 0.61875 0.06953125 0.1015625
5 0.49921875 0.62421875 0.07265625 0.1046875
5 0.4671875 0.76640625 0.090625 0.13125
5 0.34453125 0.54921875 0.0875 0.1265625
5 0.3875 0.56171875 0.06796875 0.115625
5 0.36953125 0.63046875 0.0875 0.12109375
5 0.22734375 0.0015625 0.0921875 0.003125