3 0.87578125 0.8171875 0.03515625 0.04921875
3 0.85859375 0.92265625 0.03125 0.04296875
3 0.78046875 0.6609375 0.0328125 0.04765625
3 0.746875 0.67109375 0.025 0.04140625
3 0.68359375 0.57578125 0.03359375 0.04375
3 0.6265625 0.7375 0.0390625 0.05703125
3 0.5953125 0.71796875 0.028125 0.0375
3 0.83828125 0.3640625 0.025 0.034375
3 0.796875 0.2078125 0.0265625 0.03984375
3 0.93125 0.19140625 0.0171875 0.034375
3 0.3328125 0.01640625 0.028125 0.0328125
3 0.13359375 0.3546875 0.025 0.03359375
3 0.09609375 0.6421875 0.0328125 0.046875
3 0.19296875 0.71796875 0.03515625 0.05234375
3 0.21953125 0.72109375 0.0296875 0.04375
3 0.17109375 0.84140625 0.03203125 0.04765625
3 0.1296875 0.825 0.04140625 0.05703125
3 0.3625 0.71875 0.03671875 0.04921875
3 0.33671875 0.68828125 0.028125 0.0375
3 0.38828125 0.75625 0.02265625 0.03203125
3 0.43671875 0.890625 0.02421875 0.04140625
3 0.503125 0.57734375 0.02890625 0.040625
4 0.7609375 0.67421875 0.02578125 0.0421875
5 0.82890625 0.63515625 0.025 0.03359375
5 0.8453125 0.671875 0.0203125 0.03125
5 0.8453125 0.68359375 0.021875 0.02578125
5 0.84921875 0.70390625 0.0203125 0.028125
5 0.89453125 0.75546875 0.02421875 0.03203125
5 0.89296875 0.77421875 0.01875 0.02734375
5 0.88828125 0.78671875 0.0171875 0.02109375
5 0.8671875 0.790625 0.02265625 0.03125
5 0.77734375 0.6953125 0.0265625 0.0375
5 0.52578125 0.85078125 0.02734375 0.040625
5 0.5078125 0.84375 0.02109375 0.0328125
5 0.49140625 0.83984375 0.0203125 0.03046875
5 0.47578125 0.8203125 0.03203125 0.04453125
5 0.4671875 0.85 0.0296875 0.04296875
5 0.484375 0.86015625 0.025 0.0359375
4 0.65625 0.49453125 0.025 0.0359375
5 0.671875 0.53359375 0.02734375 0.04140625
4 0.50625 0.55390625 0.025 0.03359375
4 0.62734375 0.67890625 0.025 0.028125
4 0.09296875 0.59140625 0.028125 0.0421875
5 0.13984375 0.62890625 0.02890625 0.04375
5 0.12109375 0.6 0.02109375 0.03515625
5 0.17109375 0.59609375 0.01796875 0.025
5 0.1890625 0.5796875 0.02265625 0.0296875
5 0.2046875 0.62109375 0.025 0.03828125