3 0.925 0.6046875 0.0390625 0.05703125
3 0.9546875 0.50625 0.03515625 0.05078125
3 0.7859375 0.6390625 0.0375 0.05546875
3 0.76328125 0.59921875 0.0296875 0.046875
3 0.675 0.615625 0.0375 0.05234375
3 0.69609375 0.43515625 0.04453125 0.065625
3 0.6640625 0.421875 0.03125 0.04453125
3 0.70859375 0.92578125 0.02734375 0.040625
3 0.6109375 0.99296875 0.03046875 0.01328125
3 0.16796875 0.7296875 0.03046875 0.04453125
3 0.1515625 0.27734375 0.02734375 0.03984375
3 0.240625 0.021875 0.0375 0.04375
3 0.3484375 0.046875 0.03984375 0.06015625
3 0.3703125 0.06953125 0.034375 0.05078125
3 0.48203125 0.20390625 0.040625 0.05859375
3 0.44921875 0.2046875 0.03203125 0.04453125
3 0.51796875 0.1984375 0.025 0.0375
3 0.6109375 0.13828125 0.02890625 0.04609375
3 0.53359375 0.44609375 0.0328125 0.04765625
4 0.77578125 0.61015625 0.03046875 0.04765625
5 0.81328125 0.70390625 0.02734375 0.0390625
5 0.840625 0.690625 0.0234375 0.0359375
5 0.84609375 0.68125 0.02421875 0.03203125
5 0.85703125 0.66875 0.02265625 0.03359375
5 0.9140625 0.6703125 0.0265625 0.03828125
5 0.92109375 0.6546875 0.02109375 0.03125
5 0.921875 0.63984375 0.01875 0.025
5 0.90703125 0.61796875 0.02578125 0.03671875
5 0.79765625 0.60859375 0.0296875 0.04375
5 0.66484375 0.253125 0.03125 0.046875
5 0.64765625 0.24140625 0.02421875 0.03671875
5 0.6328125 0.2296875 0.02265625 0.034375
5 0.6125 0.23046875 0.0359375 0.05234375
5 0.61796875 0.1984375 0.03359375 0.05
5 0.6359375 0.20703125 0.028125 0.04140625
4 0.61953125 0.65390625 0.028125 0.04140625
5 0.64765625 0.6375 0.03203125 0.04765625
4 0.5265625 0.46796875 0.028125 0.03984375
4 0.6734375 0.4828125 0.0265625 0.034375
4 0.21796875 0.053125 0.03203125 0.0484375
5 0.26953125 0.0671875 0.0328125 0.05
5 0.24375 0.07265625 0.025 0.0390625
5 0.28046875 0.12265625 0.0203125 0.02890625
5 0.28828125 0.15234375 0.025 0.0359375
5 0.3171875 0.13359375 0.02890625 0.04375