3 0.859375 0.22109375 0.06640625 0.084375
3 0.8015625 0.578125 0.071875 0.10546875
3 0.73125 0.56875 0.0515625 0.06875
3 0.50234375 0.35625 0.0578125 0.07265625
3 0.26328125 0.75 0.0671875 0.08125
3 0.203125 0.70390625 0.046875 0.06484375
4 0.78125 0.08046875 0.046875 0.0578125
4 0.5078125 0.30546875 0.0484375 0.05546875
4 0.7859375 0.4671875 0.040625 0.0453125
5 0.6609375 0.38671875 0.04609375 0.0671875
5 0.82265625 0.14609375 0.0484375 0.06484375
5 0.63984375 0.86796875 0.046875 0.06953125
5 0.603125 0.86953125 0.03828125 0.05546875
5 0.56875 0.878125 0.040625 0.0578125
5 0.53359375 0.85 0.05078125 0.075
5 0.52421875 0.9140625 0.05234375 0.07578125
5 0.1203125 0.22109375 0.04765625 0.06953125