3 0.83515625 0.20390625 0.06640625 0.08671875
3 0.79296875 0.55234375 0.07265625 0.1078125
3 0.725 0.54921875 0.0515625 0.06875
3 0.496875 0.3625 0.05859375 0.0734375
3 0.28125 0.76015625 0.0671875 0.08203125
3 0.22109375 0.721875 0.04765625 0.06640625
4 0.75546875 0.075 0.04765625 0.05859375
4 0.50078125 0.3140625 0.0484375 0.05625
4 0.77421875 0.44765625 0.03984375 0.046875
5 0.65078125 0.3796875 0.046875 0.06875
5 0.79765625 0.13515625 0.0484375 0.06640625
5 0.64765625 0.8453125 0.046875 0.07265625
5 0.6125 0.8484375 0.03828125 0.05546875
5 0.57890625 0.86015625 0.040625 0.05859375
5 0.54375 0.8359375 0.05078125 0.07578125
5 0.53828125 0.89765625 0.053125 0.07734375
5 0.12421875 0.26328125 0.04765625 0.07109375