3 0.25546875 0.86796875 0.06484375 0.08671875
3 0.1875 0.54921875 0.05 0.0515625
3 0.5765625 0.29921875 0.03984375 0.05859375
3 0.81875 0.71953125 0.0609375 0.09296875
4 0.41796875 0.73828125 0.0515625 0.075
4 0.28359375 0.92265625 0.059375 0.05859375
4 0.528125 0.715625 0.0546875 0.0734375
5 0.390625 0.1625 0.04375 0.06953125
5 0.4296875 0.159375 0.0375 0.05390625
5 0.45859375 0.16015625 0.03984375 0.05859375
5 0.49296875 0.13125 0.05 0.0609375
5 0.5015625 0.1890625 0.04921875 0.07109375
5 0.25625 0.52734375 0.0421875 0.06640625
5 0.4859375 0.6359375 0.0390625 0.04140625
5 0.4125 0.6578125 0.03984375 0.0625
5 0.69453125 0.62734375 0.0453125 0.06640625
5 0.61484375 0.81796875 0.0375 0.06484375
5 0.6203125 0.76796875 0.0390625 0.06953125
5 0.6078125 0.915625 0.0359375 0.05859375
5 0.5421875 0.93046875 0.04921875 0.0328125
5 0.30703125 0.8375 0.04140625 0.0578125
5 0.3421875 0.80625 0.0390625 0.0609375
5 0.31796875 0.9015625 0.05 0.075