3 0.24609375 0.503125 0.1453125 0.2171875
3 0.31015625 0.3078125 0.1203125 0.16640625
3 0.32421875 0.4203125 0.10234375 0.15703125
3 0.4375 0.42734375 0.17109375 0.24296875
3 0.65 0.6265625 0.12578125 0.1875
3 0.78203125 0.671875 0.1359375 0.19765625
3 0.18671875 0.690625 0.115625 0.1703125
4 0.5921875 0.3765625 0.11328125 0.15078125
4 0.56484375 0.703125 0.1078125 0.17265625
4 0.25546875 0.61640625 0.0953125 0.1296875
4 0.30546875 0.54609375 0.075 0.13359375
4 0.78515625 0.175 0.1109375 0.171875
4 0.890625 0.290625 0.1171875 0.1859375
5 0.81171875 0.3109375 0.10546875 0.15703125
5 0.81796875 0.42421875 0.115625 0.17421875
5 0.7375 0.55 0.1078125 0.15546875
5 0.7984375 0.5375 0.0890625 0.13359375
5 0.73671875 0.465625 0.10546875 0.14921875
5 0.621875 0.484375 0.103125 0.15703125
5 0.57578125 0.565625 0.10234375 0.15546875
5 0.715625 0.26171875 0.096875 0.1484375
5 0.71953125 0.3421875 0.078125 0.11640625