3 0.7671875 0.5359375 0.1453125 0.2171875
3 0.715625 0.3390625 0.11953125 0.16796875
3 0.696875 0.44609375 0.10234375 0.15703125
3 0.58671875 0.43984375 0.1703125 0.24296875
3 0.3703125 0.60546875 0.125 0.1859375
3 0.24140625 0.63359375 0.13515625 0.19609375
3 0.8140625 0.7234375 0.11484375 0.1703125
4 0.440625 0.371875 0.11171875 0.153125
4 0.44921875 0.68984375 0.109375 0.171875
4 0.75234375 0.64375 0.09375 0.13203125
4 0.70703125 0.56953125 0.07578125 0.1296875
4 0.26484375 0.1546875 0.11015625 0.16875
4 0.15703125 0.253125 0.1171875 0.18515625
5 0.2328125 0.2828125 0.10546875 0.15703125
5 0.2203125 0.390625 0.115625 0.17421875
5 0.290625 0.52109375 0.10703125 0.15546875
5 0.2328125 0.5015625 0.0890625 0.13359375
5 0.296875 0.440625 0.1046875 0.15078125
5 0.40625 0.471875 0.103125 0.15703125
5 0.446875 0.55625 0.10234375 0.1546875
5 0.32734375 0.24609375 0.09609375 0.1484375
5 0.31875 0.32421875 0.07890625 0.11640625