3 0.76484375 0.49140625 0.14453125 0.215625
3 0.71640625 0.68828125 0.11875 0.16796875
3 0.6953125 0.5828125 0.10234375 0.15546875
3 0.58671875 0.590625 0.16796875 0.24296875
3 0.3703125 0.43125 0.125 0.1859375
3 0.2421875 0.40625 0.13515625 0.19765625
3 0.809375 0.3046875 0.115625 0.1703125
4 0.44296875 0.6609375 0.1109375 0.153125
4 0.4484375 0.34609375 0.10859375 0.1703125
4 0.7484375 0.38515625 0.09375 0.13125
4 0.7046875 0.459375 0.0765625 0.1296875
4 0.2703125 0.88125 0.1109375 0.16875
4 0.1625 0.7859375 0.11796875 0.18515625
5 0.23671875 0.7546875 0.10546875 0.15703125
5 0.22421875 0.64765625 0.115625 0.17265625
5 0.2921875 0.51640625 0.10703125 0.15546875
5 0.23515625 0.5375 0.0890625 0.13359375
5 0.2984375 0.596875 0.10390625 0.14921875
5 0.40703125 0.56328125 0.103125 0.15546875
5 0.446875 0.47890625 0.10234375 0.1546875
5 0.33203125 0.7890625 0.09609375 0.146875
5 0.32265625 0.71171875 0.078125 0.11484375