3 0.77109375 0.640625 0.03046875 0.05703125
3 0.753125 0.653125 0.028125 0.0421875
3 0.74921875 0.6078125 0.03125 0.04296875
3 0.625 0.51328125 0.02421875 0.0390625
3 0.17890625 0.54765625 0.0328125 0.0484375
3 0.1390625 0.5484375 0.03828125 0.0546875
3 0.10546875 0.42265625 0.0421875 0.05703125
3 0.4453125 0.3265625 0.034375 0.0515625
3 0.34921875 0.22578125 0.0375 0.0578125
3 0.31171875 0.14140625 0.03515625 0.04921875
3 0.371875 0.06875 0.02890625 0.0421875
3 0.34296875 0.04453125 0.028125 0.0484375
3 0.303125 0.07265625 0.0265625 0.03984375
3 0.22265625 0.08125 0.040625 0.0609375
3 0.24921875 0.1296875 0.028125 0.0421875
3 0.1953125 0.159375 0.034375 0.0484375
3 0.1625 0.0265625 0.03671875 0.053125
3 0.13828125 0.02578125 0.03046875 0.0453125
4 0.8453125 0.70625 0.03046875 0.046875
5 0.76328125 0.55 0.01875 0.0296875
5 0.728125 0.5546875 0.03046875 0.046875
5 0.72109375 0.58125 0.028125 0.0265625
5 0.7140625 0.59609375 0.02890625 0.03984375
5 0.18359375 0.5828125 0.025 0.03828125
5 0.1703125 0.609375 0.02421875 0.03359375
5 0.13203125 0.60390625 0.02890625 0.03984375
5 0.12265625 0.49453125 0.025 0.0359375
5 0.109375 0.36796875 0.028125 0.04296875
5 0.0703125 0.3546875 0.02890625 0.04765625
5 0.075 0.39765625 0.0296875 0.0421875
5 0.06328125 0.42421875 0.02421875 0.04375
5 0.08671875 0.45390625 0.02421875 0.03515625
5 0.0578125 0.25390625 0.0234375 0.0359375
5 0.053125 0.30859375 0.02265625 0.034375
5 0.25 0.06015625 0.028125 0.0453125
5 0.234375 0.02890625 0.0296875 0.034375
5 0.25546875 0.01328125 0.0265625 0.0265625
5 0.3078125 0.009375 0.028125 0.01875
5 0.33125 0.02890625 0.02890625 0.04609375
5 0.28671875 0.1375 0.01953125 0.028125
5 0.29609375 0.17890625 0.02421875 0.04296875
5 0.2453125 0.184375 0.02578125 0.03984375
5 0.23203125 0.16953125 0.01875 0.0296875
5 0.2 0.1203125 0.02109375 0.034375
5 0.1671875 0.0828125 0.025 0.0453125
5 0.175 0.11875 0.021875 0.0296875
5 0.184375 0.01484375 0.02734375 0.0296875
5 0.11953125 0.01015625 0.0265625 0.0203125
5 0.37890625 0.02734375 0.02421875 0.03359375