3 0.2859375 0.75 0.0375 0.06171875
3 0.3046875 0.75234375 0.0328125 0.0484375
3 0.29921875 0.709375 0.03515625 0.05078125
3 0.39296875 0.56796875 0.02890625 0.04375
3 0.8046875 0.39765625 0.0375 0.05546875
3 0.84140625 0.38046875 0.04296875 0.06328125
3 0.84609375 0.25078125 0.046875 0.06640625
3 0.51875 0.3171875 0.0390625 0.05859375
3 0.58515625 0.18203125 0.04296875 0.065625
3 0.60234375 0.08828125 0.0390625 0.05703125
3 0.53359375 0.05 0.0328125 0.0484375
3 0.5546875 0.02109375 0.03359375 0.04140625
3 0.59609375 0.02265625 0.03046875 0.0453125
3 0.67109375 0.0140625 0.046875 0.028125
3 0.65703125 0.05 0.0328125 0.0484375
3 0.71171875 0.05234375 0.03828125 0.05625
4 0.23125 0.8421875 0.03515625 0.05390625
5 0.275 0.6640625 0.021875 0.03359375
5 0.3078125 0.65234375 0.03515625 0.053125
5 0.31875 0.67265625 0.02890625 0.03515625
5 0.32890625 0.68359375 0.03203125 0.04609375
5 0.8078125 0.43125 0.02890625 0.04375
5 0.825 0.44921875 0.02734375 0.0390625
5 0.85859375 0.42734375 0.03203125 0.046875
5 0.8453125 0.3234375 0.028125 0.04140625
5 0.83203125 0.20234375 0.0328125 0.0484375
5 0.86484375 0.17265625 0.03359375 0.053125
5 0.86953125 0.2140625 0.03359375 0.04921875
5 0.884375 0.2328125 0.0296875 0.04765625
5 0.86953125 0.27109375 0.02734375 0.040625
5 0.85546875 0.07578125 0.0265625 0.04140625
5 0.87109375 0.1234375 0.02578125 0.0390625
5 0.64296875 0.00625 0.0328125 0.0125
5 0.5609375 0.01015625 0.034375 0.0203125
5 0.62421875 0.0734375 0.021875 0.0328125
5 0.62421875 0.115625 0.02890625 0.046875
5 0.67109375 0.09765625 0.0296875 0.0453125
5 0.68046875 0.078125 0.021875 0.03359375
5 0.6984375 0.01875 0.025 0.0375
5 0.721875 0.01171875 0.02421875 0.0234375
5 0.51875 0.01796875 0.0265625 0.03515625