3 0.63671875 0.42421875 0.04765625 0.0609375
3 0.90859375 0.51953125 0.04453125 0.0625
3 0.5015625 0.3609375 0.05546875 0.0765625
3 0.42578125 0.334375 0.040625 0.0578125
3 0.3484375 0.23125 0.034375 0.06171875
3 0.290625 0.38671875 0.04765625 0.0765625
3 0.334375 0.4359375 0.06171875 0.08359375
3 0.30859375 0.50703125 0.04296875 0.071875
3 0.2453125 0.56640625 0.04765625 0.071875
5 0.6921875 0.76484375 0.0328125 0.0484375
5 0.6375 0.75390625 0.02578125 0.03125
5 0.6375 0.72578125 0.02421875 0.02734375
5 0.6234375 0.7609375 0.01875 0.03359375
5 0.6765625 0.82109375 0.02421875 0.03671875
4 0.659375 0.890625 0.0390625 0.05625