3 0.63359375 0.5875 0.04609375 0.05859375
3 0.903125 0.5046875 0.04296875 0.06015625
3 0.4984375 0.64375 0.053125 0.0734375
3 0.4234375 0.66640625 0.0390625 0.05625
3 0.3453125 0.765625 0.0328125 0.06015625
3 0.29140625 0.609375 0.04609375 0.0734375
3 0.33515625 0.5625 0.059375 0.0796875
3 0.3109375 0.490625 0.04140625 0.06875
3 0.25 0.43046875 0.04609375 0.06875
5 0.69453125 0.253125 0.03125 0.046875
5 0.640625 0.2625 0.025 0.0296875
5 0.640625 0.28984375 0.0234375 0.0265625
5 0.62734375 0.25390625 0.01796875 0.03203125
5 0.68125 0.196875 0.0234375 0.03515625
4 0.66484375 0.128125 0.0375 0.05390625