3 0.79140625 0.40390625 0.065625 0.09765625
3 0.640625 0.44140625 0.065625 0.096875
3 0.603125 0.40234375 0.05859375 0.0921875
3 0.565625 0.4703125 0.05390625 0.0765625
3 0.515625 0.628125 0.06640625 0.1
3 0.45703125 0.61953125 0.07109375 0.10625
3 0.41171875 0.6609375 0.0609375 0.09375
3 0.509375 0.71875 0.05625 0.08671875
3 0.4734375 0.82109375 0.06015625 0.08671875
3 0.46328125 0.4328125 0.053125 0.07890625
4 0.60546875 0.23125 0.04765625 0.0703125
4 0.6078125 0.27734375 0.053125 0.0765625
4 0.5703125 0.275 0.0484375 0.075
4 0.6046875 0.40703125 0.03359375 0.0515625