3 0.7796875 0.34140625 0.05625 0.0828125
3 0.640625 0.43828125 0.05625 0.08203125
3 0.62421875 0.5015625 0.0484375 0.08046875
3 0.5671875 0.47734375 0.04765625 0.06328125
3 0.46640625 0.38828125 0.05625 0.0859375
3 0.42109375 0.44453125 0.06015625 0.090625
3 0.36796875 0.44921875 0.0515625 0.08125
3 0.42734375 0.31875 0.04765625 0.075
3 0.359375 0.2640625 0.053125 0.071875
3 0.496875 0.59453125 0.0453125 0.0671875
4 0.690625 0.64140625 0.04140625 0.059375
4 0.67421875 0.60234375 0.046875 0.0640625
4 0.64453125 0.63515625 0.040625 0.065625
4 0.6234375 0.496875 0.028125 0.0453125