3 0.575 0.27578125 0.0796875 0.10859375
3 0.5625 0.215625 0.04921875 0.07890625
3 0.46171875 0.234375 0.05 0.07421875
3 0.5515625 0.353125 0.08046875 0.11796875
3 0.4875 0.43828125 0.06015625 0.08984375
3 0.45 0.41171875 0.05703125 0.0921875
3 0.4578125 0.54765625 0.07578125 0.11171875
3 0.38046875 0.4953125 0.06640625 0.1015625
3 0.3625 0.54609375 0.0734375 0.11640625
3 0.32109375 0.54609375 0.059375 0.10390625
3 0.37265625 0.6125 0.05546875 0.08046875
3 0.25625 0.775 0.05703125 0.08515625
3 0.28046875 0.80390625 0.0578125 0.07578125
3 0.20703125 0.7265625 0.06796875 0.10703125
3 0.29453125 0.7140625 0.0625 0.08984375
4 0.1609375 0.81875 0.05546875 0.08359375
5 0.23125 0.72265625 0.05546875 0.0828125
5 0.2671875 0.68046875 0.05234375 0.07578125
5 0.35390625 0.58046875 0.04375 0.0640625
5 0.440625 0.44765625 0.0578125 0.08515625
5 0.41484375 0.3875 0.05859375 0.090625
5 0.37890625 0.4 0.0578125 0.0921875
5 0.3609375 0.4515625 0.05625 0.078125
5 0.43359375 0.35 0.0515625 0.08046875
5 0.51796875 0.46953125 0.04609375 0.06796875
4 0.54609375 0.41171875 0.0625 0.08828125
5 0.6484375 0.375 0.05078125 0.075
5 0.640625 0.31796875 0.0515625 0.07421875
5 0.76328125 0.19921875 0.0671875 0.09296875
5 0.7828125 0.0875 0.06875 0.0984375