3 0.35625 0.6421875 0.0734375 0.09140625
3 0.34453125 0.70546875 0.0421875 0.071875
3 0.43984375 0.771875 0.04375 0.065625
3 0.4046875 0.59375 0.071875 0.103125
3 0.49140625 0.571875 0.053125 0.0796875
3 0.5140625 0.62578125 0.04921875 0.084375
3 0.55703125 0.5015625 0.0671875 0.09765625
3 0.60546875 0.61015625 0.05859375 0.08984375
3 0.63984375 0.58125 0.0625 0.10625
3 0.67578125 0.6140625 0.04921875 0.096875
3 0.6546875 0.5140625 0.05 0.0703125
3 0.815625 0.46796875 0.05078125 0.075
3 0.80546875 0.42265625 0.05390625 0.0625
3 0.84140625 0.55078125 0.05859375 0.096875
3 0.7609375 0.48984375 0.05546875 0.078125
4 0.91484375 0.50703125 0.04921875 0.0734375
5 0.81875 0.534375 0.0484375 0.0734375
5 0.771875 0.5421875 0.046875 0.065625
5 0.659375 0.5578125 0.0390625 0.05625
5 0.5359375 0.603125 0.0515625 0.075
5 0.53671875 0.6765625 0.05078125 0.08125
5 0.571875 0.69453125 0.04921875 0.08359375
5 0.60625 0.6640625 0.0515625 0.065625
5 0.50625 0.69375 0.04453125 0.07265625
5 0.47578125 0.51953125 0.040625 0.059375
4 0.43125 0.54765625 0.05625 0.07578125
5 0.328125 0.49609375 0.0453125 0.065625
5 0.31328125 0.5515625 0.046875 0.06328125
5 0.16328125 0.55546875 0.06171875 0.078125
5 0.10546875 0.6375 0.06171875 0.08515625