3 0.6328125 0.628125 0.065625 0.08125
3 0.64296875 0.684375 0.0375 0.06484375
3 0.5578125 0.74375 0.0390625 0.05859375
3 0.5890625 0.58515625 0.0640625 0.0921875
3 0.51171875 0.56484375 0.04765625 0.07109375
3 0.49140625 0.61328125 0.04375 0.075
3 0.453125 0.5015625 0.06015625 0.0875
3 0.41015625 0.5984375 0.05234375 0.08046875
3 0.37890625 0.57265625 0.05625 0.09453125
3 0.346875 0.60234375 0.04375 0.08671875
3 0.365625 0.5125 0.04453125 0.0625
3 0.221875 0.47109375 0.0453125 0.0671875
3 0.23125 0.43046875 0.04765625 0.05546875
3 0.1984375 0.5453125 0.05234375 0.0859375
3 0.27109375 0.490625 0.05 0.06953125
4 0.1328125 0.50625 0.04375 0.065625
5 0.21953125 0.53046875 0.04296875 0.065625
5 0.2609375 0.5375 0.04140625 0.05859375
5 0.36171875 0.5515625 0.034375 0.05
5 0.471875 0.5921875 0.04609375 0.0671875
5 0.47109375 0.6578125 0.0453125 0.07265625
5 0.43984375 0.67421875 0.04453125 0.075
5 0.40859375 0.646875 0.04609375 0.059375
5 0.4984375 0.6734375 0.03984375 0.06484375
5 0.52578125 0.51796875 0.03671875 0.053125
4 0.565625 0.54296875 0.05 0.06796875
5 0.6578125 0.496875 0.040625 0.059375
5 0.67109375 0.546875 0.0421875 0.05703125
5 0.80546875 0.55 0.05546875 0.0703125
5 0.85703125 0.6234375 0.05546875 0.0765625