3 0.60390625 0.5921875 0.06484375 0.09296875
3 0.53125 0.525 0.053125 0.078125
3 0.51875 0.58203125 0.0515625 0.07578125
3 0.3625 0.6359375 0.046875 0.071875
3 0.39453125 0.6609375 0.04921875 0.071875
3 0.42734375 0.65 0.0453125 0.06953125
3 0.46484375 0.55390625 0.046875 0.065625
3 0.6359375 0.47265625 0.0625 0.090625
4 0.62578125 0.39765625 0.046875 0.06953125
4 0.62421875 0.33828125 0.0390625 0.05859375
4 0.3484375 0.58203125 0.04140625 0.06484375
5 0.365625 0.68515625 0.03828125 0.05546875
5 0.37265625 0.528125 0.0390625 0.059375
5 0.37265625 0.571875 0.04140625 0.0640625
5 0.4140625 0.55078125 0.0421875 0.0609375
5 0.4078125 0.58828125 0.03828125 0.05546875
5 0.42265625 0.61328125 0.03984375 0.06015625
5 0.44765625 0.6125 0.03984375 0.059375
5 0.45625 0.4875 0.0359375 0.053125
5 0.471875 0.471875 0.03359375 0.05234375
5 0.47109375 0.51953125 0.03359375 0.05078125
5 0.4546875 0.54296875 0.040625 0.06171875
5 0.471875 0.61484375 0.03359375 0.05234375
5 0.5 0.6359375 0.05390625 0.08046875
5 0.490625 0.55078125 0.03203125 0.04609375
5 0.50078125 0.55625 0.03671875 0.05625
5 0.57421875 0.5203125 0.0421875 0.06171875
5 0.6109375 0.509375 0.04453125 0.065625
5 0.63203125 0.528125 0.04609375 0.06953125
5 0.58828125 0.49140625 0.0359375 0.0515625
5 0.646875 0.328125 0.028125 0.04296875
5 0.60703125 0.3515625 0.0265625 0.04453125