3 0.525 0.66640625 0.059375 0.08359375
3 0.51015625 0.54765625 0.0484375 0.0703125
3 0.47578125 0.5703125 0.046875 0.06875
3 0.35234375 0.4390625 0.0421875 0.065625
3 0.3609375 0.4890625 0.04453125 0.0640625
3 0.38671875 0.5171875 0.040625 0.06328125
3 0.4546875 0.49609375 0.04375 0.05859375
3 0.60078125 0.625 0.05625 0.08203125
4 0.6296875 0.5671875 0.0421875 0.0625
4 0.65625 0.528125 0.03515625 0.053125
4 0.36875 0.390625 0.0375 0.05859375
5 0.33125 0.4734375 0.03515625 0.04921875
5 0.409375 0.38203125 0.03515625 0.053125
5 0.3890625 0.409375 0.0375 0.0578125
5 0.425 0.440625 0.03828125 0.0546875
5 0.403125 0.45703125 0.03515625 0.04921875
5 0.40078125 0.48828125 0.0359375 0.0546875
5 0.41640625 0.5140625 0.0359375 0.05390625
5 0.48125 0.4453125 0.0328125 0.04765625
5 0.49765625 0.45078125 0.0296875 0.04765625
5 0.475 0.48046875 0.0296875 0.04609375
5 0.453125 0.478125 0.03671875 0.05625
5 0.43125 0.54140625 0.03046875 0.04765625
5 0.4390625 0.584375 0.04921875 0.07265625
5 0.47265625 0.5203125 0.02890625 0.040625
5 0.4765625 0.534375 0.0328125 0.05078125
5 0.53984375 0.58984375 0.03828125 0.05546875
5 0.56796875 0.621875 0.040625 0.059375
5 0.57265625 0.65625 0.0421875 0.0625
5 0.56171875 0.5859375 0.0328125 0.046875
5 0.675 0.54609375 0.02578125 0.0390625
5 0.6390625 0.51875 0.0234375 0.04140625