3 0.334375 0.61875 0.05 0.0609375
3 0.328125 0.66640625 0.046875 0.05703125
3 0.225 0.46015625 0.03203125 0.0453125
3 0.23828125 0.21796875 0.0421875 0.0671875
3 0.209375 0.13515625 0.03515625 0.05625
3 0.31484375 0.15859375 0.04296875 0.05859375
3 0.34921875 0.1625 0.034375 0.065625
3 0.37734375 0.21171875 0.0390625 0.059375
3 0.3890625 0.165625 0.04453125 0.05703125
3 0.41640625 0.20625 0.0390625 0.06796875
3 0.440625 0.2015625 0.025 0.05390625
3 0.53203125 0.32109375 0.034375 0.05390625
3 0.5921875 0.2328125 0.0390625 0.06015625
3 0.48984375 0.55625 0.03359375 0.05078125
3 0.52109375 0.5671875 0.03671875 0.05078125
3 0.6109375 0.53828125 0.03125 0.05703125
3 0.66015625 0.55703125 0.03984375 0.06640625
3 0.690625 0.55390625 0.0390625 0.05625
3 0.65703125 0.625 0.03046875 0.04140625
3 0.71953125 0.6796875 0.02734375 0.0375
3 0.759375 0.34375 0.040625 0.0578125
3 0.51484375 0.7875 0.03125 0.0453125
3 0.5328125 0.7984375 0.025 0.040625
3 0.56640625 0.8328125 0.0328125 0.04765625
3 0.684375 0.2171875 0.04453125 0.0640625
3 0.67890625 0.16171875 0.03515625 0.04375
3 0.7046875 0.18359375 0.03671875 0.04296875
5 0.17734375 0.26953125 0.02734375 0.0421875
5 0.2140625 0.25703125 0.03203125 0.04453125
5 0.23671875 0.27578125 0.03125 0.05
5 0.303125 0.22890625 0.02578125 0.03984375
5 0.31328125 0.25859375 0.025 0.03984375
5 0.346875 0.28046875 0.025 0.0421875
5 0.3453125 0.225 0.02890625 0.04140625
5 0.40234375 0.30625 0.0328125 0.05078125
4 0.58046875 0.27578125 0.03515625 0.0515625
5 0.49765625 0.3109375 0.0265625 0.04296875
5 0.38125 0.3609375 0.03203125 0.0484375
5 0.36796875 0.34140625 0.02578125 0.0375
5 0.34453125 0.346875 0.028125 0.0390625
5 0.36875 0.428125 0.02734375 0.040625
5 0.1765625 0.57421875 0.028125 0.03984375
5 0.1953125 0.56875 0.02265625 0.03828125
5 0.23203125 0.5671875 0.03046875 0.04296875
5 0.23984375 0.60078125 0.0265625 0.040625
5 0.23828125 0.64453125 0.02578125 0.04140625
5 0.26171875 0.6328125 0.03203125 0.05
5 0.259375 0.68125 0.025 0.03515625
5 0.30234375 0.69765625 0.02421875 0.03359375
5 0.32265625 0.71015625 0.02734375 0.04140625
5 0.30703125 0.653125 0.028125 0.04609375
5 0.5390625 0.7515625 0.03125 0.04609375
5 0.6 0.53671875 0.034375 0.0546875