3 0.17109375 0.39296875 0.109375 0.16015625
3 0.3609375 0.50390625 0.1203125 0.1640625
3 0.4453125 0.4734375 0.09921875 0.15546875
3 0.49921875 0.346875 0.096875 0.15703125
3 0.5921875 0.33984375 0.1078125 0.165625
3 0.53828125 0.44296875 0.10234375 0.14375
3 0.83671875 0.05859375 0.1109375 0.1171875
5 0.10078125 0.31640625 0.08359375 0.11640625
5 0.02578125 0.29921875 0.0515625 0.10078125
5 0.05234375 0.4453125 0.08359375 0.13828125
5 0.153125 0.26484375 0.08515625 0.1203125
5 0.31796875 0.3421875 0.06640625 0.10078125
5 0.33515625 0.26953125 0.07265625 0.11484375
5 0.41015625 0.2015625 0.08203125 0.12109375
5 0.42109375 0.33671875 0.0671875 0.0953125
5 0.49765625 0.07421875 0.05390625 0.07734375
5 0.45625 0.0828125 0.05546875 0.06484375