3 0.18984375 0.6015625 0.10546875 0.1546875
3 0.37109375 0.515625 0.1140625 0.1578125
3 0.44921875 0.5515625 0.0953125 0.14921875
3 0.49375 0.6734375 0.09375 0.15078125
3 0.5796875 0.6875 0.10390625 0.159375
3 0.5328125 0.58671875 0.096875 0.13984375
3 0.79453125 0.95546875 0.10703125 0.08671875
5 0.121875 0.66640625 0.07890625 0.1125
5 0.04609375 0.6765625 0.0609375 0.0953125
5 0.08203125 0.54296875 0.08125 0.13203125
5 0.16875 0.7203125 0.08203125 0.11640625
5 0.32578125 0.66171875 0.06328125 0.0953125
5 0.33828125 0.73046875 0.0703125 0.11015625
5 0.40546875 0.8 0.078125 0.11796875
5 0.4203125 0.675 0.06484375 0.090625
5 0.48125 0.9265625 0.0515625 0.07578125
5 0.44296875 0.915625 0.053125 0.0640625