3 0.57421875 0.57265625 0.04140625 0.0609375
3 0.54921875 0.58671875 0.040625 0.05703125
3 0.534375 0.53203125 0.03515625 0.053125
3 0.5203125 0.50625 0.03515625 0.0484375
3 0.5109375 0.54453125 0.03203125 0.04765625
3 0.50859375 0.58203125 0.0421875 0.06015625
3 0.48125 0.57890625 0.03359375 0.04921875
3 0.4921875 0.52734375 0.03125 0.05234375
3 0.4734375 0.54765625 0.03203125 0.04921875
3 0.45703125 0.4265625 0.03125 0.046875
3 0.490625 0.4140625 0.0328125 0.04921875
3 0.55234375 0.43984375 0.03203125 0.04765625
3 0.32421875 0.3578125 0.03359375 0.05390625