3 0.4359375 0.4109375 0.04765625 0.07109375
3 0.4640625 0.403125 0.04609375 0.06640625
3 0.471875 0.4640625 0.040625 0.0609375
3 0.484375 0.4953125 0.03984375 0.05703125
3 0.4984375 0.4578125 0.03671875 0.0546875
3 0.50546875 0.41953125 0.0484375 0.07109375
3 0.534375 0.43046875 0.0390625 0.0578125
3 0.515625 0.48125 0.0375 0.059375
3 0.53828125 0.465625 0.0375 0.05703125
3 0.53984375 0.596875 0.0359375 0.05390625
3 0.503125 0.6 0.0375 0.05703125
3 0.4421875 0.55546875 0.03671875 0.05546875
3 0.6703125 0.70703125 0.0390625 0.06171875