3 0.171875 0.91328125 0.03203125 0.06171875
3 0.184375 0.90859375 0.03828125 0.0703125
3 0.2171875 0.87265625 0.05078125 0.07734375
3 0.2578125 0.86640625 0.05 0.07578125
3 0.25078125 0.928125 0.04609375 0.06484375
3 0.2796875 0.91015625 0.0453125 0.06875
3 0.2375 0.78828125 0.0375 0.06953125
3 0.2625 0.79296875 0.046875 0.071875
3 0.28046875 0.74296875 0.05546875 0.084375
3 0.321875 0.77265625 0.0453125 0.06328125
3 0.33515625 0.8015625 0.05078125 0.0640625
3 0.34453125 0.82734375 0.04765625 0.0734375
3 0.378125 0.7953125 0.053125 0.07578125
3 0.35703125 0.7453125 0.0484375 0.0734375
3 0.3515625 0.67578125 0.05 0.07109375
3 0.4234375 0.6171875 0.04921875 0.07109375
3 0.4359375 0.6546875 0.046875 0.06328125
3 0.44140625 0.721875 0.06015625 0.0890625
3 0.47578125 0.68984375 0.05 0.075
3 0.4359375 0.553125 0.05234375 0.07421875
3 0.53359375 0.53046875 0.05 0.0765625
3 0.5484375 0.57265625 0.059375 0.0828125
3 0.5671875 0.51796875 0.0484375 0.07421875
3 0.57421875 0.46953125 0.05 0.07578125
3 0.61015625 0.45859375 0.059375 0.084375
3 0.61484375 0.4125 0.05 0.071875
3 0.59921875 0.35234375 0.04921875 0.07265625
3 0.7 0.3578125 0.04453125 0.0703125
3 0.6765625 0.3390625 0.059375 0.09140625
3 0.75078125 0.2796875 0.06484375 0.09609375
3 0.7140625 0.28125 0.0515625 0.0734375
3 0.68359375 0.209375 0.0484375 0.06875
3 0.6921875 0.240625 0.0546875 0.07265625
3 0.659375 0.24609375 0.03515625 0.053125
3 0.68671875 0.13828125 0.05234375 0.07734375
3 0.7625 0.115625 0.053125 0.07890625
4 0.23828125 0.909375 0.0453125 0.0671875
4 0.24296875 0.73125 0.04140625 0.0546875
4 0.2515625 0.75390625 0.0390625 0.05546875
4 0.38125 0.828125 0.053125 0.078125
4 0.3796875 0.6265625 0.0421875 0.059375
4 0.41015625 0.52421875 0.040625 0.059375
4 0.475 0.58984375 0.040625 0.06171875
4 0.515625 0.6265625 0.05 0.07890625
5 0.46640625 0.46953125 0.03984375 0.0640625
5 0.5125 0.528125 0.03671875 0.06015625
5 0.6265625 0.52109375 0.04453125 0.06875
5 0.4171875 0.6734375 0.03828125 0.05859375
5 0.2953125 0.86640625 0.0375 0.05546875
5 0.21171875 0.9203125 0.0390625 0.05625