3 0.796875 0.3515625 0.0984375 0.14296875
3 0.69140625 0.2640625 0.1234375 0.1765625
3 0.74140625 0.52265625 0.0875 0.12421875
3 0.70625 0.46171875 0.075 0.11796875
3 0.75546875 0.575 0.10625 0.15546875
3 0.70703125 0.725 0.109375 0.15390625
3 0.67890625 0.82109375 0.1140625 0.16796875
3 0.60390625 0.475 0.115625 0.171875
3 0.625 0.60390625 0.1078125 0.1609375
3 0.61796875 0.7328125 0.1 0.1625
3 0.5609375 0.70078125 0.11015625 0.17109375
3 0.5609375 0.58359375 0.08046875 0.12890625
3 0.49296875 0.684375 0.121875 0.18203125
3 0.41875 0.6453125 0.11796875 0.1765625
3 0.48046875 0.459375 0.0796875 0.12734375
3 0.48984375 0.5328125 0.08515625 0.13203125
3 0.421875 0.484375 0.1078125 0.15859375
3 0.36796875 0.5515625 0.13359375 0.20546875
3 0.54921875 0.896875 0.1171875 0.1671875
3 0.503125 0.9 0.1125 0.17109375
5 0.29296875 0.646875 0.103125 0.15703125
5 0.25078125 0.69765625 0.09921875 0.15625
5 0.4125 0.76640625 0.08203125 0.1125
5 0.48671875 0.78203125 0.1015625 0.13984375
5 0.4 0.90703125 0.10234375 0.1328125
5 0.30859375 0.80546875 0.10859375 0.146875