3 0.14140625 0.3625 0.03515625 0.0609375
3 0.1765625 0.3625 0.03828125 0.05234375
3 0.35234375 0.3671875 0.04375 0.06328125
3 0.32109375 0.32734375 0.04453125 0.0578125
3 0.38984375 0.24453125 0.0390625 0.0546875
3 0.5078125 0.4609375 0.04296875 0.065625
3 0.54765625 0.4640625 0.03828125 0.0609375
3 0.57421875 0.42421875 0.0359375 0.053125
3 0.40234375 0.61796875 0.05234375 0.07265625
3 0.45 0.57578125 0.05 0.0640625
3 0.48359375 0.68203125 0.0546875 0.0703125
5 0.2640625 0.35546875 0.028125 0.040625
5 0.40234375 0.50234375 0.03046875 0.04921875
5 0.42421875 0.52890625 0.03046875 0.0421875
5 0.4671875 0.5265625 0.0375 0.05390625
4 0.46171875 0.4875 0.0390625 0.0484375
5 0.5078125 0.5 0.03125 0.0484375