3 0.80546875 0.709375 0.121875 0.18359375
3 0.778125 0.4984375 0.13046875 0.18828125
3 0.778125 0.4203125 0.10859375 0.14296875
3 0.721875 0.54609375 0.14296875 0.22109375
3 0.56953125 0.575 0.15234375 0.22265625
3 0.42109375 0.36953125 0.1125 0.171875
3 0.478125 0.2109375 0.134375 0.203125
3 0.38125 0.5046875 0.11484375 0.1578125
3 0.290625 0.571875 0.1375 0.20625
5 0.84921875 0.509375 0.109375 0.165625
5 0.8421875 0.66328125 0.08828125 0.13046875
5 0.790625 0.59140625 0.1046875 0.15
5 0.70546875 0.39921875 0.10625 0.15546875
5 0.6359375 0.50546875 0.09453125 0.14609375
5 0.5671875 0.2703125 0.08046875 0.115625
5 0.5484375 0.12421875 0.0875 0.115625
5 0.75234375 0.928125 0.1109375 0.14296875
5 0.34140625 0.61875 0.0734375 0.1125
5 0.29296875 0.7140625 0.0859375 0.134375
4 0.48203125 0.48125 0.10078125 0.15078125
4 0.44609375 0.61015625 0.10390625 0.16171875
4 0.38046875 0.62734375 0.08046875 0.11796875
4 0.39140625 0.540625 0.09140625 0.14375