3 0.07578125 0.4359375 0.05390625 0.0859375
3 0.11328125 0.4578125 0.0546875 0.07890625
3 0.30390625 0.559375 0.06328125 0.09375
3 0.259375 0.5828125 0.0625 0.08828125
3 0.31171875 0.71328125 0.05625 0.08203125
3 0.496875 0.55234375 0.06328125 0.0953125
3 0.540625 0.5734375 0.05703125 0.0875
3 0.55859375 0.6328125 0.05234375 0.078125
3 0.42578125 0.31953125 0.07578125 0.109375
3 0.465625 0.39375 0.0703125 0.0984375
3 0.53046875 0.29921875 0.07734375 0.1078125
5 0.20625 0.51796875 0.040625 0.059375
5 0.39453125 0.44375 0.0453125 0.0703125
5 0.425 0.428125 0.04375 0.06328125
5 0.4703125 0.45703125 0.05390625 0.08046875
4 0.4546875 0.49609375 0.0546875 0.07578125
5 0.5078125 0.5109375 0.04609375 0.07109375