3 0.8796875 0.60546875 0.05 0.07890625
3 0.846875 0.5828125 0.05 0.07265625
3 0.68125 0.47265625 0.05859375 0.08671875
3 0.72265625 0.45625 0.0578125 0.08203125
3 0.68203125 0.334375 0.0515625 0.07578125
3 0.50859375 0.46015625 0.05859375 0.08828125
3 0.47109375 0.43671875 0.05234375 0.08046875
3 0.4578125 0.3828125 0.0484375 0.071875
3 0.5625 0.675 0.06953125 0.10078125
3 0.5296875 0.6046875 0.06484375 0.09140625
3 0.46796875 0.6828125 0.0703125 0.1
5 0.7671875 0.51953125 0.0375 0.05546875
5 0.59609375 0.5671875 0.0421875 0.06484375
5 0.56796875 0.578125 0.03984375 0.05859375
5 0.52890625 0.54765625 0.05 0.0734375
4 0.54453125 0.51484375 0.05 0.0703125
5 0.49765625 0.49609375 0.04296875 0.06484375