3 0.6875 0.68046875 0.03984375 0.05546875
3 0.6890625 0.63125 0.0421875 0.05234375
3 0.3890625 0.515625 0.040625 0.06953125
3 0.35859375 0.48984375 0.028125 0.05234375
3 0.32421875 0.48046875 0.040625 0.0609375
3 0.1890625 0.7203125 0.04140625 0.05859375
3 0.465625 0.1015625 0.034375 0.05
3 0.43203125 0.11328125 0.02734375 0.04453125
3 0.690625 0.215625 0.03203125 0.0484375
4 0.68828125 0.275 0.0296875 0.0453125
4 0.65703125 0.2828125 0.02578125 0.0375
4 0.665625 0.2 0.0203125 0.04453125
4 0.759375 0.740625 0.034375 0.05703125
5 0.73203125 0.81796875 0.03203125 0.0359375
5 0.73515625 0.7828125 0.03359375 0.03828125
5 0.78046875 0.70703125 0.0390625 0.0421875
5 0.31796875 0.52890625 0.0296875 0.04140625
5 0.1984375 0.30703125 0.03515625 0.04765625
5 0.234375 0.35703125 0.021875 0.03203125
5 0.209375 0.35625 0.0296875 0.03984375
5 0.24609375 0.3453125 0.01640625 0.02734375
5 0.26015625 0.35390625 0.02265625 0.03515625
5 0.2671875 0.32109375 0.02578125 0.0421875
5 0.2375 0.3125 0.01953125 0.02109375
5 0.2515625 0.28671875 0.02265625 0.03203125
5 0.2265625 0.29609375 0.021875 0.02890625
5 0.225 0.3296875 0.01796875 0.0359375