3 0.3609375 0.71796875 0.04296875 0.0609375
3 0.35234375 0.675 0.04375 0.059375
3 0.6046875 0.4796875 0.0453125 0.07421875
3 0.62890625 0.44765625 0.03203125 0.0546875
3 0.65859375 0.428125 0.04453125 0.065625
3 0.81171875 0.6015625 0.04453125 0.0640625
3 0.48046875 0.1328125 0.03671875 0.05390625
3 0.51171875 0.1328125 0.0296875 0.04765625
3 0.29453125 0.303125 0.03515625 0.053125
4 0.3046875 0.35625 0.0328125 0.04921875
4 0.33359375 0.353125 0.02734375 0.040625
4 0.31484375 0.28203125 0.02421875 0.0453125
4 0.3046875 0.79453125 0.03828125 0.0609375
5 0.3390625 0.85546875 0.03359375 0.04140625
5 0.33203125 0.82421875 0.034375 0.04375
5 0.28125 0.7703125 0.040625 0.04921875
5 0.67109375 0.46953125 0.03203125 0.04609375
5 0.74765625 0.23515625 0.0375 0.05234375
5 0.721875 0.290625 0.02421875 0.03515625
5 0.74375 0.28203125 0.03203125 0.04453125
5 0.709375 0.28359375 0.01796875 0.02890625
5 0.6984375 0.29609375 0.02421875 0.0375
5 0.68828125 0.26796875 0.02890625 0.0453125
5 0.71328125 0.2515625 0.01953125 0.02421875
5 0.696875 0.23359375 0.02421875 0.034375
5 0.72109375 0.234375 0.0234375 0.03203125
5 0.72734375 0.26328125 0.0203125 0.03671875