3 0.71640625 0.78515625 0.06328125 0.096875
3 0.69921875 0.68671875 0.07421875 0.10546875
3 0.6625 0.8015625 0.06875 0.09609375
3 0.64140625 0.72890625 0.05078125 0.08671875
3 0.60703125 0.76171875 0.06484375 0.08984375
3 0.5890625 0.71015625 0.059375 0.08828125
3 0.546875 0.78671875 0.06328125 0.090625
3 0.53203125 0.7109375 0.078125 0.09921875
3 0.61875 0.56171875 0.04140625 0.084375
3 0.58125 0.56484375 0.0609375 0.08671875
3 0.5453125 0.52421875 0.0640625 0.1046875
3 0.5203125 0.48671875 0.05703125 0.0921875
3 0.58984375 0.478125 0.07109375 0.09453125
3 0.61875 0.47265625 0.05234375 0.103125
3 0.43125 0.45703125 0.07421875 0.1203125
3 0.52421875 0.2859375 0.0625 0.08203125
3 0.50859375 0.334375 0.06015625 0.07421875
3 0.5140625 0.2203125 0.065625 0.09921875
3 0.47578125 0.16484375 0.0640625 0.09375
3 0.44609375 0.23046875 0.059375 0.08984375
3 0.37265625 0.0859375 0.07109375 0.10859375
4 0.6125 0.89140625 0.0609375 0.08984375
4 0.5765625 0.84609375 0.0421875 0.065625
4 0.4796875 0.51953125 0.0578125 0.08828125
4 0.36953125 0.43984375 0.0625 0.09296875
4 0.54609375 0.38671875 0.05703125 0.0859375
4 0.41953125 0.14453125 0.05703125 0.08203125
5 0.6984375 0.8078125 0.03203125 0.0609375
5 0.478125 0.5921875 0.046875 0.06953125
5 0.55625 0.6328125 0.0546875 0.071875
5 0.50625 0.39765625 0.04140625 0.065625
5 0.43984375 0.37421875 0.0546875 0.08203125
5 0.45703125 0.325 0.0515625 0.0671875
5 0.378125 0.19453125 0.0625 0.09140625
5 0.3875 0.09375 0.05 0.06171875
5 0.43046875 0.090625 0.065625 0.08125