3 0.20859375 0.540625 0.08125 0.12265625
3 0.26328125 0.475 0.09296875 0.13671875
3 0.246875 0.6046875 0.0859375 0.125
3 0.29375 0.56328125 0.06796875 0.10625
3 0.309375 0.62265625 0.08046875 0.1171875
3 0.3453125 0.59609375 0.07578125 0.11328125
3 0.34921875 0.6984375 0.0796875 0.1171875
3 0.39296875 0.64921875 0.0953125 0.134375
3 0.38125 0.44453125 0.05859375 0.0984375
3 0.4109375 0.48203125 0.0765625 0.1125
3 0.4578125 0.48125 0.084375 0.1296875
3 0.49453125 0.47265625 0.075 0.11484375
3 0.43984375 0.40234375 0.0875 0.12578125
3 0.41796875 0.3703125 0.07421875 0.121875
3 0.58046875 0.53046875 0.09765625 0.14921875
3 0.5734375 0.30234375 0.07578125 0.109375
3 0.56640625 0.35625 0.07265625 0.1015625
3 0.60859375 0.25625 0.08359375 0.12578125
3 0.6625 0.2453125 0.08046875 0.1203125
3 0.6609375 0.328125 0.07578125 0.1140625
3 0.78125 0.275 0.09140625 0.1375
4 0.25078125 0.72578125 0.07734375 0.115625
4 0.3 0.7203125 0.05390625 0.08203125
4 0.5140625 0.5375 0.075 0.1125
4 0.6390625 0.57265625 0.0796875 0.11875
4 0.5140625 0.365625 0.07265625 0.109375
4 0.71796875 0.28046875 0.071875 0.10625
5 0.21328125 0.5765625 0.04453125 0.071875
5 0.4859375 0.59921875 0.059375 0.0890625
5 0.4046875 0.56171875 0.0671875 0.09609375
5 0.5421875 0.41171875 0.05390625 0.08203125
5 0.60703125 0.45234375 0.06953125 0.1046875
5 0.61328125 0.39609375 0.0625 0.0890625
5 0.73203125 0.36015625 0.07890625 0.11796875
5 0.765625 0.26796875 0.06015625 0.084375
5 0.73125 0.22578125 0.07890625 0.1109375