3 0.3078125 0.24375 0.05859375 0.0890625
3 0.3234375 0.33359375 0.06796875 0.096875
3 0.35703125 0.22890625 0.06328125 0.08828125
3 0.37578125 0.29609375 0.046875 0.08046875
3 0.4078125 0.265625 0.059375 0.0828125
3 0.4234375 0.31328125 0.0546875 0.08203125
3 0.4625 0.24375 0.05859375 0.0828125
3 0.4765625 0.31328125 0.071875 0.09140625
3 0.39609375 0.44921875 0.03828125 0.078125
3 0.43046875 0.44609375 0.05546875 0.0796875
3 0.46328125 0.48359375 0.05859375 0.09609375
3 0.4859375 0.51875 0.053125 0.084375
3 0.421875 0.525 0.065625 0.08671875
3 0.3953125 0.53046875 0.0484375 0.09453125
3 0.5671875 0.546875 0.06875 0.11015625
3 0.48125 0.70234375 0.05703125 0.07578125
3 0.4953125 0.6578125 0.05546875 0.06796875
3 0.490625 0.7625 0.06015625 0.090625
3 0.525 0.81328125 0.05859375 0.08671875
3 0.55234375 0.753125 0.0546875 0.08203125
3 0.61875 0.88671875 0.065625 0.1
4 0.403125 0.146875 0.05625 0.0828125
4 0.4359375 0.18984375 0.03828125 0.06015625
4 0.52265625 0.48828125 0.053125 0.08125
4 0.6234375 0.5625 0.0578125 0.08515625
4 0.46171875 0.61015625 0.05234375 0.07890625
4 0.57578125 0.83203125 0.05234375 0.075
5 0.32421875 0.22265625 0.0296875 0.05546875
5 0.52421875 0.42265625 0.04296875 0.0640625
5 0.45390625 0.384375 0.05 0.06640625
5 0.4984375 0.6 0.03828125 0.06015625
5 0.55859375 0.62265625 0.05 0.07578125
5 0.54296875 0.6671875 0.046875 0.06171875
5 0.6140625 0.78671875 0.0578125 0.084375
5 0.60546875 0.87890625 0.04609375 0.05703125
5 0.56640625 0.88125 0.06015625 0.075