3 0.70625 0.5984375 0.05078125 0.075
3 0.6640625 0.59765625 0.05 0.07265625
3 0.7484375 0.5515625 0.0375 0.06328125
3 0.73125 0.4796875 0.04375 0.0734375
3 0.6890625 0.46640625 0.0515625 0.07890625
3 0.5390625 0.89453125 0.0484375 0.0609375
3 0.515625 0.88046875 0.05078125 0.06171875
3 0.24453125 0.7140625 0.05546875 0.0796875
3 0.25859375 0.76015625 0.0484375 0.06015625
3 0.20078125 0.73125 0.05078125 0.07265625
3 0.2734375 0.5546875 0.0421875 0.06640625
3 0.2390625 0.50625 0.05546875 0.08359375
3 0.20078125 0.49453125 0.05390625 0.08125
3 0.43984375 0.33671875 0.04921875 0.07734375
3 0.4484375 0.271875 0.053125 0.065625
3 0.4203125 0.1765625 0.03125 0.0703125
3 0.36640625 0.16484375 0.04921875 0.0640625
3 0.571875 0.10546875 0.06015625 0.08515625
3 0.16328125 0.75390625 0.0421875 0.07578125
3 0.13359375 0.7828125 0.0421875 0.07734375
3 0.27265625 0.64921875 0.05390625 0.0703125
4 0.7328125 0.62578125 0.0375 0.05703125
4 0.64375 0.6640625 0.040625 0.06640625
4 0.6375 0.56875 0.04375 0.0609375
5 0.66875 0.521875 0.0453125 0.06171875
5 0.728125 0.56875 0.03828125 0.06640625
5 0.7609375 0.60546875 0.04140625 0.05546875
5 0.7109375 0.6921875 0.0390625 0.05390625
5 0.72109375 0.721875 0.0453125 0.0484375
5 0.6859375 0.74296875 0.0421875 0.0609375
5 0.37421875 0.58984375 0.04140625 0.0671875
5 0.3265625 0.7390625 0.03359375 0.053125
5 0.309375 0.6875 0.04296875 0.059375
5 0.28671875 0.73671875 0.0375 0.0578125
5 0.20078125 0.66015625 0.03515625 0.0453125
5 0.1734375 0.69453125 0.0390625 0.0578125
5 0.2265625 0.603125 0.0375 0.05703125
5 0.240625 0.55390625 0.040625 0.05078125
5 0.2125 0.56171875 0.03046875 0.04296875
5 0.5671875 0.18125 0.0359375 0.059375