3 0.2078125 0.290625 0.059375 0.0875
3 0.28046875 0.0125 0.06796875 0.025
3 0.3828125 0.0453125 0.06484375 0.090625
3 0.46875 0.40546875 0.07421875 0.109375
3 0.48828125 0.3359375 0.06875 0.0953125
3 0.56171875 0.42109375 0.0765625 0.1125
3 0.49453125 0.48125 0.07734375 0.11953125
3 0.32734375 0.64140625 0.078125 0.121875
3 0.38984375 0.640625 0.084375 0.1421875
3 0.44765625 0.64453125 0.06171875 0.08671875
3 0.496875 0.6796875 0.07265625 0.103125
3 0.46171875 0.71796875 0.06171875 0.084375
3 0.534375 0.7546875 0.08203125 0.1109375
3 0.53359375 0.65 0.0609375 0.09140625
5 0.23828125 0.02578125 0.059375 0.0515625
5 0.27265625 0.06171875 0.0625 0.090625
5 0.3921875 0.121875 0.0671875 0.09375
5 0.44765625 0.1453125 0.053125 0.0796875
5 0.35625 0.43515625 0.07421875 0.11015625
5 0.33828125 0.25859375 0.05078125 0.08359375
4 0.33046875 0.17890625 0.053125 0.0765625
4 0.34765625 0.5171875 0.0625 0.0953125
4 0.4625 0.5140625 0.0671875 0.09921875
4 0.44765625 0.59765625 0.05703125 0.06171875
4 0.509375 0.6078125 0.065625 0.09296875