3 0.2015625 0.275 0.12265625 0.18515625
3 0.33046875 0.17421875 0.13125 0.1890625
3 0.37109375 0.12421875 0.109375 0.14375
3 0.340625 0.2703125 0.14375 0.221875
3 0.42265625 0.46953125 0.153125 0.22421875
3 0.62421875 0.51484375 0.1125 0.1734375
3 0.67109375 0.346875 0.13515625 0.20390625
3 0.578125 0.64765625 0.115625 0.15859375
3 0.6 0.796875 0.13828125 0.20703125
5 0.2796875 0.09609375 0.11015625 0.16640625
5 0.203125 0.203125 0.08828125 0.13125
5 0.2734375 0.21796875 0.10546875 0.15078125
5 0.428125 0.196875 0.10703125 0.15625
5 0.41640625 0.346875 0.0953125 0.146875
5 0.58359375 0.27890625 0.08046875 0.11640625
5 0.67265625 0.20859375 0.0875 0.115625
5 0.115625 0.48359375 0.11171875 0.165625
5 0.54296875 0.76640625 0.0734375 0.11328125
5 0.52421875 0.884375 0.0859375 0.134375
4 0.5265625 0.51328125 0.1015625 0.15234375
4 0.48203125 0.6375 0.1046875 0.16328125
4 0.5140625 0.7265625 0.08125 0.11796875
4 0.55234375 0.6578125 0.09140625 0.1453125