3 0.303125 0.3859375 0.0390625 0.05703125
3 0.33359375 0.409375 0.05078125 0.08046875
3 0.3203125 0.46875 0.04921875 0.0640625
3 0.3765625 0.3859375 0.06015625 0.08984375
3 0.40546875 0.4609375 0.04296875 0.05859375
3 0.41875 0.4078125 0.034375 0.04296875
3 0.4296875 0.38125 0.0515625 0.08046875
3 0.46953125 0.44375 0.03984375 0.04921875
3 0.46015625 0.41171875 0.03984375 0.05
3 0.49140625 0.39375 0.05 0.06875
3 0.45234375 0.53203125 0.04296875 0.05625
3 0.42734375 0.50546875 0.02890625 0.05859375
3 0.45703125 0.475 0.03828125 0.05078125
3 0.46640625 0.5578125 0.0375 0.05078125
3 0.52734375 0.50859375 0.0390625 0.0546875
3 0.553125 0.5609375 0.04765625 0.07578125
3 0.553125 0.44609375 0.046875 0.07109375
3 0.74375 0.4078125 0.0375 0.05390625
3 0.63046875 0.653125 0.0453125 0.05703125
3 0.675 0.6875 0.04140625 0.059375
3 0.69609375 0.70625 0.03828125 0.05234375
3 0.7265625 0.721875 0.0421875 0.06328125
3 0.64140625 0.753125 0.0328125 0.05234375
3 0.60625 0.33671875 0.04375 0.06484375
4 0.5609375 0.621875 0.040625 0.0609375
4 0.58671875 0.49921875 0.0421875 0.06953125
4 0.6171875 0.75 0.03203125 0.05390625
4 0.6984375 0.79296875 0.03203125 0.04453125
4 0.35625 0.56015625 0.04375 0.06171875
4 0.490625 0.47890625 0.03203125 0.05390625
5 0.3171875 0.49765625 0.028125 0.04296875
5 0.33203125 0.48203125 0.0390625 0.05546875
5 0.653125 0.5390625 0.0328125 0.04609375
5 0.64140625 0.7078125 0.03828125 0.04921875