3 0.665625 0.66171875 0.034375 0.05
3 0.640625 0.6328125 0.04453125 0.07109375
3 0.659375 0.58359375 0.04375 0.05625
3 0.6 0.6421875 0.053125 0.07890625
3 0.58359375 0.56796875 0.03828125 0.05078125
3 0.56484375 0.6109375 0.03046875 0.0375
3 0.55234375 0.63125 0.0453125 0.07109375
3 0.52421875 0.565625 0.03515625 0.04296875
3 0.52890625 0.59609375 0.03515625 0.04375
3 0.4984375 0.60390625 0.04375 0.06015625
3 0.55078125 0.49140625 0.03828125 0.04921875
3 0.56953125 0.521875 0.025 0.0515625
3 0.5390625 0.540625 0.034375 0.04453125
3 0.540625 0.46484375 0.03359375 0.04453125
3 0.48046875 0.4921875 0.034375 0.04765625
3 0.46328125 0.43828125 0.0421875 0.06640625
3 0.45 0.540625 0.040625 0.0625
3 0.2765625 0.52265625 0.0328125 0.04765625
3 0.40625 0.3359375 0.040625 0.05
3 0.37109375 0.29296875 0.03671875 0.0515625
3 0.3546875 0.2703125 0.03359375 0.04609375
3 0.32890625 0.24765625 0.03671875 0.05546875
3 0.40859375 0.24296875 0.02890625 0.04609375
3 0.38984375 0.6234375 0.03828125 0.05703125
4 0.4640625 0.38203125 0.0359375 0.05390625
4 0.4265625 0.484375 0.03671875 0.0609375
4 0.4296875 0.25234375 0.028125 0.04765625
4 0.36328125 0.19296875 0.028125 0.0390625
4 0.63828125 0.4921875 0.03828125 0.05390625
4 0.509375 0.528125 0.028125 0.04765625
5 0.665625 0.55859375 0.025 0.0375
5 0.65078125 0.56875 0.034375 0.0484375
5 0.37265625 0.43046875 0.02890625 0.040625
5 0.403125 0.284375 0.03359375 0.04296875