3 0.621875 0.28125 0.040625 0.06015625
3 0.60546875 0.31875 0.05390625 0.08359375
3 0.6328125 0.35625 0.05 0.06953125
3 0.565625 0.32890625 0.06328125 0.09375
3 0.56484375 0.40625 0.04453125 0.06328125
3 0.5390625 0.37421875 0.034375 0.046875
3 0.52265625 0.3609375 0.0546875 0.08359375
3 0.51015625 0.43515625 0.03984375 0.05390625
3 0.5078125 0.4046875 0.040625 0.0546875
3 0.478125 0.4109375 0.05078125 0.0734375
3 0.54921875 0.4921875 0.04453125 0.06171875
3 0.5609375 0.45546875 0.0328125 0.05703125
3 0.52890625 0.45234375 0.0390625 0.0546875
3 0.54609375 0.521875 0.03828125 0.0546875
3 0.484375 0.5234375 0.040625 0.0578125
3 0.4796875 0.58203125 0.05078125 0.078125
3 0.44609375 0.4921875 0.04921875 0.07421875
3 0.2875 0.58828125 0.03828125 0.05703125
3 0.446875 0.70390625 0.04609375 0.0625
3 0.42265625 0.76015625 0.04296875 0.0625
3 0.41171875 0.78828125 0.0390625 0.05625
3 0.3921875 0.82109375 0.04453125 0.06640625
3 0.46796875 0.7890625 0.03515625 0.05390625
3 0.3734375 0.44296875 0.04609375 0.06796875
4 0.49140625 0.634375 0.04296875 0.06484375
4 0.43515625 0.55625 0.0453125 0.07109375
4 0.48515625 0.7703125 0.034375 0.05546875
4 0.43515625 0.85625 0.0328125 0.04765625
4 0.63203125 0.4515625 0.0453125 0.065625
4 0.50390625 0.47734375 0.034375 0.05546875
5 0.64375 0.37734375 0.0296875 0.0453125
5 0.62734375 0.37421875 0.040625 0.059375
5 0.39609375 0.63046875 0.034375 0.04921875
5 0.45390625 0.753125 0.03828125 0.053125