3 0.0609375 0.6640625 0.03984375 0.0984375
3 0.10234375 0.66953125 0.04765625 0.07578125
3 0.13203125 0.70703125 0.07265625 0.10859375
3 0.2875 0.590625 0.040625 0.071875
3 0.3421875 0.6671875 0.08125 0.08359375
3 0.375 0.603125 0.059375 0.078125
3 0.46640625 0.66796875 0.07421875 0.10703125
3 0.55625 0.65 0.07734375 0.1078125
3 0.5515625 0.74453125 0.090625 0.10546875
3 0.496875 0.459375 0.07421875 0.09140625
3 0.5359375 0.31484375 0.06015625 0.10390625
3 0.74921875 0.22578125 0.0640625 0.07421875
3 0.7484375 0.2921875 0.06328125 0.078125
3 0.91171875 0.409375 0.06875 0.10546875
3 0.703125 0.51171875 0.0796875 0.1015625
4 0.14140625 0.6265625 0.05234375 0.07265625
4 0.146875 0.778125 0.04609375 0.0546875
4 0.1953125 0.78359375 0.05 0.07421875
4 0.21015625 0.66171875 0.05078125 0.071875
4 0.2625 0.65234375 0.04453125 0.06953125
4 0.31875 0.51484375 0.05546875 0.08359375
4 0.303125 0.5953125 0.03671875 0.06015625
4 0.3703125 0.5125 0.0359375 0.071875
4 0.41953125 0.4484375 0.0484375 0.06328125
4 0.396875 0.48359375 0.03515625 0.059375
4 0.41640625 0.5171875 0.04609375 0.07734375
5 0.496875 0.60390625 0.046875 0.075
5 0.58203125 0.6078125 0.04375 0.06484375
5 0.61015625 0.66484375 0.04375 0.07109375
5 0.6015625 0.72421875 0.04765625 0.06953125
5 0.58984375 0.5734375 0.05234375 0.06640625
5 0.55234375 0.52421875 0.04296875 0.05546875
4 0.5171875 0.309375 0.05390625 0.0625
4 0.6890625 0.34296875 0.0546875 0.071875
4 0.6984375 0.47578125 0.0453125 0.07578125
4 0.78046875 0.41875 0.0453125 0.06796875
5 0.76484375 0.36015625 0.03828125 0.04765625
5 0.75625 0.47109375 0.04296875 0.06640625
5 0.79609375 0.4625 0.05078125 0.06640625
5 0.7765625 0.521875 0.04453125 0.07421875
5 0.80546875 0.53828125 0.0421875 0.071875
5 0.9296875 0.19375 0.0484375 0.0671875