3 0.8875 0.7515625 0.046875 0.0984375
3 0.85 0.746875 0.0515625 0.08046875
3 0.81875 0.77421875 0.07734375 0.115625
3 0.6890625 0.63203125 0.04453125 0.075
3 0.63125 0.68984375 0.0828125 0.0953125
3 0.6078125 0.6234375 0.0625 0.084375
3 0.51796875 0.66171875 0.07890625 0.11484375
3 0.43828125 0.625 0.08203125 0.11640625
3 0.4328125 0.71171875 0.09296875 0.1171875
3 0.51171875 0.46484375 0.07734375 0.10078125
3 0.490625 0.32421875 0.065625 0.10859375
3 0.30546875 0.19375 0.065625 0.08203125
3 0.3 0.25390625 0.065625 0.08515625
3 0.1390625 0.3234375 0.0734375 0.11171875
3 0.31796875 0.46484375 0.0828125 0.1109375
4 0.81875 0.69921875 0.0546875 0.07890625
4 0.79765625 0.83515625 0.04765625 0.06015625
4 0.753125 0.8296875 0.053125 0.07890625
4 0.75234375 0.71484375 0.05390625 0.07734375
4 0.70546875 0.69453125 0.04765625 0.0734375
4 0.66875 0.55625 0.059375 0.0890625
4 0.67421875 0.6328125 0.03984375 0.0640625
4 0.62109375 0.5421875 0.03984375 0.07421875
4 0.5828125 0.47265625 0.05 0.06875
4 0.60078125 0.51015625 0.03828125 0.06171875
4 0.5796875 0.5359375 0.05 0.08046875
5 0.496875 0.596875 0.05078125 0.07890625
5 0.41875 0.5796875 0.04609375 0.06875
5 0.3875 0.62578125 0.046875 0.075
5 0.3890625 0.68203125 0.05078125 0.07421875
5 0.415625 0.54765625 0.0546875 0.07265625
5 0.4546875 0.5109375 0.0453125 0.06015625
4 0.50859375 0.3234375 0.05546875 0.06953125
4 0.3484375 0.3140625 0.05703125 0.078125
4 0.3265625 0.4328125 0.04921875 0.0796875
4 0.2578125 0.3625 0.0484375 0.07265625
5 0.27734375 0.31171875 0.03984375 0.05234375
5 0.2734375 0.41484375 0.04609375 0.0703125
5 0.23828125 0.3984375 0.053125 0.071875
5 0.25 0.45703125 0.0484375 0.078125
5 0.22265625 0.46484375 0.04609375 0.075
5 0.14375 0.121875 0.05078125 0.07265625