3 0.665625 0.38125 0.0890625 0.13515625
3 0.57109375 0.40546875 0.08984375 0.1359375
3 0.3890625 0.17578125 0.08671875 0.1296875
3 0.334375 0.1796875 0.0828125 0.12734375
3 0.31328125 0.5328125 0.09921875 0.15234375
3 0.21953125 0.5109375 0.09140625 0.14140625
3 0.06328125 0.621875 0.08515625 0.153125
3 0.553125 0.14375 0.0859375 0.1265625
5 0.728125 0.43203125 0.07421875 0.10546875
5 0.2078125 0.4171875 0.06484375 0.1015625
4 0.74453125 0.25078125 0.0875 0.12421875
4 0.5828125 0.29921875 0.0546875 0.07578125
4 0.45625 0.36953125 0.07421875 0.10625
4 0.3671875 0.365625 0.07109375 0.1078125
4 0.3265625 0.2546875 0.07265625 0.103125
4 0.1578125 0.22109375 0.06875 0.10234375
4 0.21171875 0.50703125 0.0671875 0.09921875
4 0.16171875 0.5859375 0.06171875 0.09609375
4 0.06953125 0.515625 0.04921875 0.10078125
4 0.0875 0.60703125 0.07421875 0.128125