3 0.26328125 0.51484375 0.065625 0.1
3 0.30859375 0.50625 0.075 0.1171875
3 0.36875 0.29375 0.06640625 0.1015625
3 0.259375 0.2421875 0.07421875 0.125
3 0.3 0.17109375 0.08203125 0.11640625
3 0.46015625 0.4140625 0.0828125 0.1109375
3 0.4578125 0.5328125 0.0625 0.0984375
3 0.4984375 0.625 0.0578125 0.090625
3 0.684375 0.528125 0.08046875 0.12265625
3 0.565625 0.40625 0.07734375 0.12265625
3 0.71328125 0.2734375 0.09140625 0.1375
4 0.5796875 0.615625 0.0640625 0.096875
4 0.2953125 0.61640625 0.059375 0.08046875
4 0.421875 0.08671875 0.0640625 0.084375
4 0.43515625 0.47734375 0.065625 0.0875
5 0.525 0.28828125 0.04921875 0.06640625
5 0.49765625 0.3625 0.05703125 0.0828125
5 0.57734375 0.33125 0.0484375 0.06640625