3 0.7203125 0.478125 0.0609375 0.09296875
3 0.67890625 0.48828125 0.06953125 0.109375
3 0.63046875 0.68671875 0.06171875 0.09453125
3 0.73203125 0.7265625 0.0703125 0.115625
3 0.696875 0.79375 0.0765625 0.109375
3 0.54296875 0.5828125 0.07734375 0.10390625
3 0.54140625 0.4734375 0.05859375 0.09140625
3 0.5015625 0.3921875 0.05390625 0.084375
3 0.33515625 0.49296875 0.075 0.1140625
3 0.446875 0.596875 0.07265625 0.1140625
3 0.315625 0.7265625 0.08515625 0.128125
4 0.42890625 0.40625 0.06015625 0.090625
4 0.68828125 0.38671875 0.0546875 0.07578125
4 0.5875 0.87890625 0.059375 0.0796875
4 0.56484375 0.52265625 0.0609375 0.08203125
5 0.4875 0.7015625 0.0453125 0.0625
5 0.5109375 0.63125 0.053125 0.07734375
5 0.4390625 0.665625 0.0453125 0.0625