3 0.1171875 0.14609375 0.0796875 0.1203125
3 0.1015625 0.25390625 0.078125 0.11484375
3 0.159375 0.19296875 0.07265625 0.1171875
3 0.18984375 0.11171875 0.090625 0.12265625
3 0.278125 0.0546875 0.075 0.109375
3 0.38125 0.134375 0.08828125 0.1359375
3 0.32265625 0.365625 0.06953125 0.10859375
3 0.26640625 0.403125 0.0625 0.08828125
3 0.228125 0.39453125 0.05234375 0.08359375
3 0.49140625 0.4015625 0.07109375 0.08671875
3 0.4421875 0.67421875 0.06796875 0.10859375
3 0.446875 0.7671875 0.07734375 0.121875
3 0.49921875 0.778125 0.05 0.08984375
3 0.53203125 0.7046875 0.06484375 0.103125
3 0.49765625 0.6375 0.06484375 0.10078125
3 0.58828125 0.675 0.07578125 0.11328125
3 0.73984375 0.70546875 0.07578125 0.11875
3 0.77734375 0.7890625 0.075 0.10390625
3 0.63359375 0.825 0.05 0.10546875
5 0.29375 0.1578125 0.07109375 0.10234375
5 0.33125 0.096875 0.06328125 0.08515625
4 0.3890625 0.04921875 0.06484375 0.08125
5 0.43203125 0.08203125 0.06328125 0.0875
4 0.2203125 0.31640625 0.06640625 0.0984375
5 0.15234375 0.28203125 0.0578125 0.1015625
5 0.4359375 0.590625 0.06484375 0.0875
5 0.603125 0.29921875 0.0546875 0.07578125
5 0.63984375 0.25 0.06328125 0.0921875
5 0.8296875 0.96328125 0.0640625 0.071875