3 0.85703125 0.39609375 0.209375 0.29140625
3 0.73515625 0.5703125 0.19609375 0.275
3 0.3890625 0.628125 0.23125 0.3390625
3 0.2875 0.2515625 0.2140625 0.3109375
3 0.1828125 0.09921875 0.1078125 0.19765625
3 0.13515625 0.246875 0.10859375 0.196875
4 0.51015625 0.49921875 0.18046875 0.2703125
4 0.3578125 0.43203125 0.159375 0.24453125
5 0.76484375 0.49453125 0.11875 0.1703125
5 0.6578125 0.38671875 0.15 0.2234375
5 0.62578125 0.54609375 0.1421875 0.22265625
5 0.46015625 0.26796875 0.1140625 0.18046875
5 0.24609375 0.0421875 0.1359375 0.084375
5 0.51796875 0.290625 0.115625 0.1984375