3 0.13984375 0.3328125 0.06875 0.09609375
3 0.33828125 0.265625 0.065625 0.0859375
3 0.33671875 0.54140625 0.07421875 0.1125
3 0.34921875 0.62265625 0.08984375 0.109375
3 0.41796875 0.53359375 0.06328125 0.0953125
3 0.38203125 0.490625 0.065625 0.096875
3 0.4765625 0.4890625 0.071875 0.1078125
3 0.57421875 0.54921875 0.0765625 0.09375
3 0.6171875 0.471875 0.075 0.11015625
3 0.67890625 0.4859375 0.05625 0.0765625
3 0.65625 0.54765625 0.08046875 0.12734375
4 0.44765625 0.35859375 0.065625 0.1015625
4 0.3875 0.56171875 0.05 0.07578125
5 0.3328125 0.44296875 0.05859375 0.0828125
5 0.71328125 0.70859375 0.05625 0.09140625
5 0.4390625 0.13359375 0.06328125 0.08515625
4 0.08828125 0.26875 0.071875 0.10546875