3 0.84296875 0.8546875 0.06875 0.09375
3 0.62265625 0.8296875 0.06640625 0.0828125
3 0.6828125 0.54296875 0.07265625 0.1109375
3 0.68671875 0.45234375 0.090625 0.1046875
3 0.596875 0.5125 0.0625 0.09375
3 0.62421875 0.57421875 0.06484375 0.0953125
3 0.52578125 0.53046875 0.0703125 0.10703125
3 0.4375 0.42109375 0.07734375 0.0890625
3 0.37578125 0.48125 0.07421875 0.10859375
3 0.31484375 0.43671875 0.05625 0.07421875
3 0.3515625 0.38359375 0.078125 0.1265625
4 0.528125 0.68046875 0.0640625 0.10078125
4 0.63359375 0.49765625 0.04921875 0.075
5 0.665625 0.646875 0.0578125 0.08125
5 0.3265625 0.18828125 0.0546875 0.09140625
5 0.48984375 0.91875 0.0640625 0.0828125
4 0.88359375 0.946875 0.07109375 0.10390625