3 0.828125 0.13359375 0.146875 0.21796875
3 0.82578125 0.3171875 0.13203125 0.21328125
3 0.81171875 0.6140625 0.12734375 0.1640625
3 0.68515625 0.4421875 0.1421875 0.22265625
3 0.58515625 0.51328125 0.12421875 0.1890625
3 0.5328125 0.63515625 0.12109375 0.1765625
3 0.44921875 0.46796875 0.1140625 0.16171875
3 0.32734375 0.43359375 0.12265625 0.18125
3 0.38671875 0.60625 0.1453125 0.20859375
5 0.75390625 0.3359375 0.13203125 0.20078125
5 0.590625 0.3421875 0.12265625 0.17890625
5 0.159375 0.68984375 0.12265625 0.17890625
5 0.21328125 0.8140625 0.103125 0.15703125
5 0.26875 0.915625 0.06015625 0.0953125