3 0.1609375 0.47578125 0.1421875 0.215625
3 0.24296875 0.36484375 0.13203125 0.20625
3 0.3796875 0.1984375 0.11953125 0.16640625
3 0.3828125 0.42734375 0.1421875 0.21328125
3 0.47578125 0.4828125 0.12109375 0.18125
3 0.56015625 0.459375 0.11796875 0.17421875
3 0.53828125 0.64453125 0.109375 0.16171875
3 0.596875 0.784375 0.11953125 0.1765625
3 0.6375 0.62265625 0.140625 0.20625
5 0.29375 0.4265625 0.13046875 0.19609375
5 0.39609375 0.58125 0.11953125 0.1765625
5 0.8109375 0.79375 0.11953125 0.1765625
5 0.83359375 0.665625 0.1015625 0.1546875
5 0.84375 0.54921875 0.06015625 0.09296875