3 0.253125 0.646875 0.078125 0.1078125
3 0.4359375 0.66015625 0.0875 0.11796875
3 0.5109375 0.58671875 0.071875 0.10078125
3 0.59140625 0.5078125 0.05625 0.0796875
3 0.64296875 0.43359375 0.071875 0.103125
3 0.759375 0.259375 0.07578125 0.109375
3 0.6828125 0.79921875 0.04375 0.0609375
3 0.4140625 0.75703125 0.06015625 0.07265625
3 0.41640625 0.91328125 0.05390625 0.06640625
3 0.90078125 0.6515625 0.03671875 0.06484375
3 0.84453125 0.5953125 0.04296875 0.0515625
3 0.85546875 0.66796875 0.0296875 0.046875
5 0.36640625 0.5515625 0.06328125 0.10078125
5 0.4046875 0.56484375 0.06328125 0.10546875
5 0.4828125 0.4390625 0.05 0.07109375
5 0.55 0.4703125 0.0546875 0.07578125
5 0.4984375 0.4984375 0.04765625 0.06875
5 0.53828125 0.54296875 0.065625 0.0859375
5 0.65546875 0.3875 0.05546875 0.08671875
5 0.275 0.90234375 0.0390625 0.05625
5 0.27421875 0.97421875 0.03984375 0.04921875
5 0.325 0.9703125 0.04921875 0.05625
5 0.3515625 0.85859375 0.03203125 0.05
5 0.46953125 0.8421875 0.0375 0.06484375
5 0.72109375 0.81953125 0.046875 0.07265625
5 0.92109375 0.4765625 0.04375 0.06640625
5 0.8421875 0.55 0.0390625 0.04921875