3 0.91015625 0.51875 0.05 0.0734375
3 0.6625 0.28828125 0.0734375 0.11015625
3 0.58984375 0.47421875 0.06484375 0.09765625
3 0.659375 0.6375 0.06953125 0.09921875
3 0.6390625 0.696875 0.07421875 0.1140625
3 0.503125 0.5453125 0.06953125 0.103125
3 0.53125 0.7078125 0.059375 0.0921875
3 0.3078125 0.578125 0.07109375 0.10078125
3 0.2875 0.62890625 0.08203125 0.1015625
3 0.046875 0.60078125 0.0734375 0.10390625
4 0.64375 0.89375 0.0546875 0.075
4 0.6140625 0.8953125 0.0578125 0.08203125
5 0.61875 0.78359375 0.05390625 0.0796875
5 0.60703125 0.7328125 0.04609375 0.07109375
5 0.59296875 0.81953125 0.05390625 0.075
5 0.665625 0.89140625 0.0421875 0.05546875
5 0.5140625 0.828125 0.053125 0.075
5 0.60234375 0.5890625 0.05078125 0.075
5 0.5859375 0.55234375 0.0484375 0.06953125
5 0.38671875 0.62734375 0.05390625 0.08125
5 0.3421875 0.62109375 0.05546875 0.08203125
5 0.35859375 0.67578125 0.05703125 0.08671875
5 0.32109375 0.69453125 0.05234375 0.07578125
5 0.29140625 0.5125 0.0609375 0.09296875
5 0.3453125 0.46015625 0.0484375 0.075
5 0.32109375 0.4453125 0.0390625 0.0671875
5 0.4328125 0.39140625 0.05703125 0.084375
5 0.59140625 0.428125 0.05078125 0.075
5 0.621875 0.2984375 0.05859375 0.084375
5 0.58203125 0.27734375 0.0609375 0.09296875
5 0.5703125 0.35078125 0.053125 0.08125
5 0.50390625 0.38125 0.0515625 0.07578125
5 0.6609375 0.37421875 0.0390625 0.06015625
5 0.63515625 0.390625 0.04140625 0.0609375
5 0.66328125 0.43515625 0.03125 0.04375
5 0.9765625 0.45625 0.04609375 0.08359375
5 0.91796875 0.34765625 0.05625 0.075