3 0.30703125 0.7125 0.090625 0.1265625
3 0.34453125 0.77265625 0.08984375 0.1234375
3 0.38046875 0.58984375 0.08515625 0.1359375
3 0.45 0.67578125 0.09765625 0.15078125
3 0.45 0.5390625 0.0765625 0.1125
3 0.11953125 0.54375 0.08984375 0.13203125
3 0.684375 0.559375 0.121875 0.16015625
3 0.74296875 0.41875 0.12578125 0.171875
3 0.521875 0.140625 0.0765625 0.08671875
5 0.5484375 0.74375 0.078125 0.1125
5 0.55078125 0.875 0.078125 0.11015625
5 0.50078125 0.921875 0.06796875 0.09296875
5 0.628125 0.6 0.0578125 0.11171875
5 0.54375 0.10546875 0.07421875 0.090625
5 0.4484375 0.13046875 0.07421875 0.0921875
5 0.38125 0.3421875 0.06640625 0.103125
5 0.39375 0.53671875 0.05859375 0.08828125
5 0.459375 0.56953125 0.06015625 0.08671875
5 0.3828125 0.6921875 0.0515625 0.0734375