3 0.19375 0.50703125 0.07890625 0.1140625
3 0.24375 0.453125 0.0921875 0.1234375
3 0.33984375 0.5609375 0.1109375 0.16171875
3 0.2546875 0.6421875 0.08984375 0.13203125
3 0.578125 0.72265625 0.125 0.17265625
3 0.6234375 0.8765625 0.1171875 0.17890625
3 0.409375 0.425 0.08671875 0.125
3 0.53515625 0.1984375 0.0796875 0.11015625
5 0.44453125 0.51484375 0.0796875 0.11796875
5 0.4578125 0.38203125 0.0890625 0.1296875
5 0.4078125 0.3171875 0.08203125 0.12265625
5 0.46796875 0.30546875 0.06328125 0.08984375
5 0.48671875 0.09453125 0.08984375 0.13515625
5 0.340625 0.6859375 0.0796875 0.1140625
5 0.2703125 0.70625 0.06796875 0.0953125
5 0.27109375 0.546875 0.06953125 0.1015625
5 0.19921875 0.0875 0.0828125 0.11640625
5 0.315625 0.24609375 0.07109375 0.10546875
5 0.03984375 0.58203125 0.059375 0.10546875