3 0.74375 0.7625 0.06953125 0.09921875
3 0.72734375 0.684375 0.08203125 0.10625
3 0.61875 0.6859375 0.09765625 0.1421875
3 0.65234375 0.81171875 0.078125 0.11640625
3 0.3890625 0.6125 0.11015625 0.15078125
3 0.3015625 0.6859375 0.103125 0.159375
3 0.6171875 0.5328125 0.07578125 0.109375
3 0.60703125 0.26796875 0.0703125 0.096875
5 0.559375 0.56875 0.0703125 0.103125
5 0.596875 0.46171875 0.078125 0.11484375
5 0.65703125 0.45546875 0.071875 0.10625
5 0.61796875 0.39921875 0.05546875 0.07734375
5 0.67890625 0.23125 0.078125 0.11875
5 0.57421875 0.775 0.07109375 0.09921875
5 0.61796875 0.846875 0.059375 0.08359375
5 0.67421875 0.73125 0.06015625 0.090625
5 0.8890625 0.45625 0.07265625 0.1015625
5 0.7484375 0.47734375 0.06171875 0.0921875
5 0.828125 0.94140625 0.05234375 0.0921875