3 0.16328125 0.6859375 0.03125 0.04765625
3 0.1734375 0.7265625 0.03203125 0.04140625
3 0.16640625 0.75078125 0.02890625 0.0421875
3 0.2703125 0.74609375 0.02734375 0.03828125
3 0.2640625 0.76640625 0.02109375 0.0296875
3 0.30859375 0.55234375 0.01875 0.02890625
3 0.32734375 0.53671875 0.0265625 0.0375
3 0.0984375 0.4703125 0.02734375 0.040625
3 0.08203125 0.384375 0.0203125 0.0265625
3 0.328125 0.50859375 0.021875 0.0328125
3 0.3703125 0.4421875 0.0234375 0.0328125
3 0.378125 0.475 0.021875 0.0328125
3 0.38671875 0.44921875 0.01953125 0.03125
3 0.40625 0.45234375 0.02265625 0.03671875
3 0.09921875 0.3015625 0.0265625 0.0375
3 0.1109375 0.32890625 0.02109375 0.0296875
3 0.12734375 0.33046875 0.01953125 0.028125
3 0.121875 0.2515625 0.02421875 0.03515625
3 0.240625 0.2453125 0.0265625 0.0375
3 0.22109375 0.23515625 0.0234375 0.0328125
3 0.1984375 0.1625 0.0203125 0.028125
3 0.3578125 0.2828125 0.0203125 0.0296875
3 0.4 0.271875 0.021875 0.0328125
3 0.39765625 0.30625 0.0234375 0.034375
3 0.33359375 0.009375 0.03125 0.01796875
3 0.37734375 0.04296875 0.03671875 0.05234375
3 0.403125 0.04296875 0.028125 0.0421875
3 0.43203125 0.04375 0.02265625 0.0359375
3 0.45078125 0.03671875 0.0296875 0.04140625
3 0.51640625 0.2921875 0.021875 0.0328125
3 0.5203125 0.2703125 0.01796875 0.02265625
3 0.5421875 0.1265625 0.0171875 0.02578125
3 0.571875 0.20390625 0.02109375 0.03125
3 0.55859375 0.2640625 0.0171875 0.0265625
3 0.5640625 0.30859375 0.02109375 0.03203125
3 0.596875 0.37890625 0.021875 0.0296875
3 0.5953125 0.39765625 0.02265625 0.02578125
3 0.6765625 0.159375 0.0203125 0.02578125
3 0.66796875 0.14609375 0.02109375 0.0296875
3 0.64375 0.46796875 0.02265625 0.03125
3 0.7375 0.2359375 0.01953125 0.02890625
3 0.87109375 0.4 0.04921875 0.06796875
3 0.81328125 0.484375 0.03671875 0.05546875
3 0.79765625 0.53125 0.040625 0.053125
3 0.8703125 0.46875 0.025 0.034375
3 0.940625 0.4359375 0.01953125 0.02734375
3 0.82734375 0.6484375 0.0296875 0.04375
3 0.72421875 0.63203125 0.015625 0.02578125
3 0.72890625 0.73515625 0.02578125 0.03828125
3 0.71796875 0.69765625 0.02734375 0.03984375
3 0.85546875 0.73671875 0.03046875 0.040625
3 0.8359375 0.7515625 0.02734375 0.0421875
3 0.83203125 0.80078125 0.02578125 0.03828125
3 0.659375 0.72734375 0.0265625 0.040625
3 0.61171875 0.79140625 0.0234375 0.03515625
3 0.6234375 0.8234375 0.02421875 0.034375
3 0.60703125 0.84921875 0.02578125 0.03671875
3 0.6375 0.84296875 0.01953125 0.02890625
3 0.79453125 0.96171875 0.0234375 0.03515625
3 0.8203125 0.97578125 0.03046875 0.04453125
3 0.56328125 0.85078125 0.0171875 0.028125
3 0.51640625 0.9203125 0.021875 0.034375
3 0.41796875 0.83125 0.02265625 0.034375
3 0.4 0.85 0.01796875 0.02421875
3 0.56171875 0.61796875 0.02578125 0.0375
3 0.58515625 0.60234375 0.02421875 0.03515625
3 0.50859375 0.59453125 0.0234375 0.034375
3 0.50234375 0.5625 0.02265625 0.034375
3 0.521875 0.5703125 0.0203125 0.0296875
3 0.4828125 0.59140625 0.021875 0.03359375
3 0.50703125 0.628125 0.0203125 0.0296875
3 0.48046875 0.56953125 0.01953125 0.0296875
3 0.44453125 0.540625 0.02421875 0.0359375
3 0.4609375 0.50390625 0.02421875 0.0375
3 0.46171875 0.54375 0.02265625 0.0390625
3 0.4328125 0.471875 0.02734375 0.0375
3 0.4921875 0.41796875 0.02578125 0.03515625
3 0.48984375 0.43515625 0.02265625 0.03125
5 0.1140625 0.48203125 0.021875 0.034375
5 0.10234375 0.4984375 0.0171875 0.028125
5 0.05859375 0.68125 0.02109375 0.03046875
5 0.1265625 0.60625 0.01796875 0.02578125
5 0.12890625 0.621875 0.02265625 0.03046875
5 0.25234375 0.7671875 0.021875 0.03359375
5 0.25546875 0.8125 0.01953125 0.0265625
5 0.29765625 0.69140625 0.0171875 0.02421875
5 0.28046875 0.53515625 0.021875 0.03203125
5 0.29296875 0.55703125 0.0234375 0.0328125
5 0.30625 0.54375 0.0203125 0.0296875
5 0.28515625 0.51796875 0.0171875 0.0234375
5 0.290625 0.48515625 0.015625 0.02421875
5 0.3140625 0.46875 0.01484375 0.02421875
5 0.35 0.49453125 0.01875 0.025
5 0.340625 0.51640625 0.0171875 0.025
5 0.30625 0.52265625 0.01328125 0.01953125
5 0.3328125 0.44296875 0.015625 0.0234375
5 0.371875 0.52265625 0.01796875 0.028125
5 0.3953125 0.46953125 0.01796875 0.02578125
5 0.3734375 0.30078125 0.02109375 0.03125
5 0.371875 0.27734375 0.01640625 0.02265625
5 0.38984375 0.28515625 0.01484375 0.01953125
5 0.3828125 0.4234375 0.021875 0.03125
5 0.41484375 0.43828125 0.02109375 0.03125
5 0.42890625 0.46640625 0.01484375 0.021875
5 0.50859375 0.31171875 0.015625 0.021875
4 0.49296875 0.33671875 0.0203125 0.02734375
5 0.50859375 0.32890625 0.01875 0.0265625
5 0.52109375 0.35546875 0.01796875 0.02578125
5 0.50859375 0.4015625 0.0171875 0.02421875
5 0.49140625 0.4 0.01796875 0.025
5 0.6 0.3 0.021875 0.034375
5 0.575 0.3609375 0.015625 0.025
5 0.58515625 0.3734375 0.01484375 0.02265625
5 0.57265625 0.37890625 0.01640625 0.02421875
5 0.57734375 0.39375 0.01640625 0.025
5 0.6078125 0.34140625 0.01953125 0.0296875
5 0.61015625 0.36796875 0.01875 0.02734375
5 0.55859375 0.4890625 0.021875 0.03515625
5 0.58515625 0.459375 0.01953125 0.0296875
4 0.59453125 0.48046875 0.01875 0.028125
5 0.5984375 0.496875 0.01796875 0.02578125
5 0.57734375 0.50625 0.0203125 0.02890625
5 0.5265625 0.51875 0.015625 0.02421875
5 0.51328125 0.5546875 0.0171875 0.025
5 0.51953125 0.49765625 0.01328125 0.0203125
5 0.55703125 0.4328125 0.015625 0.021875
5 0.578125 0.21953125 0.0171875 0.0265625
5 0.5890625 0.228125 0.01875 0.02578125
5 0.5796875 0.2453125 0.01796875 0.0265625
5 0.22109375 0.21875 0.0234375 0.0359375
5 0.2359375 0.1984375 0.0203125 0.0328125
5 0.37109375 0.01015625 0.02578125 0.0203125
5 0.38359375 0.00234375 0.0203125 0.00390625
5 0.38203125 0.01484375 0.02265625 0.02890625
5 0.409375 0.015625 0.0234375 0.03125
5 0.415625 0.03828125 0.0203125 0.03046875
5 0.4265625 0.021875 0.0234375 0.03515625
5 0.4125 0.00703125 0.021875 0.0140625
5 0.459375 0.0296875 0.0234375 0.034375
5 0.340625 0.01640625 0.021875 0.02734375
4 0.08359375 0.3453125 0.01953125 0.0296875
5 0.0921875 0.328125 0.021875 0.0328125
5 0.86171875 0.8 0.02421875 0.0375
5 0.86328125 0.8546875 0.02578125 0.0359375
5 0.83359375 0.8953125 0.025 0.0359375
5 0.803125 0.92734375 0.02578125 0.0375
5 0.765625 0.9390625 0.0203125 0.0296875
5 0.76328125 0.9640625 0.0234375 0.0359375
5 0.77578125 0.98046875 0.01875 0.028125
5 0.51015625 0.6484375 0.01953125 0.02890625
5 0.49609375 0.646875 0.0171875 0.025
5 0.48671875 0.7015625 0.02109375 0.0296875
5 0.640625 0.79296875 0.0203125 0.02890625
5 0.64609375 0.81015625 0.01640625 0.0234375
5 0.65390625 0.83125 0.0171875 0.02734375
5 0.640625 0.8671875 0.01875 0.025
5 0.73984375 0.64921875 0.02265625 0.03359375
4 0.7390625 0.690625 0.01875 0.02890625
5 0.734375 0.71171875 0.021875 0.0328125
5 0.7125 0.66484375 0.01796875 0.028125