3 0.7703125 0.9328125 0.028125 0.04375
3 0.746875 0.965625 0.03046875 0.03515625
3 0.7453125 0.9875 0.0265625 0.025
3 0.64609375 0.91171875 0.02578125 0.03359375
3 0.64609375 0.9359375 0.01953125 0.02578125
3 0.6734375 0.6953125 0.0171875 0.0265625
3 0.6609375 0.66640625 0.02421875 0.03359375
3 0.90390625 0.77265625 0.025 0.03671875
3 0.94921875 0.70234375 0.01953125 0.02265625
3 0.66875 0.63828125 0.0203125 0.02890625
3 0.65 0.5421875 0.021875 0.02890625
3 0.63203125 0.56796875 0.01953125 0.0296875
3 0.63203125 0.5375 0.01796875 0.02890625
3 0.61171875 0.525 0.0203125 0.034375
3 0.959375 0.60859375 0.02421875 0.0328125
3 0.93984375 0.6265625 0.0203125 0.02578125
3 0.92265625 0.615625 0.01796875 0.02421875
3 0.9546875 0.54296875 0.021875 0.03125
3 0.84140625 0.44921875 0.02421875 0.03359375
3 0.86328125 0.453125 0.021875 0.028125
3 0.909375 0.39921875 0.01953125 0.0234375
3 0.715625 0.396875 0.01875 0.02734375
3 0.678125 0.35546875 0.01953125 0.0296875
3 0.66953125 0.390625 0.02109375 0.03046875
3 0.83359375 0.1375 0.0296875 0.0390625
3 0.77578125 0.15 0.03359375 0.046875
3 0.75078125 0.13125 0.025 0.0390625
3 0.72265625 0.1109375 0.01953125 0.03359375
3 0.70703125 0.08984375 0.02734375 0.03671875
3 0.55859375 0.28828125 0.01953125 0.0296875
3 0.5625 0.2640625 0.01796875 0.01875
3 0.58828125 0.10859375 0.015625 0.0234375
3 0.534375 0.16171875 0.01953125 0.028125
3 0.52734375 0.2296875 0.015625 0.02421875
3 0.50703125 0.26875 0.01875 0.02890625
3 0.45234375 0.3125 0.0203125 0.02578125
3 0.446875 0.33203125 0.0234375 0.01953125
3 0.44765625 0.03984375 0.01953125 0.021875
3 0.46015625 0.03359375 0.01953125 0.02578125
3 0.3765625 0.3625 0.02109375 0.02734375
3 0.36328125 0.06875 0.01796875 0.0265625
3 0.17890625 0.128125 0.04609375 0.059375
3 0.20703125 0.25234375 0.03359375 0.04921875
3 0.20625 0.309375 0.0390625 0.04453125
3 0.15703125 0.19453125 0.02265625 0.03046875
3 0.1 0.1109375 0.01875 0.0234375
3 0.1390625 0.4015625 0.02734375 0.03984375
3 0.24453125 0.4625 0.0140625 0.02421875
3 0.20546875 0.559375 0.02265625 0.03515625
3 0.228125 0.53046875 0.025 0.0359375
3 0.0828125 0.465625 0.0296875 0.034375
3 0.09609375 0.49453125 0.02421875 0.03828125
3 0.08359375 0.5453125 0.0234375 0.034375
3 0.27578125 0.603125 0.02421875 0.0375
3 0.30078125 0.70078125 0.02109375 0.03203125
3 0.27890625 0.7234375 0.021875 0.03125
3 0.2859375 0.7609375 0.02421875 0.03203125
3 0.25859375 0.73125 0.01796875 0.02578125
3 0.04375 0.79140625 0.0296875 0.0390625
3 0.06640625 0.72890625 0.02109375 0.0328125
3 0.0375 0.7234375 0.028125 0.03984375
3 0.328125 0.79453125 0.01484375 0.02734375
3 0.35078125 0.896875 0.0203125 0.03125
3 0.475 0.884375 0.0203125 0.03125
3 0.48671875 0.915625 0.0171875 0.02109375
3 0.40625 0.56953125 0.02421875 0.03359375
3 0.3890625 0.5375 0.02265625 0.03203125
3 0.465625 0.58671875 0.021875 0.03125
3 0.48203125 0.56015625 0.0203125 0.03125
3 0.4609375 0.55390625 0.01875 0.02734375
3 0.49140625 0.603125 0.0203125 0.0296875
3 0.45546875 0.62109375 0.01796875 0.02734375
3 0.50078125 0.58359375 0.0171875 0.02734375
3 0.54609375 0.58203125 0.021875 0.03203125
3 0.5421875 0.53515625 0.02109375 0.03515625
3 0.528125 0.57265625 0.01953125 0.03671875
3 0.5796875 0.525 0.025 0.03359375
3 0.540625 0.428125 0.02421875 0.03046875
3 0.53671875 0.446875 0.02109375 0.02734375
5 0.88515625 0.77265625 0.0203125 0.03125
5 0.89140625 0.796875 0.015625 0.02578125
5 0.8734375 0.99609375 0.01875 0.00703125
5 0.83203125 0.884375 0.01640625 0.02265625
5 0.82421875 0.896875 0.021875 0.02578125
5 0.65625 0.9453125 0.01953125 0.03125
5 0.63828125 0.9875 0.01875 0.02265625
5 0.63828125 0.83828125 0.015625 0.021875
5 0.70703125 0.7 0.0203125 0.02890625
5 0.6875 0.71171875 0.021875 0.028125
5 0.678125 0.6890625 0.01796875 0.0265625
5 0.7078125 0.6796875 0.0171875 0.01953125
5 0.71328125 0.64375 0.0140625 0.021875
5 0.69609375 0.61015625 0.01328125 0.021875
5 0.65234375 0.60859375 0.01796875 0.02109375
5 0.6546875 0.6375 0.01484375 0.02265625
5 0.6859375 0.66796875 0.01171875 0.01796875
5 0.68671875 0.57109375 0.01484375 0.02109375
5 0.621875 0.61953125 0.015625 0.0265625
5 0.6171875 0.55078125 0.01640625 0.02265625
5 0.69453125 0.40390625 0.01875 0.028125
5 0.703125 0.38125 0.01484375 0.0203125
5 0.68359375 0.3765625 0.0140625 0.01640625
5 0.64453125 0.515625 0.0203125 0.028125
5 0.60859375 0.50546875 0.01953125 0.028125
5 0.5859375 0.52265625 0.0140625 0.01953125
5 0.559375 0.3125 0.01484375 0.01875
4 0.56640625 0.3484375 0.01953125 0.0234375
5 0.55390625 0.3296875 0.0171875 0.0234375
5 0.5328125 0.3453125 0.01640625 0.02265625
5 0.5296875 0.4 0.015625 0.02109375
5 0.546875 0.41171875 0.0171875 0.02109375
5 0.475 0.23359375 0.01953125 0.03203125
5 0.47890625 0.31015625 0.0140625 0.02265625
5 0.46484375 0.315625 0.01328125 0.02109375
5 0.475 0.3296875 0.01484375 0.021875
5 0.465625 0.340625 0.015625 0.021875
5 0.453125 0.2671875 0.0171875 0.02734375
5 0.4421875 0.29140625 0.0171875 0.02421875
5 0.45234375 0.44765625 0.01953125 0.03359375
5 0.43671875 0.39921875 0.01796875 0.02734375
4 0.4203125 0.4125 0.01640625 0.0265625
5 0.4109375 0.425 0.0171875 0.02265625
5 0.42890625 0.45078125 0.01875 0.025
5 0.47421875 0.5 0.0140625 0.021875
5 0.47421875 0.5453125 0.015625 0.021875
5 0.4875 0.48515625 0.01171875 0.01953125
5 0.471875 0.39375 0.01484375 0.01875
5 0.5234375 0.171875 0.01484375 0.02421875
5 0.509375 0.171875 0.0171875 0.02265625
5 0.5125 0.19609375 0.015625 0.02421875
5 0.86953125 0.4375 0.02109375 0.0328125
5 0.8609375 0.40625 0.01796875 0.03046875
5 0.7953125 0.11484375 0.02421875 0.0328125
5 0.815625 0.0921875 0.0234375 0.034375
5 0.78828125 0.09375 0.01875 0.02734375
5 0.78125 0.11875 0.02109375 0.0265625
5 0.7546875 0.1 0.021875 0.028125
5 0.740625 0.11796875 0.01796875 0.02734375
5 0.73515625 0.09375 0.021875 0.03203125
5 0.75625 0.08203125 0.02109375 0.0265625
5 0.70078125 0.07578125 0.021875 0.03125
5 0.8203125 0.15234375 0.02109375 0.02265625
4 0.9609375 0.66328125 0.01796875 0.0265625
5 0.9578125 0.6390625 0.01953125 0.02890625
5 0.05546875 0.52265625 0.021875 0.034375
5 0.03515625 0.57421875 0.0234375 0.03203125
5 0.05078125 0.6359375 0.0234375 0.03203125
5 0.06953125 0.68984375 0.0234375 0.03359375
5 0.10234375 0.72890625 0.01875 0.0265625
5 0.096875 0.75546875 0.02109375 0.03359375
5 0.07890625 0.76171875 0.0171875 0.02578125
5 0.03671875 0.81875 0.02109375 0.0296875
5 0.44609375 0.6375 0.01796875 0.02578125
5 0.46015625 0.646875 0.01484375 0.02265625
5 0.4515625 0.70703125 0.01953125 0.0265625
5 0.271875 0.68125 0.01796875 0.02578125
5 0.26171875 0.69296875 0.01484375 0.02109375
5 0.24609375 0.7078125 0.01484375 0.02578125
5 0.24765625 0.75234375 0.0171875 0.021875
5 0.22421875 0.4671875 0.0203125 0.03046875
4 0.21015625 0.50859375 0.01640625 0.0265625
5 0.20859375 0.53203125 0.01953125 0.0296875
5 0.24453125 0.503125 0.01640625 0.02578125