3 0.16640625 0.22421875 0.16015625 0.2390625
3 0.4 0.371875 0.16640625 0.23203125
3 0.571875 0.3625 0.18046875 0.24921875
3 0.55390625 0.13203125 0.16484375 0.20234375
5 0.20703125 0.46953125 0.128125 0.1828125
5 0.20859375 0.54609375 0.09921875 0.0984375
5 0.20078125 0.23828125 0.14921875 0.20390625
5 0.3140625 0.49765625 0.11015625 0.159375
5 0.43671875 0.521875 0.109375 0.17109375
5 0.57109375 0.51015625 0.11171875 0.146875
5 0.64296875 0.59609375 0.08828125 0.11875
5 0.48828125 0.65390625 0.11171875 0.15
5 0.44609375 0.79765625 0.1078125 0.15234375
5 0.496875 0.734375 0.08203125 0.1171875