3 0.625 0.721875 0.146875 0.2171875
3 0.52890625 0.44453125 0.140625 0.20703125
3 0.5171875 0.1671875 0.16328125 0.23359375
3 0.45859375 0.31796875 0.11796875 0.1796875
3 0.403125 0.2421875 0.13515625 0.15234375
3 0.3578125 0.37890625 0.1640625 0.240625
3 0.3921875 0.565625 0.14375 0.2109375
5 0.60390625 0.26171875 0.12578125 0.190625
5 0.53359375 0.309375 0.10546875 0.1671875
5 0.60390625 0.40078125 0.0921875 0.146875
5 0.55859375 0.5328125 0.09765625 0.12265625
5 0.45703125 0.50546875 0.0890625 0.13984375
5 0.4359375 0.60546875 0.1078125 0.16875
5 0.56171875 0.896875 0.10859375 0.1421875