3 0.44375 0.25859375 0.10546875 0.15390625
3 0.4671875 0.540625 0.1015625 0.14609375
3 0.41796875 0.78203125 0.1203125 0.16171875
3 0.5 0.68125 0.08359375 0.13046875
3 0.53046875 0.77265625 0.1109375 0.08671875
3 0.5984375 0.678125 0.11953125 0.16953125
3 0.60859375 0.503125 0.10390625 0.14921875
5 0.3640625 0.66015625 0.0890625 0.1375
5 0.434375 0.653125 0.0734375 0.12265625
5 0.39375 0.5421875 0.06328125 0.109375
5 0.4609375 0.4515625 0.0765625 0.07734375
5 0.54140625 0.5234375 0.06171875 0.103125
5 0.58046875 0.4484375 0.075 0.1234375
5 0.53515625 0.13984375 0.08359375 0.09296875