3 0.36015625 0.8234375 0.1328125 0.19921875
3 0.45078125 0.834375 0.128125 0.1953125
3 0.62265625 0.62734375 0.140625 0.1875
3 0.42421875 0.4828125 0.1359375 0.20078125
3 0.51953125 0.390625 0.11328125 0.15625
5 0.29140625 0.86953125 0.0953125 0.15390625
5 0.30390625 0.73203125 0.10859375 0.165625
5 0.3640625 0.734375 0.0984375 0.10859375
5 0.58984375 0.296875 0.11171875 0.16484375
4 0.9296875 0.6171875 0.09375 0.18828125
3 0.5828125 0.46484375 0.11484375 0.16171875
3 0.18203125 0.859375 0.1375 0.2109375
3 0.23046875 0.8125 0.11796875 0.1953125
3 0.190625 0.9515625 0.103125 0.096875