3 0.6484375 0.25625 0.1046875 0.146875
3 0.6515625 0.37890625 0.11640625 0.16640625
3 0.72734375 0.50078125 0.1421875 0.22421875
3 0.53203125 0.3015625 0.1390625 0.20859375
3 0.45078125 0.253125 0.0953125 0.134375
3 0.37109375 0.4796875 0.13203125 0.20546875
3 0.16484375 0.42109375 0.121875 0.196875
3 0.14765625 0.68671875 0.14765625 0.21171875
3 0.3328125 0.621875 0.1390625 0.20078125
3 0.4375 0.815625 0.13046875 0.18046875
3 0.6546875 0.871875 0.10625 0.14296875
3 0.7671875 0.79609375 0.12421875 0.1984375
3 0.59921875 0.515625 0.090625 0.153125
4 0.67890625 0.61796875 0.13515625 0.19765625
4 0.70859375 0.79140625 0.13671875 0.20390625
5 0.47734375 0.40859375 0.13984375 0.1859375
5 0.52890625 0.5796875 0.1046875 0.1640625
5 0.44609375 0.66640625 0.1171875 0.16328125
5 0.5234375 0.73359375 0.0875 0.121875
5 0.25390625 0.45 0.11171875 0.19375
5 0.21015625 0.303125 0.1 0.17421875