3 0.38125 0.50546875 0.034375 0.05
3 0.4078125 0.4921875 0.034375 0.05
3 0.40546875 0.45625 0.0328125 0.04921875
3 0.346875 0.5640625 0.03984375 0.0671875
3 0.3765625 0.56796875 0.034375 0.0578125
3 0.4078125 0.57265625 0.0375 0.05546875
3 0.4359375 0.55546875 0.03671875 0.05546875
3 0.63046875 0.57734375 0.03671875 0.05625
3 0.63046875 0.49609375 0.04140625 0.05859375
3 0.6578125 0.4734375 0.03671875 0.0578125
3 0.66484375 0.578125 0.0375 0.0625
3 0.62734375 0.62890625 0.04140625 0.0609375
3 0.60078125 0.64609375 0.04375 0.06015625
5 0.63984375 0.5359375 0.0296875 0.04296875
5 0.65703125 0.509375 0.0359375 0.05
5 0.57890625 0.5921875 0.034375 0.04921875
5 0.56171875 0.6296875 0.02734375 0.04140625
5 0.5921875 0.51328125 0.0328125 0.046875
4 0.63515625 0.40234375 0.0359375 0.05546875
4 0.665625 0.3859375 0.0359375 0.0515625
5 0.36015625 0.52890625 0.0328125 0.04765625
5 0.4234375 0.51875 0.02734375 0.040625
5 0.40703125 0.41015625 0.03046875 0.0453125
5 0.41015625 0.3796875 0.034375 0.04921875
5 0.37890625 0.39609375 0.02734375 0.03828125
5 0.2953125 0.4453125 0.03125 0.0453125
5 0.33515625 0.5078125 0.0328125 0.04765625
5 0.325 0.575 0.025 0.03828125
5 0.31796875 0.55234375 0.0234375 0.03203125