3 0.27109375 0.19765625 0.13984375 0.1890625
3 0.44140625 0.3359375 0.13046875 0.1875
3 0.5796875 0.4921875 0.140625 0.2015625
3 0.63671875 0.684375 0.1046875 0.165625
3 0.76875 0.7609375 0.10546875 0.165625
5 0.30625 0.1515625 0.084375 0.12578125
5 0.39375 0.08984375 0.0875 0.11328125
5 0.4546875 0.16640625 0.07890625 0.13359375
5 0.5234375 0.19140625 0.065625 0.12109375
5 0.55078125 0.315625 0.06171875 0.10625
5 0.509375 0.4234375 0.08984375 0.11328125
5 0.36015625 0.34140625 0.07890625 0.11875
5 0.56171875 0.79296875 0.0921875 0.1390625
5 0.89609375 0.83125 0.109375 0.1453125
5 0.91796875 0.9203125 0.09921875 0.140625
5 0.69453125 0.625 0.0828125 0.134375
5 0.94296875 0.26640625 0.0703125 0.15078125