3 0.6203125 0.43984375 0.121875 0.17734375
3 0.665625 0.5109375 0.11796875 0.16171875
3 0.56484375 0.496875 0.1140625 0.171875
3 0.85546875 0.41171875 0.115625 0.16328125
3 0.20546875 0.40078125 0.13359375 0.203125
5 0.7984375 0.1390625 0.08828125 0.125
5 0.85078125 0.3390625 0.1 0.15
5 0.7171875 0.29609375 0.1 0.1515625
5 0.64140625 0.2515625 0.09453125 0.1421875
5 0.5703125 0.3296875 0.09140625 0.109375
5 0.5609375 0.390625 0.078125 0.10859375
5 0.2671875 0.2953125 0.09765625 0.14921875
5 0.1265625 0.40546875 0.09140625 0.1390625
5 0.15625 0.50625 0.0828125 0.1296875
5 0.2453125 0.51796875 0.10078125 0.14296875
5 0.1421875 0.334375 0.078125 0.10078125