3 0.61953125 0.43359375 0.125 0.18125
3 0.66640625 0.503125 0.1203125 0.16640625
3 0.56484375 0.49375 0.1171875 0.1765625
3 0.85546875 0.39375 0.11875 0.1671875
3 0.2015625 0.4140625 0.13671875 0.2078125
5 0.7921875 0.1234375 0.090625 0.128125
5 0.84921875 0.321875 0.103125 0.153125
5 0.71328125 0.284375 0.10234375 0.1546875
5 0.63671875 0.24375 0.096875 0.14609375
5 0.5671875 0.325 0.09296875 0.1125
5 0.55859375 0.3875 0.0796875 0.11171875
5 0.26171875 0.30546875 0.1 0.15234375
5 0.12265625 0.42265625 0.09375 0.1421875
5 0.1546875 0.52265625 0.08515625 0.13203125
5 0.24453125 0.53046875 0.103125 0.146875
5 0.13671875 0.35 0.0796875 0.103125