3 0.49453125 0.66796875 0.10078125 0.14375
3 0.58125 0.53359375 0.08515625 0.128125
3 0.51484375 0.48515625 0.0859375 0.121875
3 0.4890625 0.375 0.0953125 0.1484375
3 0.52890625 0.2828125 0.0953125 0.14453125
3 0.4046875 0.125 0.11328125 0.16796875
3 0.50859375 0.09296875 0.09375 0.134375
3 0.29921875 0.39140625 0.08125 0.11796875
4 0.9015625 0.6625 0.08984375 0.1359375
4 0.33671875 0.80234375 0.08046875 0.121875
5 0.58046875 0.7125 0.07890625 0.1203125
5 0.52109375 0.62421875 0.0828125 0.1265625
5 0.44140625 0.63984375 0.07421875 0.11328125
5 0.47109375 0.5484375 0.06796875 0.09765625
5 0.475 0.47890625 0.07421875 0.11015625
5 0.53203125 0.4390625 0.065625 0.103125
5 0.3609375 0.5203125 0.075 0.1109375
5 0.38671875 0.3859375 0.08515625 0.13203125
5 0.36875 0.2296875 0.07421875 0.11171875
5 0.44140625 0.21328125 0.065625 0.1015625
5 0.5484375 0.215625 0.06875 0.0875
5 0.5546875 0.175 0.071875 0.09296875
5 0.45234375 0.08125 0.06171875 0.09765625