3 0.6953125 0.66484375 0.21796875 0.30546875
3 0.75546875 0.546875 0.1390625 0.1828125
3 0.63359375 0.40625 0.21796875 0.29140625
3 0.47734375 0.36171875 0.1609375 0.240625
3 0.5625 0.53359375 0.13203125 0.17734375
3 0.52734375 0.72578125 0.16171875 0.23359375
3 0.4765625 0.221875 0.20546875 0.2640625
4 0.43125 0.8453125 0.153125 0.23046875
4 0.23515625 0.0859375 0.16640625 0.171875
5 0.57265625 0.65546875 0.0921875 0.1546875
5 0.775 0.415625 0.1203125 0.184375
5 0.61953125 0.14609375 0.11875 0.184375
5 0.5421875 0.14140625 0.159375 0.22890625
5 0.4015625 0.534375 0.13046875 0.20625
5 0.2140625 0.47421875 0.11015625 0.14921875
5 0.19375 0.390625 0.11953125 0.175
5 0.13359375 0.3375 0.1109375 0.18125
5 0.13828125 0.21484375 0.115625 0.17421875
5 0.22890625 0.225 0.1125 0.1609375
5 0.3703125 0.09296875 0.15703125 0.1859375