3 0.5578125 0.403125 0.1109375 0.16640625
3 0.49921875 0.67109375 0.11328125 0.16328125
3 0.434375 0.65078125 0.13515625 0.18984375
3 0.44140625 0.565625 0.0984375 0.140625
3 0.46953125 0.48984375 0.07734375 0.103125
3 0.5640625 0.6421875 0.11171875 0.175
3 0.68203125 0.72265625 0.11328125 0.159375
3 0.6609375 0.7703125 0.11171875 0.14453125
3 0.615625 0.5875 0.10625 0.159375
3 0.5765625 0.50234375 0.084375 0.1265625
3 0.509375 0.53203125 0.0796875 0.09296875
3 0.67109375 0.5546875 0.09296875 0.14453125
3 0.62109375 0.4625 0.10390625 0.14921875
3 0.55078125 0.14609375 0.07890625 0.1046875
4 0.696875 0.32890625 0.0921875 0.13125
4 0.72265625 0.471875 0.08828125 0.121875
4 0.74375 0.553125 0.090625 0.12578125
4 0.525 0.1890625 0.0890625 0.13984375
4 0.61953125 0.2984375 0.07421875 0.11640625
3 0.6671875 0.309375 0.08125 0.1109375
5 0.66328125 0.4421875 0.05703125 0.11171875
5 0.42109375 0.78125 0.0875 0.1234375
5 0.4109375 0.8421875 0.078125 0.125
5 0.44140625 0.91875 0.0875 0.1
5 0.4953125 0.8625 0.096875 0.13046875
5 0.60078125 0.70078125 0.06796875 0.096875
5 0.55 0.74609375 0.075 0.10625
5 0.58515625 0.8546875 0.0984375 0.11328125