3 0.18984375 0.0265625 0.090625 0.053125
3 0.29375 0.15859375 0.125 0.178125
3 0.37734375 0.271875 0.10625 0.15625
3 0.234375 0.2078125 0.128125 0.1953125
3 0.38125 0.115625 0.115625 0.16015625
3 0.41640625 0.2015625 0.09140625 0.13359375
3 0.55078125 0.28515625 0.1203125 0.1796875
3 0.534375 0.221875 0.11484375 0.1359375
3 0.4625 0.2953125 0.1359375 0.19609375
3 0.43046875 0.38203125 0.1125 0.1578125
3 0.5 0.44453125 0.10625 0.15390625
3 0.55859375 0.478125 0.09609375 0.15703125
3 0.328125 0.525 0.11796875 0.17109375
3 0.39765625 0.59140625 0.1234375 0.178125
3 0.42890625 0.50625 0.12421875 0.178125
3 0.4703125 0.6734375 0.115625 0.1765625
3 0.54765625 0.6953125 0.11875 0.16953125
3 0.60546875 0.9421875 0.0953125 0.08984375
3 0.47578125 0.90859375 0.09921875 0.06953125
3 0.3890625 0.88046875 0.08984375 0.06015625
3 0.584375 0.7828125 0.1171875 0.14375
3 0.61171875 0.60390625 0.10390625 0.14375
3 0.63203125 0.70625 0.12265625 0.1875
3 0.57109375 0.6796875 0.0796875 0.11796875
3 0.540625 0.5828125 0.0796875 0.1140625
4 0.2921875 0.26328125 0.08984375 0.12109375
4 0.415625 0.75234375 0.090625 0.13828125
5 0.36328125 0.20546875 0.090625 0.11328125