3 0.86953125 0.8578125 0.07734375 0.0765625
3 0.74921875 0.74921875 0.10234375 0.14140625
3 0.65390625 0.6734375 0.08515625 0.125
3 0.7953125 0.6828125 0.103125 0.15703125
3 0.67421875 0.81875 0.0953125 0.12578125
3 0.62890625 0.75234375 0.07421875 0.10625
3 0.49140625 0.721875 0.096875 0.14453125
3 0.51640625 0.775 0.09765625 0.1015625
3 0.571875 0.68125 0.1109375 0.15625
3 0.5875 0.590625 0.0921875 0.12421875
3 0.51328125 0.55703125 0.08671875 0.12265625
3 0.45390625 0.54609375 0.075 0.12890625
3 0.659375 0.421875 0.09609375 0.1359375
3 0.58515625 0.38515625 0.1 0.14140625
3 0.56953125 0.475 0.10078125 0.14140625
3 0.50546875 0.334375 0.0921875 0.14296875
3 0.43046875 0.3421875 0.096875 0.134375
3 0.33828125 0.134375 0.084375 0.06015625
3 0.46328125 0.11953125 0.0921875 0.0375
3 0.5484375 0.11484375 0.08359375 0.03125
3 0.3828125 0.27421875 0.09921875 0.10859375
3 0.38515625 0.4484375 0.08515625 0.1125
3 0.35078125 0.3609375 0.0984375 0.1515625
3 0.41171875 0.36484375 0.0640625 0.09453125
3 0.4546875 0.44375 0.06484375 0.090625
4 0.734375 0.6515625 0.075 0.09375
4 0.54375 0.24296875 0.07265625 0.1109375
5 0.6765625 0.7296875 0.0765625 0.08515625