3 0.48515625 0.3375 0.14765625 0.23828125
3 0.52890625 0.56328125 0.14609375 0.209375
3 0.3234375 0.41484375 0.16796875 0.21484375
3 0.3046875 0.49375 0.1765625 0.209375
3 0.43125 0.64609375 0.175 0.26171875
4 0.30546875 0.29453125 0.13125 0.16015625
4 0.478125 0.603125 0.11953125 0.16953125
4 0.57734375 0.67421875 0.1296875 0.1984375
4 0.68125 0.51015625 0.121875 0.18515625
4 0.6953125 0.3671875 0.1078125 0.14453125
5 0.7953125 0.50234375 0.11328125 0.17109375
5 0.7140625 0.57109375 0.10703125 0.1546875
5 0.58828125 0.48125 0.0953125 0.1484375
5 0.5109375 0.78359375 0.11484375 0.1765625
5 0.6078125 0.74140625 0.1125 0.16875
5 0.40703125 0.38046875 0.09375 0.1453125
5 0.42734375 0.48359375 0.109375 0.13203125
5 0.578125 0.35546875 0.071875 0.13359375