3 0.26171875 0.4921875 0.10234375 0.165625
3 0.325 0.52578125 0.115625 0.16328125
3 0.359375 0.5625 0.12578125 0.19140625
3 0.403125 0.6015625 0.109375 0.1515625
3 0.4359375 0.715625 0.11640625 0.1765625
3 0.41171875 0.746875 0.10703125 0.16484375
3 0.51953125 0.71640625 0.1015625 0.1359375
3 0.48125 0.85234375 0.1265625 0.178125
3 0.58203125 0.315625 0.1109375 0.15859375
3 0.73828125 0.30390625 0.1078125 0.1546875
3 0.70546875 0.38125 0.12109375 0.115625
3 0.7125 0.44609375 0.1203125 0.16796875
3 0.6 0.45234375 0.1203125 0.18359375
4 0.3203125 0.34140625 0.08125 0.1359375
4 0.4546875 0.43515625 0.096875 0.1359375
4 0.77421875 0.1828125 0.08828125 0.1046875
4 0.47421875 0.58828125 0.078125 0.115625
4 0.559375 0.6453125 0.09375 0.128125