3 0.5828125 0.41796875 0.1359375 0.203125
3 0.703125 0.8109375 0.16171875 0.225
3 0.615625 0.61171875 0.14453125 0.1984375
3 0.44296875 0.57578125 0.153125 0.19765625
4 0.14921875 0.38203125 0.13828125 0.19921875
4 0.46953125 0.45234375 0.128125 0.178125
4 0.59609375 0.76484375 0.1171875 0.16484375
5 0.38515625 0.4328125 0.09296875 0.1390625
5 0.18515625 0.48515625 0.11875 0.16171875
5 0.221875 0.32890625 0.11953125 0.18046875
5 0.24296875 0.1484375 0.09140625 0.1515625
5 0.3046875 0.70703125 0.10078125 0.16484375
5 0.35703125 0.7140625 0.08671875 0.12890625