3 0.3875 0.765625 0.10703125 0.153125
3 0.3734375 0.65078125 0.11953125 0.1734375
3 0.290625 0.55234375 0.14765625 0.2296875
3 0.49296875 0.69921875 0.14375 0.215625
3 0.5734375 0.728125 0.09765625 0.140625
3 0.628125 0.4984375 0.13671875 0.2109375
3 0.8265625 0.51171875 0.12734375 0.2015625
3 0.81875 0.25859375 0.1515625 0.2203125
3 0.65078125 0.35703125 0.14296875 0.20859375
3 0.534375 0.196875 0.13359375 0.1890625
3 0.32578125 0.18828125 0.10859375 0.15
3 0.2265625 0.2828125 0.1296875 0.203125
3 0.41015625 0.51171875 0.09609375 0.15546875
4 0.32578125 0.43203125 0.1390625 0.20546875
4 0.28203125 0.275 0.140625 0.2109375
5 0.534375 0.5875 0.1421875 0.19609375
5 0.4703125 0.4375 0.109375 0.16875
5 0.53984375 0.33828125 0.11953125 0.1703125
5 0.4609375 0.29140625 0.0890625 0.12734375
5 0.740625 0.503125 0.11796875 0.19609375
5 0.79453125 0.63125 0.10546875 0.1765625