3 0.7390625 0.44296875 0.1109375 0.1546875
3 0.51953125 0.32265625 0.1046875 0.134375
3 0.278125 0.3546875 0.14765625 0.18671875
3 0.39140625 0.43515625 0.125 0.1671875
3 0.53046875 0.5765625 0.11796875 0.178125
3 0.50546875 0.75546875 0.140625 0.196875
3 0.446875 0.56484375 0.1375 0.18671875
5 0.82578125 0.59609375 0.0734375 0.090625
5 0.81796875 0.68125 0.090625 0.1203125
5 0.6984375 0.5734375 0.09296875 0.11875
5 0.65546875 0.6421875 0.0859375 0.13046875
4 0.5953125 0.58203125 0.06953125 0.10703125
4 0.7171875 0.6984375 0.08515625 0.121875
4 0.5328125 0.67421875 0.090625 0.1078125
4 0.45703125 0.62734375 0.084375 0.13125
4 0.45078125 0.29921875 0.06796875 0.115625
4 0.31484375 0.2703125 0.07578125 0.12734375
4 0.290625 0.16875 0.0703125 0.09375
5 0.3859375 0.34375 0.0765625 0.1
5 0.30390625 0.40078125 0.090625 0.1375
5 0.54609375 0.3671875 0.078125 0.10390625