3 0.690625 0.265625 0.1375 0.2
3 0.45546875 0.3296875 0.1265625 0.178125
3 0.253125 0.54609375 0.178125 0.24921875
3 0.38046875 0.52890625 0.153125 0.21875
3 0.553125 0.54609375 0.15 0.225
3 0.5921875 0.7234375 0.17421875 0.25390625
3 0.47421875 0.60078125 0.16875 0.24296875
5 0.81953125 0.33359375 0.08828125 0.121875
5 0.84296875 0.41484375 0.1109375 0.1578125
5 0.7 0.4125 0.1125 0.1578125
5 0.68515625 0.50703125 0.109375 0.1640625
4 0.61171875 0.50078125 0.08828125 0.134375
4 0.759375 0.50859375 0.10625 0.15625
4 0.58828125 0.63046875 0.1078125 0.146875
4 0.5046875 0.6484375 0.1078125 0.1640625
4 0.3859375 0.36328125 0.0890625 0.14140625
4 0.25546875 0.44296875 0.1 0.15625
4 0.19921875 0.371875 0.0859375 0.12265625
5 0.34453125 0.453125 0.09296875 0.13203125
5 0.29140625 0.56640625 0.11484375 0.17265625
5 0.49375 0.34921875 0.0953125 0.1359375