3 0.7296875 0.38984375 0.109375 0.15234375
3 0.50078125 0.32109375 0.103125 0.13125
3 0.26640625 0.4078125 0.1453125 0.18359375
3 0.3859375 0.4609375 0.12265625 0.1640625
3 0.5375 0.56875 0.11640625 0.17578125
3 0.53125 0.75078125 0.13828125 0.19375
3 0.45390625 0.5765625 0.13515625 0.18359375
5 0.83046875 0.5203125 0.07265625 0.0890625
5 0.83125 0.60625 0.08984375 0.11796875
5 0.703125 0.528125 0.09140625 0.11640625
5 0.6671875 0.60546875 0.084375 0.128125
4 0.60234375 0.56015625 0.06796875 0.10546875
4 0.73359375 0.64609375 0.084375 0.11953125
4 0.54921875 0.66484375 0.08984375 0.10546875
4 0.4703125 0.6359375 0.08359375 0.12890625
4 0.43046875 0.3140625 0.06640625 0.1140625
4 0.29375 0.31640625 0.075 0.12578125
4 0.259375 0.221875 0.06875 0.0921875
5 0.37109375 0.37265625 0.075 0.09765625
5 0.29609375 0.446875 0.0890625 0.13515625
5 0.53203125 0.359375 0.0765625 0.1015625