3 0.2625 0.22578125 0.1703125 0.221875
3 0.3609375 0.20546875 0.178125 0.271875
3 0.496875 0.41015625 0.19921875 0.296875
3 0.34765625 0.50703125 0.1875 0.26875
3 0.3890625 0.4515625 0.140625 0.221875
3 0.59453125 0.4421875 0.18984375 0.2765625
3 0.68359375 0.58671875 0.17890625 0.2640625
3 0.51484375 0.73828125 0.17265625 0.25546875
3 0.34453125 0.7453125 0.21171875 0.325
3 0.52578125 0.89609375 0.16953125 0.20703125
5 0.1921875 0.30546875 0.12109375 0.178125
5 0.43046875 0.57734375 0.1421875 0.20859375
4 0.39296875 0.7328125 0.15234375 0.2140625