3 0.5828125 0.128125 0.053125 0.0765625
3 0.53203125 0.2203125 0.06015625 0.0859375
3 0.575 0.22890625 0.05234375 0.0734375
3 0.64453125 0.4 0.05078125 0.075
3 0.62421875 0.4640625 0.05078125 0.078125
3 0.5984375 0.375 0.05546875 0.08046875
3 0.58828125 0.428125 0.05625 0.07734375
3 0.54609375 0.38125 0.0546875 0.08359375
3 0.5171875 0.3796875 0.04765625 0.07421875
3 0.55 0.440625 0.04765625 0.075
3 0.478125 0.403125 0.05234375 0.078125
3 0.50234375 0.4765625 0.0609375 0.08125
3 0.44765625 0.471875 0.046875 0.07890625
3 0.44375 0.54921875 0.0546875 0.08203125
3 0.5109375 0.68125 0.05703125 0.08828125
3 0.46484375 0.66171875 0.0484375 0.06875
3 0.471875 0.703125 0.05 0.078125
3 0.44765625 0.74375 0.0421875 0.07109375
3 0.4859375 0.7453125 0.040625 0.053125
3 0.43515625 0.6953125 0.040625 0.05390625
4 0.528125 0.4265625 0.04375 0.06171875
5 0.665625 0.20859375 0.040625 0.06328125
5 0.6453125 0.24296875 0.03671875 0.05703125
5 0.63125 0.19375 0.03671875 0.05703125
5 0.60078125 0.203125 0.03671875 0.05546875
5 0.62421875 0.1125 0.0265625 0.0390625
5 0.55234375 0.1234375 0.0296875 0.0375
5 0.51171875 0.12109375 0.0296875 0.04765625
5 0.49453125 0.14453125 0.0359375 0.053125
5 0.56484375 0.159375 0.02734375 0.04375