3 0.4546875 0.11015625 0.0640625 0.09375
3 0.4390625 0.22890625 0.071875 0.10546875
3 0.4796875 0.20625 0.0625 0.090625
3 0.596875 0.30859375 0.06171875 0.09140625
3 0.5984375 0.38125 0.0625 0.09453125
3 0.546875 0.31953125 0.06640625 0.0984375
3 0.5546875 0.37421875 0.0671875 0.09609375
3 0.50234375 0.3625 0.06640625 0.10078125
3 0.47578125 0.38203125 0.05859375 0.08984375
3 0.525 0.41328125 0.05859375 0.08984375
3 0.4484375 0.43125 0.06328125 0.0953125
3 0.49375 0.47890625 0.071875 0.1015625
3 0.44375 0.5140625 0.059375 0.09296875
3 0.4640625 0.5859375 0.06640625 0.09921875
3 0.56640625 0.65546875 0.06953125 0.10625
3 0.51953125 0.671875 0.0578125 0.084375
3 0.5390625 0.70390625 0.06171875 0.09375
3 0.53046875 0.75703125 0.053125 0.08359375
3 0.56484375 0.73125 0.04765625 0.0671875
3 0.503125 0.7234375 0.04765625 0.0671875
4 0.50078125 0.415625 0.05234375 0.07578125
5 0.55390625 0.12265625 0.05 0.0765625
5 0.546875 0.16796875 0.0453125 0.06875
5 0.51875 0.134375 0.04453125 0.06875
5 0.49453125 0.1640625 0.04453125 0.0671875
5 0.48671875 0.0671875 0.03203125 0.04765625
5 0.42578125 0.128125 0.034375 0.04765625
5 0.3890625 0.1546875 0.03671875 0.05703125
5 0.38046875 0.1890625 0.04296875 0.06484375
5 0.4484375 0.1515625 0.034375 0.053125