3 0.67734375 0.41875 0.08125 0.115625
3 0.69453125 0.59375 0.10078125 0.146875
3 0.6921875 0.7078125 0.1046875 0.14375
3 0.6359375 0.82890625 0.1 0.15234375
3 0.57734375 0.63359375 0.10078125 0.14921875
3 0.6203125 0.53984375 0.08671875 0.13203125
3 0.57109375 0.45546875 0.10078125 0.15234375
3 0.58828125 0.3171875 0.1046875 0.153125
3 0.40625 0.33125 0.1015625 0.153125
3 0.50390625 0.628125 0.07578125 0.13515625
4 0.73359375 0.33125 0.075 0.11796875
4 0.628125 0.15390625 0.075 0.09609375
4 0.60859375 0.203125 0.08828125 0.11015625
4 0.49609375 0.4546875 0.07734375 0.1296875