3 0.621875 0.778125 0.16484375 0.246875
3 0.52109375 0.8640625 0.14921875 0.22265625
3 0.50703125 0.7140625 0.1828125 0.24765625
3 0.50234375 0.56640625 0.17734375 0.26015625
3 0.68125 0.43515625 0.15703125 0.228125
5 0.85625 0.50546875 0.11875 0.18359375
5 0.9140625 0.42421875 0.0859375 0.153125
5 0.7859375 0.32734375 0.1203125 0.17734375
5 0.6859375 0.20859375 0.1015625 0.1484375
5 0.790625 0.04609375 0.1203125 0.0921875
5 0.51796875 0.371875 0.10625 0.14609375
5 0.45 0.33828125 0.1140625 0.17734375
5 0.4828125 0.2484375 0.08984375 0.1359375
3 0.21015625 0.3671875 0.1484375 0.21640625
3 0.3234375 0.9140625 0.1390625 0.171875
5 0.5796875 0.80078125 0.11015625 0.1609375
5 0.2015625 0.59375 0.12265625 0.18359375