3 0.6609375 0.5125 0.08359375 0.121875
3 0.640625 0.6625 0.10390625 0.15390625
3 0.615625 0.753125 0.10625 0.15390625
3 0.54609375 0.8265625 0.1046875 0.1578125
3 0.5375 0.6421875 0.1046875 0.15546875
3 0.59140625 0.58515625 0.090625 0.13671875
3 0.56796875 0.4953125 0.10546875 0.15859375
3 0.60859375 0.38984375 0.1078125 0.16015625
3 0.45859375 0.32109375 0.10546875 0.159375
3 0.47890625 0.60625 0.08359375 0.134375
4 0.7234375 0.46640625 0.0796875 0.12109375
4 0.6734375 0.27578125 0.07421875 0.1046875
4 0.64765625 0.30625 0.0875 0.12109375
4 0.50703125 0.4609375 0.08359375 0.13125