3 0.4609375 0.86015625 0.18125 0.15234375
3 0.4078125 0.565625 0.14921875 0.20703125
3 0.6203125 0.4890625 0.184375 0.25078125
3 0.73359375 0.465625 0.134375 0.21171875
3 0.51171875 0.35390625 0.1703125 0.23671875
3 0.39765625 0.4140625 0.13671875 0.19921875
3 0.4640625 0.26953125 0.17265625 0.1921875
5 0.30078125 0.778125 0.10625 0.15703125
5 0.4234375 0.70703125 0.12109375 0.146875
5 0.54296875 0.5859375 0.1078125 0.1734375
5 0.7265625 0.6828125 0.109375 0.1828125
5 0.77421875 0.62109375 0.12109375 0.19609375
5 0.59921875 0.2796875 0.115625 0.190625
5 0.32578125 0.45 0.12265625 0.1734375