3 0.66953125 0.6828125 0.08828125 0.1203125
3 0.65546875 0.5703125 0.09765625 0.1375
3 0.70703125 0.4359375 0.1171875 0.18828125
3 0.55703125 0.678125 0.115625 0.1734375
3 0.48984375 0.746875 0.08046875 0.1109375
3 0.3859375 0.565625 0.10859375 0.171875
3 0.20703125 0.68359375 0.1 0.165625
3 0.1546875 0.44765625 0.1234375 0.17421875
3 0.33203125 0.44765625 0.11640625 0.165625
3 0.4 0.23984375 0.11015625 0.1484375
3 0.58984375 0.12109375 0.090625 0.11640625
3 0.70234375 0.1546875 0.10234375 0.1671875
3 0.5890625 0.46171875 0.07421875 0.1296875
4 0.646875 0.34375 0.1125 0.1640625
4 0.65 0.17734375 0.11328125 0.16953125
5 0.49296875 0.59765625 0.11875 0.1515625
5 0.515625 0.42578125 0.08671875 0.1375
5 0.42890625 0.37265625 0.0984375 0.13359375
5 0.48984375 0.2875 0.0734375 0.1
5 0.28359375 0.6296875 0.090625 0.16484375
5 0.26484375 0.77578125 0.08046875 0.1484375