3 0.525 0.7109375 0.109375 0.14296875
3 0.35078125 0.6484375 0.1 0.15390625
3 0.6328125 0.64140625 0.08671875 0.1375
3 0.5171875 0.57421875 0.09375 0.1484375
3 0.66328125 0.47890625 0.10078125 0.15859375
3 0.5921875 0.509375 0.0875 0.134375
3 0.5578125 0.4125 0.1046875 0.1578125
3 0.50390625 0.4046875 0.075 0.1421875
3 0.67578125 0.36953125 0.096875 0.13984375
3 0.6515625 0.25 0.0921875 0.1390625
3 0.5296875 0.35859375 0.07421875 0.10546875
3 0.546875 0.31484375 0.0734375 0.08515625
3 0.1828125 0.45234375 0.10859375 0.14453125
3 0.109375 0.32890625 0.06171875 0.10234375
3 0.15 0.37109375 0.06015625 0.0859375
4 0.65 0.7359375 0.06796875 0.10859375
4 0.5234375 0.86875 0.06953125 0.09609375
4 0.5203125 0.81796875 0.07734375 0.07578125
4 0.4515625 0.55859375 0.078125 0.121875
4 0.7234375 0.4234375 0.05390625 0.09296875
5 0.65390625 0.5578125 0.0546875 0.07421875