3 0.6515625 0.4328125 0.0703125 0.09921875
3 0.66640625 0.5828125 0.08671875 0.12578125
3 0.66328125 0.6796875 0.08984375 0.1234375
3 0.61484375 0.7828125 0.0859375 0.13125
3 0.565625 0.61484375 0.08671875 0.128125
3 0.603125 0.53515625 0.07421875 0.11328125
3 0.5609375 0.46328125 0.08671875 0.13125
3 0.5765625 0.34453125 0.08984375 0.13203125
3 0.42109375 0.35546875 0.08671875 0.13125
3 0.503125 0.61015625 0.065625 0.11640625
4 0.7 0.35859375 0.06484375 0.1015625
4 0.6109375 0.20625 0.0640625 0.0828125
4 0.59375 0.24765625 0.07578125 0.09453125
4 0.496875 0.46171875 0.06640625 0.11171875