3 0.40546875 0.796875 0.16953125 0.2453125
3 0.18046875 0.58359375 0.18203125 0.26796875
3 0.56171875 0.77890625 0.15 0.21953125
3 0.44375 0.596875 0.16171875 0.253125
3 0.54609375 0.57265625 0.14609375 0.2234375
3 0.66484375 0.571875 0.1625 0.24296875
3 0.70546875 0.44140625 0.159375 0.23125
3 0.5328125 0.40859375 0.178125 0.26953125
3 0.45 0.40859375 0.15390625 0.23828125
3 0.49375 0.340625 0.12578125 0.1984375
3 0.6828125 0.2765625 0.15625 0.240625
4 0.5875 0.9046875 0.128125 0.18984375
4 0.35078125 0.54140625 0.128125 0.2046875