3 0.5484375 0.83125 0.17109375 0.246875
3 0.27734375 0.86953125 0.18359375 0.26015625
3 0.66640625 0.66875 0.1515625 0.22109375
3 0.49453125 0.63359375 0.1625 0.25546875
3 0.56640625 0.51796875 0.146875 0.22578125
3 0.66171875 0.40390625 0.1640625 0.2453125
3 0.6390625 0.2609375 0.16171875 0.2328125
3 0.48671875 0.39765625 0.1796875 0.271875
3 0.41953125 0.47734375 0.1546875 0.240625
3 0.4265625 0.38046875 0.12734375 0.20078125
3 0.5515625 0.14921875 0.15703125 0.24296875
4 0.74140625 0.74765625 0.1296875 0.1984375
4 0.39609375 0.67890625 0.12890625 0.20703125