3 0.653125 0.4109375 0.06796875 0.0953125
3 0.67578125 0.5640625 0.084375 0.121875
3 0.67890625 0.66484375 0.08828125 0.11875
3 0.634375 0.77734375 0.0828125 0.1265625
3 0.57421875 0.61015625 0.084375 0.1234375
3 0.60859375 0.5234375 0.071875 0.109375
3 0.5609375 0.45390625 0.08359375 0.1265625
3 0.56953125 0.33046875 0.08671875 0.12734375
3 0.409375 0.3609375 0.084375 0.12734375
3 0.509375 0.6140625 0.0625 0.1140625
4 0.6984375 0.328125 0.0625 0.0984375
4 0.59765625 0.18203125 0.0625 0.07890625
4 0.5828125 0.22734375 0.07421875 0.08984375
4 0.49453125 0.4609375 0.0640625 0.109375