3 0.31796875 0.5265625 0.1515625 0.228125
3 0.31640625 0.1375 0.15546875 0.23125
3 0.84140625 0.69921875 0.15 0.21796875
3 0.64921875 0.7640625 0.13203125 0.17734375
3 0.63828125 0.57421875 0.1421875 0.20625
3 0.48828125 0.2921875 0.146875 0.22421875
3 0.51796875 0.43671875 0.1328125 0.1953125
3 0.528125 0.20390625 0.1296875 0.1828125
4 0.54140625 0.3453125 0.11875 0.178125
4 0.4484375 0.528125 0.0890625 0.13828125
5 0.40546875 0.48203125 0.1015625 0.1546875
5 0.40234375 0.2359375 0.1265625 0.19140625
5 0.19609375 0.22265625 0.13515625 0.21171875
5 0.2953125 0.0375 0.115625 0.075
5 0.3828125 0.04765625 0.1125 0.0953125
4 0.69765625 0.64140625 0.10703125 0.153125