3 0.33984375 0.41953125 0.12734375 0.19140625
3 0.2796875 0.76953125 0.13046875 0.19296875
3 0.8375 0.4421875 0.128125 0.1796875
3 0.6734375 0.31875 0.11640625 0.140625
3 0.63515625 0.4859375 0.12109375 0.1703125
3 0.4578125 0.68828125 0.121875 0.18984375
3 0.50625 0.56875 0.11328125 0.16171875
3 0.48046875 0.78203125 0.1125 0.14765625
4 0.5140625 0.65859375 0.09921875 0.15
4 0.45703125 0.4625 0.07265625 0.11796875
5 0.4125 0.48984375 0.08515625 0.13046875
5 0.371875 0.71015625 0.10546875 0.16171875
5 0.184375 0.6515625 0.1109375 0.18203125
5 0.23828125 0.8984375 0.09609375 0.1515625
5 0.3203125 0.90546875 0.0953125 0.13828125
4 0.69921875 0.44609375 0.09140625 0.12578125