3 0.4625 0.68828125 0.1046875 0.140625
3 0.4484375 0.525 0.084375 0.11328125
3 0.54765625 0.51953125 0.096875 0.12734375
3 0.61015625 0.5765625 0.09921875 0.1515625
3 0.6765625 0.6 0.08828125 0.12734375
3 0.8140625 0.92109375 0.06171875 0.08046875
3 0.81015625 0.671875 0.0828125 0.11796875
3 0.41171875 0.4171875 0.06796875 0.1125
3 0.37109375 0.35234375 0.075 0.10625
3 0.75546875 0.71484375 0.06953125 0.0703125
3 0.76796875 0.78671875 0.06484375 0.08046875
5 0.4890625 0.275 0.06328125 0.0921875
5 0.796875 0.59765625 0.0703125 0.103125
4 0.36484375 0.4375 0.07421875 0.103125
5 0.31328125 0.39609375 0.071875 0.10234375
5 0.2875 0.49453125 0.06171875 0.10234375
4 0.13203125 0.43515625 0.05625 0.09765625