3 0.46796875 0.66640625 0.11953125 0.175
3 0.496875 0.596875 0.1484375 0.15625
3 0.5234375 0.47734375 0.1375 0.18046875
3 0.60859375 0.45859375 0.12421875 0.23203125
3 0.60078125 0.69921875 0.12890625 0.21484375
3 0.30390625 0.39140625 0.146875 0.246875
3 0.40703125 0.2890625 0.159375 0.21015625
3 0.3484375 0.15546875 0.13984375 0.18203125
4 0.51640625 0.38515625 0.134375 0.1609375
5 0.271875 0.72734375 0.0953125 0.13984375
5 0.5390625 0.88359375 0.10390625 0.09765625
5 0.51640625 0.82578125 0.075 0.13671875
5 0.2765625 0.53046875 0.11484375 0.1390625