3 0.52421875 0.771875 0.121875 0.17578125
3 0.5890625 0.59375 0.11484375 0.171875
3 0.4375 0.42421875 0.1203125 0.17109375
3 0.29609375 0.525 0.13203125 0.2046875
3 0.28671875 0.6796875 0.14453125 0.20078125
3 0.82421875 0.8046875 0.11953125 0.1328125
3 0.58671875 0.696875 0.11484375 0.16484375
4 0.3671875 0.9140625 0.12578125 0.17109375
4 0.45 0.66796875 0.10703125 0.15234375
4 0.2734375 0.78359375 0.08828125 0.10390625
4 0.51953125 0.5703125 0.096875 0.13984375
5 0.24296875 0.6015625 0.0875 0.153125