3 0.23125 0.9234375 0.11171875 0.15234375
3 0.15546875 0.74140625 0.10390625 0.21953125
3 0.440625 0.83828125 0.15703125 0.23515625
3 0.309375 0.73671875 0.16640625 0.2453125
3 0.35625 0.5984375 0.15390625 0.225
3 0.38125 0.66953125 0.1296875 0.17265625
3 0.4328125 0.50390625 0.115625 0.17578125
3 0.49375 0.3546875 0.15390625 0.2234375
3 0.5828125 0.25625 0.1625 0.23359375
3 0.4828125 0.6140625 0.15 0.2390625
3 0.54921875 0.509375 0.1421875 0.21015625
3 0.515625 0.57578125 0.10390625 0.1625
3 0.68203125 0.6265625 0.11796875 0.16484375
3 0.76875 0.59921875 0.15390625 0.23125
3 0.6796875 0.5296875 0.146875 0.21015625
3 0.61875 0.4625 0.140625 0.21484375
3 0.7140625 0.42734375 0.16875 0.24140625
3 0.70625 0.23046875 0.1453125 0.2265625
3 0.78828125 0.2046875 0.15234375 0.228125
4 0.384375 0.43671875 0.12734375 0.1890625
4 0.39375 0.34140625 0.13671875 0.2