3 0.8015625 0.55546875 0.1484375 0.22890625
3 0.7234375 0.5 0.15703125 0.234375
3 0.75390625 0.3765625 0.16484375 0.24296875
3 0.6625 0.38125 0.1671875 0.24296875
3 0.57265625 0.3390625 0.16328125 0.25
3 0.6140625 0.1734375 0.16484375 0.2421875
3 0.4078125 0.36875 0.14609375 0.22265625
3 0.3421875 0.2703125 0.16171875 0.23828125
3 0.3109375 0.08984375 0.146875 0.1796875
5 0.20625 0.2734375 0.13046875 0.1828125
5 0.225 0.17890625 0.1171875 0.171875
5 0.271875 0.0765625 0.13671875 0.15234375
5 0.3125 0.0078125 0.1125 0.01484375
5 0.22421875 0.0109375 0.125 0.02109375