3 0.265625 0.74921875 0.12265625 0.1953125
3 0.34453125 0.71484375 0.13203125 0.196875
3 0.375 0.83125 0.13984375 0.203125
3 0.43828125 0.7421875 0.14375 0.20078125
3 0.52109375 0.6875 0.13515625 0.21328125
3 0.5609375 0.8453125 0.140625 0.2015625
3 0.62578125 0.5109375 0.121875 0.1890625
3 0.7140625 0.51953125 0.1375 0.1984375
3 0.821875 0.6375 0.121875 0.1953125
5 0.8109375 0.3890625 0.1140625 0.14765625
5 0.8375 0.47421875 0.09921875 0.14375
5 0.86015625 0.61484375 0.11171875 0.18828125
5 0.8796875 0.73515625 0.09375 0.14609375
5 0.94453125 0.65625 0.10390625 0.165625