3 0.76953125 0.52890625 0.12890625 0.2
3 0.6984375 0.48515625 0.13671875 0.20390625
3 0.72109375 0.37421875 0.14375 0.21171875
3 0.640625 0.384375 0.146875 0.2109375
3 0.559375 0.353125 0.1421875 0.21875
3 0.59140625 0.203125 0.14453125 0.2109375
3 0.41484375 0.390625 0.12734375 0.19453125
3 0.35390625 0.3078125 0.14140625 0.2078125
3 0.3203125 0.12890625 0.128125 0.19921875
5 0.2328125 0.31953125 0.11484375 0.1578125
5 0.24609375 0.23515625 0.10234375 0.15
5 0.28359375 0.1125 0.11875 0.190625
5 0.31640625 0.04140625 0.0984375 0.0828125
5 0.23828125 0.046875 0.109375 0.09375