3 0.71875 0.58359375 0.09453125 0.13203125
3 0.73359375 0.56953125 0.1046875 0.17578125
3 0.6828125 0.46796875 0.1171875 0.15390625
3 0.590625 0.63046875 0.096875 0.14921875
3 0.53203125 0.553125 0.09375 0.13359375
3 0.621875 0.684375 0.06953125 0.07890625
3 0.525 0.6125 0.078125 0.0953125
3 0.51875 0.47265625 0.07421875 0.1140625
3 0.45390625 0.70390625 0.09921875 0.128125
3 0.43984375 0.60625 0.0953125 0.128125
3 0.45546875 0.5640625 0.090625 0.11796875
3 0.359375 0.6015625 0.08984375 0.146875
3 0.384375 0.453125 0.0828125 0.1015625
3 0.39609375 0.38125 0.0859375 0.12734375
3 0.46015625 0.35703125 0.0890625 0.1234375
3 0.49453125 0.259375 0.08359375 0.134375
3 0.4234375 0.27109375 0.10546875 0.13515625
3 0.34609375 0.35703125 0.07578125 0.14765625
3 0.28203125 0.31875 0.08671875 0.1234375
3 0.153125 0.36015625 0.10625 0.1515625
3 0.28046875 0.15625 0.075 0.1015625
5 0.6609375 0.6265625 0.0703125 0.090625
4 0.22734375 0.40234375 0.0765625 0.1046875
4 0.3265625 0.1890625 0.0765625 0.09765625
5 0.21953125 0.17578125 0.06875 0.0953125
5 0.1859375 0.25078125 0.06015625 0.09609375
4 0.634375 0.82265625 0.07734375 0.09453125