3 0.73515625 0.30859375 0.1390625 0.2078125
3 0.7515625 0.31640625 0.15625 0.246875
3 0.71640625 0.4640625 0.15625 0.22734375
3 0.57734375 0.321875 0.13828125 0.21640625
3 0.59765625 0.24921875 0.0953125 0.11796875
3 0.52734375 0.43671875 0.1296875 0.19140625
3 0.5015625 0.37109375 0.1015625 0.13671875
3 0.5265625 0.5453125 0.11484375 0.1671875
3 0.40546875 0.31328125 0.1390625 0.19296875
3 0.41484375 0.425 0.1421875 0.2015625
3 0.43359375 0.4765625 0.1234375 0.15859375
3 0.32578125 0.47109375 0.1390625 0.21171875
3 0.38515625 0.6171875 0.1234375 0.1546875
3 0.4921875 0.68984375 0.128125 0.1828125
3 0.4125 0.70078125 0.11875 0.17265625
3 0.36953125 0.7453125 0.13046875 0.20859375
3 0.471875 0.80390625 0.1484375 0.2046875
3 0.54921875 0.784375 0.1265625 0.19375
3 0.29609375 0.821875 0.1203125 0.1828125
3 0.14765625 0.8453125 0.15390625 0.2203125
3 0.34296875 0.9671875 0.11640625 0.06484375
5 0.6546875 0.2921875 0.09140625 0.1328125
5 0.6265625 0.38125 0.08984375 0.1171875
5 0.20859375 0.94375 0.090625 0.11171875
5 0.26640625 0.97421875 0.10625 0.04921875
4 0.22109375 0.75390625 0.11328125 0.1640625
4 0.3765625 0.9421875 0.0984375 0.11484375
4 0.578125 0.09375 0.09765625 0.13984375
5 0.628125 0.16875 0.103125 0.13671875