3 0.1859375 0.178125 0.1171875 0.1796875
3 0.259375 0.1203125 0.125 0.16796875
3 0.23984375 0.23203125 0.14453125 0.21328125
3 0.159375 0.30078125 0.11171875 0.17421875
3 0.2953125 0.321875 0.11796875 0.1828125
3 0.45625 0.37890625 0.153125 0.221875
3 0.27265625 0.5375 0.13203125 0.196875
3 0.34453125 0.665625 0.11171875 0.15625
3 0.31328125 0.69453125 0.1296875 0.17109375
3 0.4234375 0.75703125 0.1203125 0.16953125
3 0.35234375 0.80859375 0.128125 0.153125
3 0.42109375 0.85546875 0.08515625 0.10703125
3 0.52421875 0.89296875 0.0734375 0.09453125
4 0.37265625 0.265625 0.10859375 0.14921875
4 0.55 0.3890625 0.10625 0.16328125
4 0.22890625 0.44453125 0.1046875 0.15234375
4 0.478125 0.8890625 0.0859375 0.09375
5 0.31328125 0.0703125 0.07890625 0.12734375
5 0.45390625 0.2765625 0.09453125 0.1109375
5 0.525 0.303125 0.07578125 0.115625
5 0.534375 0.809375 0.09296875 0.140625
5 0.4078125 0.49921875 0.08359375 0.14140625
5 0.36171875 0.546875 0.1046875 0.15078125