3 0.78515625 0.1328125 0.121875 0.18515625
3 0.71015625 0.0890625 0.12734375 0.17578125
3 0.73671875 0.19453125 0.14921875 0.22109375
3 0.82109375 0.24765625 0.11640625 0.1796875
3 0.68984375 0.29140625 0.12265625 0.18828125
3 0.5375 0.375 0.1578125 0.23125
3 0.728125 0.496875 0.13671875 0.20390625
3 0.66796875 0.63515625 0.11484375 0.16328125
3 0.70078125 0.65703125 0.13203125 0.18046875
3 0.5984375 0.73671875 0.1234375 0.1765625
3 0.671875 0.775 0.12890625 0.16328125
3 0.6078125 0.8328125 0.08671875 0.11328125
3 0.51015625 0.88671875 0.075 0.1
4 0.61015625 0.25 0.1109375 0.15625
4 0.446875 0.40078125 0.11015625 0.16875
4 0.7640625 0.39921875 0.1078125 0.15859375
4 0.55546875 0.875 0.0859375 0.1015625
5 0.65390625 0.05703125 0.0828125 0.1140625
5 0.53203125 0.27421875 0.0953125 0.11953125
5 0.46484375 0.3125 0.078125 0.11953125
5 0.49453125 0.80625 0.096875 0.1453125
5 0.59375 0.4828125 0.08828125 0.14453125
5 0.64296875 0.521875 0.1078125 0.15703125