3 0.20546875 0.39453125 0.09140625 0.11640625
3 0.21953125 0.29765625 0.096875 0.13125
3 0.1625 0.17265625 0.071875 0.11875
3 0.178125 0.07578125 0.0703125 0.10859375
3 0.22109375 0.184375 0.08046875 0.10703125
3 0.45390625 0.34140625 0.08125 0.11484375
3 0.4703125 0.43515625 0.07734375 0.103125
3 0.4640625 0.50546875 0.0671875 0.09765625
3 0.51484375 0.49453125 0.08984375 0.13125
3 0.4984375 0.39453125 0.09296875 0.121875
3 0.68046875 0.45 0.078125 0.10625
3 0.70078125 0.396875 0.0734375 0.07734375
3 0.67265625 0.19375 0.075 0.103125
3 0.85078125 0.29453125 0.06015625 0.08125
3 0.81875 0.78046875 0.07421875 0.10625
5 0.2625 0.79296875 0.0734375 0.090625
5 0.62421875 0.3078125 0.0578125 0.08828125