3 0.8140625 0.50234375 0.08203125 0.09296875
3 0.815625 0.60390625 0.08515625 0.10859375
3 0.8921875 0.70703125 0.059375 0.1046875
3 0.8921875 0.80859375 0.06015625 0.09296875
3 0.83203125 0.7171875 0.07109375 0.0875
3 0.5765625 0.64609375 0.0703125 0.09609375
3 0.54453125 0.559375 0.06796875 0.084375
3 0.53984375 0.4875 0.0578125 0.08203125
3 0.49140625 0.51640625 0.07734375 0.1109375
3 0.52421875 0.61015625 0.08203125 0.09921875
3 0.334375 0.62109375 0.06875 0.0875
3 0.3234375 0.68125 0.06875 0.05625
3 0.38359375 0.871875 0.065625 0.08515625
3 0.190625 0.8375 0.05234375 0.0671875
3 0.14453125 0.34453125 0.0640625 0.0890625
5 0.69296875 0.12890625 0.06640625 0.07109375
5 0.4125 0.74140625 0.04921875 0.07578125