3 0.69609375 0.37734375 0.0921875 0.14453125
3 0.6203125 0.41328125 0.1 0.165625
3 0.834375 0.275 0.10078125 0.14140625
3 0.8296875 0.034375 0.0796875 0.06875
3 0.77109375 0.2421875 0.08046875 0.090625
3 0.54765625 0.484375 0.115625 0.1640625
3 0.44296875 0.484375 0.0984375 0.14921875
3 0.44921875 0.309375 0.11328125 0.16171875
3 0.36171875 0.67890625 0.06953125 0.10078125
3 0.4125 0.61328125 0.08671875 0.13515625
3 0.921875 0.6296875 0.09453125 0.12109375
5 0.496875 0.7609375 0.065625 0.09921875
5 0.825 0.36953125 0.075 0.11640625
5 0.2984375 0.64375 0.071875 0.1109375
5 0.2609375 0.53984375 0.06953125 0.10859375
4 0.3453125 0.5859375 0.078125 0.1203125
4 0.08984375 0.61484375 0.071875 0.11015625