3 0.71875 0.44609375 0.11171875 0.17109375
3 0.6390625 0.4796875 0.12265625 0.19375
3 0.878125 0.41640625 0.11875 0.171875
3 0.96328125 0.64609375 0.0734375 0.1328125
3 0.83515625 0.4984375 0.08984375 0.11640625
3 0.54921875 0.48125 0.13671875 0.19921875
3 0.45859375 0.57109375 0.11796875 0.178125
3 0.53046875 0.71640625 0.13359375 0.19609375
3 0.31328125 0.471875 0.0828125 0.121875
3 0.3828125 0.48515625 0.1046875 0.16015625
3 0.8171875 0.05390625 0.109375 0.1078125
5 0.39921875 0.284375 0.078125 0.11796875
5 0.8328125 0.3421875 0.090625 0.13828125
5 0.27265625 0.55703125 0.08671875 0.13203125
5 0.27890625 0.6796875 0.08359375 0.12890625
4 0.33515625 0.565625 0.09375 0.1421875
4 0.10234375 0.7609375 0.08671875 0.13125