3 0.51953125 0.23359375 0.1375 0.20625
3 0.58359375 0.16640625 0.115625 0.15234375
3 0.528125 0.11484375 0.06875 0.0984375
3 0.81796875 0.31171875 0.103125 0.1265625
3 0.83515625 0.39453125 0.1328125 0.19375
3 0.7375 0.5390625 0.11796875 0.17265625
3 0.4578125 0.46328125 0.125 0.19375
3 0.53828125 0.5453125 0.11484375 0.16796875
3 0.309375 0.57890625 0.115625 0.17109375
3 0.409375 0.68984375 0.11484375 0.1671875
3 0.1609375 0.49921875 0.10078125 0.15
3 0.140625 0.60703125 0.09453125 0.134375
3 0.23828125 0.675 0.11328125 0.153125
3 0.19453125 0.7078125 0.10546875 0.11875
4 0.403125 0.5703125 0.11953125 0.1765625
4 0.521875 0.47109375 0.1296875 0.1828125
4 0.565625 0.33125 0.12265625 0.18828125
5 0.28671875 0.3984375 0.09921875 0.13828125
5 0.2890625 0.48671875 0.1015625 0.1515625
5 0.315625 0.6890625 0.1 0.140625
5 0.68203125 0.33125 0.1 0.15546875
5 0.74453125 0.40625 0.11171875 0.16015625
5 0.678125 0.45078125 0.09140625 0.1421875