3 0.2984375 0.39609375 0.0875 0.11953125
3 0.43984375 0.309375 0.0796875 0.1140625
3 0.515625 0.35078125 0.06953125 0.096875
3 0.51328125 0.4375 0.08046875 0.10625
3 0.48984375 0.48515625 0.06953125 0.0796875
3 0.55390625 0.51328125 0.0703125 0.10390625
3 0.6125 0.45078125 0.06640625 0.0875
3 0.684375 0.565625 0.0796875 0.10625
3 0.81484375 0.65234375 0.06328125 0.09609375
3 0.86484375 0.88359375 0.0703125 0.1
3 0.29140625 0.88203125 0.06171875 0.0453125
5 0.2453125 0.31015625 0.0515625 0.075
5 0.509375 0.2140625 0.05703125 0.07734375
5 0.59765625 0.51484375 0.05 0.09453125
5 0.62265625 0.5953125 0.05703125 0.08203125
5 0.678125 0.41328125 0.04375 0.0796875
5 0.8296875 0.4765625 0.0609375 0.0859375
5 0.5953125 0.3015625 0.0296875 0.06796875
4 0.55390625 0.29140625 0.0640625 0.09765625
4 0.80390625 0.8875 0.0578125 0.0859375