3 0.29140625 0.64921875 0.10078125 0.140625
3 0.44921875 0.72109375 0.09296875 0.13359375
3 0.52734375 0.66484375 0.08046875 0.11328125
3 0.51875 0.57265625 0.09296875 0.12578125
3 0.490625 0.525 0.0796875 0.0953125
3 0.55625 0.484375 0.08203125 0.121875
3 0.6234375 0.54296875 0.0765625 0.10390625
3 0.69375 0.409375 0.0921875 0.12578125
3 0.82734375 0.296875 0.0734375 0.11171875
3 0.86484375 0.05 0.08203125 0.09921875
3 0.25078125 0.1296875 0.06875 0.0578125
5 0.23984375 0.74921875 0.06015625 0.08828125
5 0.52890625 0.8125 0.065625 0.090625
5 0.60390625 0.4765625 0.059375 0.10859375
5 0.625 0.38671875 0.06640625 0.09609375
5 0.696875 0.5734375 0.05234375 0.09140625
5 0.85546875 0.48203125 0.07109375 0.10078125
5 0.615625 0.70546875 0.03671875 0.07734375
4 0.57265625 0.721875 0.075 0.1140625
4 0.7984375 0.04765625 0.06875 0.0953125