3 0.1234375 0.47265625 0.121875 0.17265625
3 0.025 0.6421875 0.05 0.1546875
3 0.05546875 0.75078125 0.08125 0.13359375
3 0.24375 0.671875 0.1078125 0.16640625
3 0.32421875 0.58828125 0.103125 0.17890625
3 0.38203125 0.62109375 0.0859375 0.16875
3 0.32578125 0.446875 0.0953125 0.109375
3 0.6625 0.27734375 0.09375 0.13359375
3 0.5515625 0.34296875 0.09375 0.13203125
3 0.63671875 0.18828125 0.109375 0.10625
3 0.734375 0.42578125 0.09609375 0.15078125
5 0.09453125 0.6859375 0.08828125 0.13515625
5 0.1125 0.8375 0.0890625 0.140625
5 0.0546875 0.8875 0.0859375 0.11484375
5 0.18671875 0.85859375 0.08984375 0.14375
5 0.25390625 0.78359375 0.10078125 0.1015625
5 0.16328125 0.61953125 0.0828125 0.10390625
5 0.3484375 0.53828125 0.07578125 0.1015625
5 0.5796875 0.45546875 0.08671875 0.10390625
4 0.675 0.4109375 0.0859375 0.13359375
4 0.87578125 0.31484375 0.09296875 0.1421875