3 0.32578125 0.396875 0.0265625 0.0359375
3 0.32421875 0.49765625 0.02109375 0.03515625
3 0.3703125 0.4140625 0.0296875 0.028125
3 0.4234375 0.40390625 0.02109375 0.02578125
3 0.41640625 0.428125 0.01875 0.03046875
3 0.43671875 0.4171875 0.02109375 0.0359375
3 0.4546875 0.4703125 0.0203125 0.03046875
3 0.47734375 0.4796875 0.0171875 0.0234375
3 0.48359375 0.5015625 0.01328125 0.01875
3 0.48828125 0.52421875 0.01484375 0.02109375
3 0.3859375 0.51171875 0.0203125 0.0234375
3 0.37109375 0.5140625 0.0203125 0.02578125
3 0.5125 0.3765625 0.02421875 0.03984375
3 0.31953125 0.1390625 0.028125 0.04296875
3 0.3421875 0.1578125 0.02734375 0.04453125
3 0.35625 0.1703125 0.028125 0.046875
3 0.78515625 0.53671875 0.02265625 0.0328125
3 0.8109375 0.534375 0.02421875 0.034375
3 0.79453125 0.5625 0.02265625 0.03046875
3 0.84921875 0.5671875 0.021875 0.02734375
3 0.7671875 0.4609375 0.0265625 0.0328125
3 0.703125 0.6390625 0.0203125 0.02734375
3 0.75234375 0.61953125 0.01875 0.0265625
5 0.2484375 0.1125 0.02421875 0.03359375
5 0.2703125 0.121875 0.021875 0.03046875
5 0.29140625 0.09609375 0.02109375 0.0296875
5 0.30234375 0.1578125 0.01953125 0.0265625
5 0.3125 0.2078125 0.01953125 0.03046875
5 0.3359375 0.196875 0.02109375 0.03046875
5 0.31875 0.1734375 0.01875 0.02734375