3 0.16875 0.4484375 0.09140625 0.12734375
3 0.45625 0.60390625 0.08671875 0.11640625
3 0.39765625 0.4015625 0.0765625 0.10703125
3 0.659375 0.7390625 0.1046875 0.14765625
4 0.25390625 0.5921875 0.078125 0.11875
5 0.20390625 0.29375 0.0515625 0.07109375
5 0.2671875 0.34140625 0.040625 0.05859375
5 0.44140625 0.284375 0.05546875 0.0890625
5 0.34765625 0.51875 0.05390625 0.08515625
5 0.68046875 0.57578125 0.07421875 0.10625
5 0.6984375 0.659375 0.0578125 0.08359375
5 0.7578125 0.5953125 0.06484375 0.10390625