3 0.178125 0.11484375 0.178125 0.22890625
3 0.23984375 0.38828125 0.171875 0.22109375
3 0.5640625 0.7125 0.20234375 0.26484375
3 0.80234375 0.4171875 0.17109375 0.24375
3 0.97265625 0.3390625 0.05390625 0.209375
3 0.96875 0.5203125 0.06171875 0.18359375
4 0.49140625 0.49296875 0.15546875 0.23828125
4 0.66953125 0.54609375 0.14453125 0.23671875
5 0.6265625 0.29453125 0.1046875 0.16484375
5 0.9453125 0.171875 0.109375 0.2109375
5 0.56328125 0.271875 0.096875 0.2015625
5 0.37421875 0.25546875 0.121875 0.19921875
5 0.3625 0.44765625 0.12890625 0.20390625
5 0.23359375 0.2875 0.10234375 0.16015625