3 0.15703125 0.34765625 0.03515625 0.04921875
3 0.1234375 0.54453125 0.03671875 0.05546875
3 0.1171875 0.59609375 0.0515625 0.05
3 0.11171875 0.7421875 0.05859375 0.07734375
3 0.26484375 0.90703125 0.05703125 0.0734375
3 0.453125 0.31640625 0.0390625 0.05390625
3 0.47890625 0.2796875 0.02265625 0.04296875
3 0.79765625 0.51328125 0.05 0.06640625
3 0.8171875 0.54375 0.0421875 0.0578125
3 0.796875 0.625 0.04296875 0.05625
3 0.78359375 0.76484375 0.040625 0.05625
3 0.78515625 0.80859375 0.03515625 0.0390625
5 0.19765625 0.27578125 0.0328125 0.05390625
5 0.19609375 0.36171875 0.0359375 0.046875
5 0.0734375 0.48359375 0.03515625 0.05234375
5 0.16015625 0.703125 0.03046875 0.040625
4 0.1984375 0.87109375 0.0421875 0.06015625
5 0.73125 0.4125 0.04375 0.06484375
5 0.7484375 0.5796875 0.0390625 0.0609375
5 0.775 0.58125 0.0296875 0.0515625
5 0.80859375 0.5890625 0.040625 0.06015625
5 0.75234375 0.62109375 0.040625 0.04140625
4 0.98671875 0.69453125 0.025 0.0609375
5 0.93046875 0.66328125 0.0375 0.0625