3 0.296875 0.26875 0.0671875 0.08671875
3 0.2953125 0.3421875 0.0734375 0.0796875
3 0.196875 0.421875 0.0609375 0.06640625
3 0.546875 0.38828125 0.06015625 0.103125
3 0.63203125 0.40078125 0.07265625 0.11015625
3 0.759375 0.325 0.08359375 0.11796875
3 0.759375 0.43046875 0.084375 0.10625
3 0.7625 0.53203125 0.075 0.1125
4 0.24609375 0.2640625 0.0484375 0.08671875
5 0.3328125 0.38203125 0.0640625 0.078125
5 0.596875 0.3890625 0.0515625 0.09921875
5 0.70859375 0.24296875 0.053125 0.06953125
5 0.66796875 0.28515625 0.0359375 0.0671875
5 0.70078125 0.31875 0.04765625 0.07109375
5 0.66953125 0.421875 0.0484375 0.0734375
5 0.81328125 0.5328125 0.0453125 0.0640625
5 0.871875 0.48515625 0.04375 0.0734375