3 0.428125 0.78046875 0.1421875 0.21796875
3 0.55703125 0.728125 0.146875 0.215625
3 0.55625 0.88828125 0.11953125 0.15234375
3 0.66015625 0.87109375 0.12265625 0.19609375
3 0.940625 0.91015625 0.11796875 0.16328125
3 0.62265625 0.1859375 0.14453125 0.19453125
3 0.57578125 0.33984375 0.14140625 0.228125
3 0.74921875 0.2546875 0.13125 0.21796875
3 0.875 0.14609375 0.10625 0.11875
5 0.37109375 0.18125 0.11171875 0.17890625
5 0.13984375 0.41796875 0.1 0.159375
5 0.184375 0.1796875 0.13046875 0.21171875
5 0.35390625 0.74609375 0.07734375 0.1546875
4 0.2046875 0.69765625 0.12734375 0.19765625
4 0.3015625 0.84609375 0.1484375 0.1875