3 0.41328125 0.3625 0.04296875 0.0578125
3 0.1265625 0.734375 0.02421875 0.0328125
3 0.16171875 0.7484375 0.0171875 0.02734375
3 0.196875 0.74375 0.01953125 0.02734375
3 0.1625 0.86875 0.0203125 0.034375
3 0.140625 0.8765625 0.02734375 0.03046875
3 0.1796875 0.95 0.01796875 0.03046875
3 0.2171875 0.96328125 0.025 0.0296875
3 0.24453125 0.96875 0.02265625 0.028125
3 0.3328125 0.5359375 0.03671875 0.040625
3 0.3625 0.565625 0.025 0.03515625
3 0.465625 0.66171875 0.01953125 0.03203125
3 0.45 0.6265625 0.0203125 0.03828125
3 0.60390625 0.9046875 0.05 0.04140625
3 0.70859375 0.9765625 0.034375 0.02734375