3 0.23203125 0.0890625 0.071875 0.10625
3 0.3375 0.296875 0.06484375 0.08515625
3 0.390625 0.3234375 0.07109375 0.10703125
3 0.32734375 0.553125 0.0703125 0.09140625
3 0.2671875 0.6890625 0.08203125 0.12578125
3 0.20703125 0.7015625 0.06328125 0.09765625
3 0.59296875 0.6203125 0.0625 0.08515625
3 0.64921875 0.6265625 0.06640625 0.09453125
3 0.66171875 0.5515625 0.05703125 0.08671875
5 0.296875 0.3625 0.0453125 0.0625
5 0.30234375 0.32421875 0.03828125 0.03359375
5 0.29375 0.46875 0.05 0.07265625
5 0.203125 0.54609375 0.05078125 0.06796875
5 0.32890625 0.4109375 0.04296875 0.05234375
5 0.36875 0.4078125 0.03671875 0.0578125
5 0.7578125 0.62109375 0.04296875 0.0734375
5 0.81640625 0.74296875 0.0484375 0.071875
5 0.80703125 0.80625 0.03984375 0.046875
5 0.7109375 0.49296875 0.05078125 0.0640625
5 0.709375 0.38203125 0.04453125 0.0671875