3 0.29453125 0.3171875 0.0421875 0.05859375
3 0.29375 0.3703125 0.04453125 0.0546875
3 0.62265625 0.48046875 0.04296875 0.0734375
3 0.65625 0.50703125 0.0296875 0.0546875
3 0.69375 0.515625 0.04296875 0.0640625
3 0.83515625 0.24765625 0.04375 0.06171875
3 0.5484375 0.934375 0.0359375 0.05234375
3 0.58515625 0.9203125 0.028125 0.046875
3 0.30234375 0.82265625 0.03359375 0.0515625
4 0.303125 0.7578125 0.03203125 0.04765625
4 0.33671875 0.74765625 0.0265625 0.03984375
4 0.32890625 0.8375 0.02109375 0.046875
4 0.21484375 0.2546875 0.0359375 0.06015625
5 0.2421875 0.16953125 0.034375 0.0375
5 0.23984375 0.20859375 0.03515625 0.03984375
5 0.19296875 0.29296875 0.0421875 0.04375
5 0.7 0.4625 0.03125 0.04375
5 0.834375 0.696875 0.0375 0.05
5 0.79453125 0.6453125 0.0234375 0.03359375
5 0.82109375 0.64453125 0.03125 0.0421875
5 0.78125 0.65859375 0.0171875 0.02890625
5 0.76640625 0.64921875 0.0234375 0.03671875
5 0.759375 0.6859375 0.02734375 0.04453125
5 0.7921875 0.69375 0.0203125 0.021875
5 0.77734375 0.721875 0.02421875 0.03359375
5 0.80390625 0.71015625 0.0234375 0.03046875
5 0.80546875 0.6734375 0.01875 0.03828125