3 0.33203125 0.41328125 0.0625 0.08359375
3 0.39765625 0.503125 0.0640625 0.08671875
3 0.4765625 0.5328125 0.0671875 0.0953125
3 0.42265625 0.7109375 0.07265625 0.09765625
3 0.403125 0.26171875 0.04921875 0.07734375
3 0.3421875 0.10546875 0.0546875 0.08359375
3 0.5578125 0.046875 0.06171875 0.0875
3 0.9296875 0.52890625 0.08671875 0.11875
3 0.9 0.31640625 0.07421875 0.096875
3 0.69296875 0.246875 0.0546875 0.0640625
3 0.64375 0.13671875 0.04453125 0.059375
3 0.6890625 0.121875 0.05078125 0.0671875
5 0.4234375 0.6109375 0.053125 0.07265625
5 0.46640625 0.584375 0.0453125 0.0609375
5 0.46796875 0.63046875 0.0453125 0.03984375
5 0.44921875 0.48984375 0.0375 0.05625
5 0.47734375 0.4671875 0.0421875 0.05
5 0.365625 0.41328125 0.04296875 0.059375
5 0.3671875 0.3296875 0.0390625 0.04765625
5 0.3484375 0.246875 0.0359375 0.053125
5 0.446875 0.2671875 0.04765625 0.06953125
5 0.490625 0.19140625 0.040625 0.06328125
5 0.371875 0.17421875 0.034375 0.059375
5 0.28203125 0.10703125 0.03046875 0.046875
5 0.3140625 0.08671875 0.03671875 0.05078125
5 0.30703125 0.14609375 0.03671875 0.05703125
5 0.2859375 0.16171875 0.03359375 0.0578125
5 0.6125 0.2390625 0.03671875 0.06171875
5 0.6484375 0.2640625 0.03046875 0.04375
5 0.59375 0.0859375 0.03515625 0.05703125