3 0.01640625 0.49765625 0.03203125 0.0921875
3 0.0265625 0.54140625 0.053125 0.0984375
3 0.10078125 0.4875 0.06015625 0.0875
3 0.29765625 0.0984375 0.06640625 0.09296875
3 0.346875 0.0546875 0.05 0.090625
3 0.3828125 0.09921875 0.04375 0.08203125
3 0.58515625 0.23046875 0.053125 0.07578125
3 0.24609375 0.7359375 0.06328125 0.08828125
3 0.440625 0.68125 0.04140625 0.06328125
3 0.5984375 0.64296875 0.04765625 0.084375
3 0.6484375 0.64140625 0.04921875 0.07890625
5 0.1234375 0.3578125 0.046875 0.07109375
5 0.21015625 0.57734375 0.040625 0.04921875
5 0.21640625 0.6296875 0.0421875 0.0609375
5 0.26171875 0.61484375 0.0453125 0.0734375
5 0.3265625 0.5984375 0.0390625 0.05625
5 0.3421875 0.66796875 0.04609375 0.0703125
5 0.32265625 0.72890625 0.03671875 0.0609375
5 0.3921875 0.7203125 0.03828125 0.05625
5 0.41640625 0.696875 0.034375 0.05546875
5 0.275 0.7828125 0.0484375 0.06171875
5 0.678125 0.5203125 0.0453125 0.078125
5 0.54375 0.5515625 0.040625 0.065625
5 0.58125 0.5359375 0.03515625 0.04765625
5 0.58515625 0.58046875 0.04140625 0.04375
5 0.62109375 0.5546875 0.04140625 0.05703125