3 0.47421875 0.4765625 0.1171875 0.17421875
3 0.53125 0.26796875 0.11015625 0.153125
3 0.56015625 0.43671875 0.11328125 0.171875
3 0.6640625 0.39453125 0.12578125 0.17265625
3 0.46171875 0.6875 0.11796875 0.14921875
3 0.51796875 0.81171875 0.10078125 0.190625
3 0.61953125 0.88203125 0.13359375 0.17890625
5 0.3515625 0.2453125 0.08203125 0.134375
5 0.38203125 0.340625 0.0921875 0.13515625
5 0.44765625 0.23125 0.0859375 0.12734375
5 0.22265625 0.6265625 0.0859375 0.13984375
5 0.359375 0.78125 0.09921875 0.1375
5 0.58125 0.6671875 0.08203125 0.11015625
5 0.54296875 0.7703125 0.08359375 0.121875
5 0.6125 0.7875 0.0703125 0.0921875
5 0.6546875 0.53671875 0.0765625 0.084375