3 0.32890625 0.32578125 0.065625 0.10390625
3 0.39296875 0.3421875 0.084375 0.12109375
3 0.4734375 0.409375 0.06796875 0.08046875
3 0.43828125 0.6140625 0.0703125 0.11484375
3 0.571875 0.64375 0.0640625 0.096875
5 0.27421875 0.30546875 0.05390625 0.07578125
5 0.30859375 0.371875 0.046875 0.06640625
5 0.51328125 0.3390625 0.04375 0.05703125
5 0.26171875 0.03984375 0.0453125 0.05625
5 0.2796875 0.0828125 0.0359375 0.053125
5 0.33359375 0.10546875 0.0609375 0.0859375
5 0.3125 0.03359375 0.05703125 0.06640625
5 0.353125 0.03125 0.0546875 0.0625
5 0.4 0.03125 0.05 0.059375
5 0.41640625 0.15390625 0.04921875 0.06796875
5 0.35859375 0.23984375 0.03046875 0.046875
5 0.42265625 0.23984375 0.03671875 0.06171875
5 0.54140625 0.4109375 0.0546875 0.0765625
5 0.496875 0.465625 0.04765625 0.071875
5 0.47109375 0.52109375 0.0453125 0.05546875
5 0.4328125 0.80390625 0.04921875 0.0828125
5 0.56796875 0.821875 0.0453125 0.0734375
5 0.61640625 0.83984375 0.05625 0.08984375
5 0.640625 0.9109375 0.05390625 0.084375
5 0.565625 0.95625 0.04296875 0.03515625
4 0.5703125 0.7515625 0.06640625 0.090625