3 0.28046875 0.68359375 0.11484375 0.171875
3 0.19609375 0.675 0.0921875 0.171875
3 0.24140625 0.54375 0.0953125 0.12265625
3 0.54609375 0.42734375 0.115625 0.19296875
3 0.6171875 0.27890625 0.090625 0.14375
3 0.71796875 0.28984375 0.09140625 0.146875
3 0.81953125 0.328125 0.10703125 0.1734375
3 0.8421875 0.4875 0.090625 0.14921875
3 0.61796875 0.5140625 0.090625 0.17109375
5 0.3359375 0.74375 0.08125 0.11328125
5 0.19140625 0.7984375 0.0921875 0.1375
5 0.74140625 0.35546875 0.053125 0.09921875
5 0.45546875 0.05859375 0.07421875 0.11328125
5 0.5265625 0.06484375 0.08125 0.10546875
5 0.95078125 0.2734375 0.0734375 0.11015625