3 0.4921875 0.83828125 0.0640625 0.0875
3 0.521875 0.78515625 0.0609375 0.07734375
3 0.5828125 0.71640625 0.05703125 0.08515625
3 0.4609375 0.6390625 0.0546875 0.08203125
3 0.49765625 0.6796875 0.05390625 0.078125
3 0.51015625 0.603125 0.05390625 0.06484375
3 0.44453125 0.57890625 0.05859375 0.06484375
3 0.43203125 0.5203125 0.05234375 0.05703125
3 0.50546875 0.3953125 0.0625 0.08671875
3 0.4203125 0.39296875 0.05078125 0.06796875
3 0.34921875 0.4140625 0.05859375 0.071875
3 0.31171875 0.4203125 0.03359375 0.084375
3 0.31796875 0.34453125 0.04375 0.07890625
3 0.3546875 0.33515625 0.04921875 0.0625
3 0.3875 0.359375 0.04765625 0.053125
3 0.39921875 0.3109375 0.0484375 0.0625
3 0.3859375 0.1921875 0.0640625 0.09609375
3 0.35859375 0.12265625 0.0484375 0.075
3 0.31328125 0.159375 0.05234375 0.06796875
3 0.33046875 0.203125 0.05546875 0.06875
3 0.28046875 0.19296875 0.04375 0.06953125
3 0.25078125 0.13515625 0.05859375 0.07890625
3 0.19921875 0.1546875 0.0484375 0.06796875
3 0.221875 0.240625 0.06171875 0.078125
4 0.28203125 0.0328125 0.0453125 0.0625
4 0.31171875 0.0703125 0.040625 0.05859375
4 0.45 0.35390625 0.05234375 0.07109375
4 0.55859375 0.4 0.05078125 0.0703125
4 0.396875 0.48125 0.05 0.06640625
4 0.54296875 0.684375 0.0484375 0.07734375
5 0.575 0.6265625 0.04375 0.07265625
5 0.57734375 0.721875 0.0390625 0.05390625
5 0.5296875 0.73203125 0.04140625 0.06015625
5 0.4265625 0.61796875 0.02734375 0.05078125
5 0.496875 0.475 0.0453125 0.07578125
5 0.48515625 0.51875 0.03984375 0.05859375
5 0.434375 0.4671875 0.034375 0.05234375
5 0.43359375 0.278125 0.04609375 0.06953125
5 0.36484375 0.2734375 0.046875 0.06171875
5 0.2171875 0.128125 0.034375 0.06640625