3 0.45 0.35 0.0359375 0.05546875
3 0.409375 0.2859375 0.03515625 0.04765625
3 0.4796875 0.26328125 0.03671875 0.05625
3 0.01796875 0.48984375 0.0359375 0.04921875
3 0.42265625 0.75078125 0.03515625 0.0578125
3 0.45546875 0.5296875 0.03515625 0.04921875
3 0.34609375 0.53515625 0.034375 0.04375
3 0.53359375 0.72890625 0.02421875 0.046875
3 0.5671875 0.8296875 0.025 0.03671875
3 0.4875 0.859375 0.0328125 0.034375
4 0.52109375 0.61015625 0.02890625 0.04140625
4 0.4421875 0.68046875 0.0296875 0.03671875
5 0.32578125 0.784375 0.02421875 0.034375
5 0.5484375 0.82109375 0.021875 0.03203125
5 0.54296875 0.846875 0.0234375 0.02421875