3 0.3140625 0.084375 0.140625 0.16484375
3 0.33828125 0.4234375 0.15078125 0.20703125
3 0.29375 0.675 0.16953125 0.26015625
3 0.51484375 0.396875 0.16484375 0.228125
3 0.60859375 0.4953125 0.1328125 0.21171875
3 0.45390625 0.7390625 0.13125 0.171875
3 0.4359375 0.9265625 0.140625 0.14609375
3 0.53984375 0.828125 0.09765625 0.15234375
3 0.65625 0.6921875 0.12890625 0.203125
5 0.40546875 0.5421875 0.12265625 0.16328125
5 0.22578125 0.13125 0.09921875 0.15
5 0.3203125 0.1875 0.115625 0.0921875
4 0.3359375 0.684375 0.1296875 0.178125