3 0.19453125 0.6421875 0.0890625 0.12265625
3 0.3375 0.5578125 0.1375 0.18359375
3 0.5203125 0.47890625 0.12734375 0.18125
3 0.5234375 0.35859375 0.10703125 0.10078125
3 0.7546875 0.23125 0.1 0.125
3 0.7953125 0.11484375 0.10703125 0.134375
3 0.60546875 0.184375 0.0953125 0.12109375
5 0.2921875 0.26640625 0.08984375 0.12890625
5 0.5671875 0.3265625 0.05859375 0.096875
5 0.615625 0.3453125 0.07109375 0.09140625
5 0.7078125 0.0796875 0.08125 0.09765625
5 0.678125 0.465625 0.0625 0.09765625
5 0.79765625 0.553125 0.06953125 0.09296875
5 0.428125 0.88671875 0.078125 0.115625
5 0.0859375 0.8640625 0.075 0.11171875
5 0.15390625 0.890625 0.059375 0.09375