3 0.86171875 0.0609375 0.16328125 0.121875
3 0.70859375 0.046875 0.140625 0.09375
3 0.675 0.44375 0.15546875 0.225
3 0.56328125 0.2859375 0.1546875 0.246875
3 0.32734375 0.678125 0.15625 0.22734375
3 0.6203125 0.94140625 0.14609375 0.1171875
3 0.39765625 0.8296875 0.17578125 0.21953125
3 0.49765625 0.64375 0.14765625 0.228125
3 0.3859375 0.5875 0.121875 0.190625
5 0.48125 0.109375 0.13515625 0.18046875
5 0.8 0.07109375 0.11875 0.14140625
5 0.40859375 0.3609375 0.115625 0.16640625
5 0.3203125 0.41875 0.12265625 0.16875
5 0.2921875 0.5 0.096875 0.12421875