3 0.13671875 0.8359375 0.065625 0.08828125
3 0.2203125 0.8140625 0.06171875 0.07421875
3 0.196875 0.7484375 0.053125 0.071875
3 0.2953125 0.8234375 0.059375 0.065625
3 0.48125 0.65625 0.05703125 0.09375
3 0.54609375 0.68046875 0.06640625 0.08046875
3 0.65546875 0.30625 0.04296875 0.084375
3 0.63046875 0.43671875 0.046875 0.07421875
3 0.66875 0.425 0.046875 0.08671875
5 0.47421875 0.50703125 0.05078125 0.07265625
5 0.0875 0.709375 0.0359375 0.0625
5 0.1125 0.6671875 0.0328125 0.05546875
5 0.14375 0.66875 0.0421875 0.059375
5 0.15703125 0.74296875 0.04375 0.07421875
5 0.3421875 0.815625 0.034375 0.05546875
5 0.3203125 0.8734375 0.05078125 0.05546875
5 0.315625 0.6625 0.034375 0.05
5 0.53984375 0.5453125 0.028125 0.03984375
5 0.5109375 0.5265625 0.02421875 0.03828125
5 0.6171875 0.4875 0.034375 0.05078125