3 0.2015625 0.38515625 0.13984375 0.2
3 0.04765625 0.22734375 0.09453125 0.1828125
3 0.3171875 0.17109375 0.140625 0.190625
3 0.31171875 0.5015625 0.13203125 0.17734375
3 0.43203125 0.3890625 0.1046875 0.21953125
3 0.5328125 0.4328125 0.16015625 0.20859375
3 0.540625 0.66328125 0.1234375 0.175
3 0.67421875 0.69765625 0.14921875 0.18125
3 0.69375 0.32578125 0.12734375 0.16015625
3 0.76484375 0.1796875 0.11953125 0.17421875
3 0.7703125 0.42578125 0.13125 0.23359375
3 0.821875 0.6375 0.1265625 0.18984375
3 0.93515625 0.5890625 0.125 0.21953125
4 0.38828125 0.66328125 0.12421875 0.18359375
4 0.43203125 0.75703125 0.12734375 0.17109375
4 0.04765625 0.7375 0.0953125 0.17421875