3 0.26484375 0.45546875 0.134375 0.1875
3 0.3203125 0.69453125 0.1265625 0.1765625
3 0.3796875 0.56875 0.11796875 0.171875
3 0.5109375 0.484375 0.078125 0.1359375
3 0.57890625 0.27578125 0.11875 0.159375
3 0.51015625 0.09765625 0.10546875 0.14453125
4 0.44296875 0.1734375 0.09609375 0.13828125
4 0.89140625 0.4015625 0.08984375 0.15546875
5 0.30703125 0.07265625 0.0828125 0.10390625
5 0.3171875 0.18203125 0.1 0.14609375
5 0.3328125 0.32734375 0.08359375 0.11796875
5 0.25234375 0.346875 0.09375 0.103125
5 0.1734375 0.915625 0.08828125 0.12265625
5 0.03671875 0.8640625 0.0734375 0.10546875
5 0.48046875 0.6234375 0.10390625 0.159375