3 0.303125 0.13515625 0.11953125 0.16953125
3 0.36171875 0.0609375 0.12734375 0.121875
3 0.5515625 0.30703125 0.12578125 0.1765625
3 0.59453125 0.23125 0.11171875 0.15
3 0.5421875 0.378125 0.12421875 0.109375
3 0.44453125 0.30390625 0.121875 0.1859375
3 0.4 0.1578125 0.1140625 0.1390625
3 0.35 0.26015625 0.11875 0.19140625
3 0.39296875 0.41640625 0.1390625 0.17890625
3 0.30859375 0.2875 0.10234375 0.184375
3 0.57421875 0.54921875 0.1046875 0.1390625
3 0.61015625 0.5984375 0.08203125 0.103125
5 0.646875 0.21015625 0.0921875 0.11875
5 0.63828125 0.33359375 0.08203125 0.13046875