3 0.0421875 0.77109375 0.01640625 0.015625
3 0.07265625 0.9046875 0.0140625 0.01640625
3 0.13515625 0.88359375 0.015625 0.0234375
3 0.1546875 0.9109375 0.02421875 0.03046875
3 0.17109375 0.90234375 0.01953125 0.03125
3 0.19375 0.8453125 0.0171875 0.02578125
3 0.1765625 0.940625 0.0125 0.01484375
3 0.19140625 0.9359375 0.0109375 0.0140625
3 0.203125 0.9375 0.01015625 0.01640625
3 0.46796875 0.8171875 0.0125 0.01484375
3 0.4203125 0.825 0.01484375 0.0171875
3 0.40234375 0.84140625 0.01640625 0.01953125
3 0.4765625 0.83828125 0.0125 0.01640625
3 0.4875 0.83828125 0.01015625 0.01328125
3 0.48828125 0.809375 0.0078125 0.0109375
3 0.50625 0.83125 0.01015625 0.01171875
3 0.515625 0.82578125 0.009375 0.0125
3 0.47890625 0.85703125 0.0125 0.01640625
3 0.5921875 0.8640625 0.015625 0.01875
3 0.56640625 0.83515625 0.0171875 0.01875
3 0.55703125 0.9171875 0.01796875 0.021875
3 0.64609375 0.90859375 0.01328125 0.0171875
3 0.46015625 0.7484375 0.0125 0.0171875
3 0.4609375 0.771875 0.0125 0.0171875
3 0.4265625 0.73203125 0.0109375 0.01328125
3 0.43203125 0.71953125 0.0109375 0.01015625
3 0.41875 0.75546875 0.01171875 0.01640625
3 0.5265625 0.69375 0.01015625 0.0078125
3 0.50546875 0.71640625 0.00703125 0.009375
3 0.68046875 0.7515625 0.00859375 0.0171875
3 0.68515625 0.6890625 0.0171875 0.01796875
3 0.63515625 0.7 0.01171875 0.01484375
3 0.51484375 0.62109375 0.01328125 0.0171875
3 0.5453125 0.65703125 0.01484375 0.01484375
3 0.5671875 0.6609375 0.0171875 0.015625
3 0.6203125 0.653125 0.015625 0.01484375
3 0.44453125 0.50078125 0.009375 0.01484375
3 0.44375 0.51953125 0.0125 0.0125
3 0.4875 0.47109375 0.009375 0.01171875
3 0.41796875 0.35078125 0.01328125 0.0234375
3 0.39296875 0.45546875 0.01328125 0.01953125
3 0.37734375 0.4390625 0.01953125 0.01875
3 0.275 0.5390625 0.0109375 0.015625
3 0.29140625 0.54453125 0.0109375 0.01328125
3 0.30390625 0.55234375 0.0109375 0.01171875
3 0.3203125 0.6515625 0.0125 0.01484375
3 0.33203125 0.65546875 0.01640625 0.015625
3 0.29296875 0.60390625 0.009375 0.0109375
3 0.03203125 0.675 0.0265625 0.03359375
3 0.06328125 0.62421875 0.0203125 0.02578125
3 0.190625 0.70546875 0.01796875 0.0265625
3 0.21328125 0.71875 0.0171875 0.021875
3 0.2140625 0.69765625 0.01953125 0.02109375
5 0.1625 0.8609375 0.01484375 0.0234375
5 0.17890625 0.83203125 0.01484375 0.0203125
5 0.1796875 0.853125 0.01484375 0.02265625
5 0.21484375 0.8453125 0.01328125 0.01875
5 0.21875 0.86953125 0.0125 0.0203125
5 0.21953125 0.92890625 0.0140625 0.02109375
5 0.0265625 0.64296875 0.01875 0.02421875
5 0.03984375 0.65 0.015625 0.02265625
5 0.05 0.6375 0.01484375 0.01875
5 0.20625 0.68828125 0.009375 0.01328125
5 0.5734375 0.865625 0.01015625 0.0171875
5 0.5734375 0.89609375 0.0109375 0.0171875
5 0.56015625 0.8953125 0.0109375 0.0171875
5 0.57890625 0.9484375 0.01015625 0.01875
5 0.56953125 0.959375 0.01328125 0.0203125
5 0.57421875 0.990625 0.0125 0.01875
5 0.5890625 0.80703125 0.0109375 0.01953125
5 0.56328125 0.78828125 0.01171875 0.015625