3 0.35546875 0.5578125 0.08671875 0.128125
3 0.3546875 0.42265625 0.11796875 0.1625
3 0.32265625 0.56484375 0.11640625 0.2
3 0.2921875 0.59609375 0.10234375 0.1734375
3 0.5765625 0.41171875 0.09765625 0.1609375
3 0.47890625 0.56640625 0.1046875 0.15390625
3 0.5296875 0.5828125 0.08671875 0.1390625
3 0.4125 0.57109375 0.06953125 0.1375
5 0.40234375 0.69375 0.06015625 0.084375
5 0.503125 0.7203125 0.05859375 0.08984375
5 0.58671875 0.53515625 0.0609375 0.09765625
4 0.51640625 0.45234375 0.07265625 0.103125
4 0.42734375 0.46328125 0.07109375 0.10390625
4 0.459375 0.7796875 0.05625 0.08125