3 0.21171875 0.13125 0.0796875 0.13359375
3 0.28359375 0.22890625 0.090625 0.12109375
3 0.4078125 0.17578125 0.08359375 0.11484375
3 0.38046875 0.3046875 0.08046875 0.11328125
3 0.26171875 0.6609375 0.075 0.1125
3 0.21328125 0.7609375 0.08671875 0.07109375
3 0.30078125 0.8046875 0.084375 0.13828125
3 0.26953125 0.940625 0.08671875 0.11796875
3 0.42578125 0.81171875 0.0796875 0.121875
3 0.45703125 0.6609375 0.07421875 0.109375
3 0.478125 0.78046875 0.06171875 0.134375
3 0.5984375 0.7015625 0.08515625 0.14375
3 0.6046875 0.5140625 0.05859375 0.13984375
3 0.11875 0.15 0.0765625 0.09609375
4 0.33828125 0.49609375 0.07265625 0.10703125
4 0.25859375 0.5453125 0.0453125 0.12890625
5 0.2375 0.56875 0.0578125 0.09765625
5 0.30546875 0.07109375 0.0625 0.09296875
5 0.27734375 0.1484375 0.05234375 0.075
5 0.33515625 0.14140625 0.06015625 0.08984375
5 0.43203125 0.078125 0.0703125 0.10390625
5 0.32109375 0.3234375 0.065625 0.09140625
5 0.36015625 0.4046875 0.08125 0.10078125
5 0.2984375 0.44921875 0.06484375 0.084375
5 0.4703125 0.3234375 0.075 0.10390625
5 0.56953125 0.2328125 0.06640625 0.10234375
5 0.53203125 0.3703125 0.0734375 0.12265625
5 0.5875 0.42109375 0.06796875 0.08828125
5 0.42109375 0.4671875 0.04765625 0.08203125
5 0.45546875 0.40625 0.06484375 0.07890625
5 0.45859375 0.51484375 0.05859375 0.090625
5 0.57421875 0.50078125 0.0609375 0.09375
5 0.63203125 0.546875 0.0578125 0.08203125
5 0.53359375 0.62109375 0.0625 0.08203125
5 0.5453125 0.784375 0.07734375 0.10390625
5 0.3578125 0.653125 0.0734375 0.1015625
5 0.40390625 0.6359375 0.04921875 0.10390625
5 0.4078125 0.71640625 0.07734375 0.09140625
5 0.05390625 0.1234375 0.0734375 0.11875