3 0.30625 0.290625 0.0546875 0.0765625
3 0.3 0.23671875 0.04609375 0.053125
3 0.53828125 0.121875 0.04140625 0.05625
3 0.603125 0.0703125 0.03984375 0.065625
3 0.7828125 0.290625 0.040625 0.05859375
3 0.4921875 0.39921875 0.0390625 0.06796875
3 0.53046875 0.384375 0.0421875 0.05703125
3 0.628125 0.371875 0.04140625 0.053125
3 0.70078125 0.4265625 0.0515625 0.07109375
3 0.7375 0.434375 0.0453125 0.065625
3 0.325 0.80625 0.05703125 0.0671875
3 0.3390625 0.8625 0.0515625 0.059375
3 0.375 0.81328125 0.05 0.07109375
3 0.1609375 0.771875 0.04453125 0.05859375
3 0.115625 0.875 0.05078125 0.06640625
3 0.59609375 0.8140625 0.03984375 0.071875
3 0.5265625 0.6921875 0.03984375 0.06015625
3 0.7078125 0.84765625 0.053125 0.07109375
3 0.725 0.8984375 0.04765625 0.05546875
3 0.81015625 0.70625 0.0515625 0.07109375
3 0.6375 0.4375 0.04765625 0.053125
3 0.66328125 0.5328125 0.040625 0.05546875
5 0.034375 0.18125 0.03203125 0.0484375
5 0.1859375 0.24765625 0.0296875 0.0421875
5 0.2140625 0.271875 0.0375 0.05625
5 0.21796875 0.20625 0.03984375 0.0515625
5 0.10625 0.325 0.02890625 0.04453125
5 0.13046875 0.33984375 0.02734375 0.0375
5 0.16875 0.34765625 0.03984375 0.046875
5 0.184375 0.30625 0.03515625 0.053125
5 0.27109375 0.25234375 0.03359375 0.05234375
5 0.29453125 0.178125 0.0296875 0.0421875
5 0.27109375 0.1953125 0.03125 0.03359375
5 0.1328125 0.72578125 0.0375 0.0484375
5 0.1625 0.70390625 0.0375 0.059375
5 0.2390625 0.775 0.0375 0.0546875
5 0.25625 0.7390625 0.02890625 0.0453125
5 0.2953125 0.715625 0.03046875 0.04765625
5 0.2953125 0.63046875 0.03046875 0.053125
5 0.32734375 0.6484375 0.02734375 0.034375
5 0.3453125 0.621875 0.040625 0.06328125
5 0.3328125 0.5390625 0.03828125 0.0578125
5 0.365625 0.69296875 0.0328125 0.065625
5 0.56328125 0.16640625 0.03828125 0.06015625