3 0.26953125 0.3984375 0.06875 0.09765625
3 0.27109375 0.48515625 0.06953125 0.08515625
3 0.328125 0.5625 0.0671875 0.08828125
3 0.3703125 0.6171875 0.065625 0.09375
3 0.40078125 0.52109375 0.05390625 0.08828125
3 0.31015625 0.659375 0.059375 0.1015625
3 0.6390625 0.46953125 0.04296875 0.06484375
3 0.5875 0.43671875 0.04765625 0.071875
3 0.60859375 0.52421875 0.040625 0.06171875
5 0.35234375 0.4203125 0.053125 0.07578125
5 0.2953125 0.3515625 0.04375 0.059375
5 0.2609375 0.52578125 0.046875 0.075
5 0.3296875 0.6734375 0.05 0.06640625
5 0.36875 0.484375 0.04921875 0.0625
5 0.32421875 0.46875 0.04140625 0.0671875
4 0.3671875 0.54765625 0.0390625 0.0625