3 0.35078125 0.11328125 0.2046875 0.2265625
3 0.30546875 0.5171875 0.16171875 0.19453125
3 0.2765625 0.66328125 0.1640625 0.225
3 0.53984375 0.60390625 0.18828125 0.24296875
3 0.65546875 0.59765625 0.13671875 0.2265625
3 0.415625 0.753125 0.18203125 0.2375
3 0.3546875 0.81953125 0.16796875 0.16953125
5 0.17578125 0.2984375 0.1109375 0.16015625
5 0.32109375 0.0875 0.12265625 0.16328125
5 0.5390625 0.03359375 0.1109375 0.0671875
5 0.3015625 0.3375 0.121875 0.1703125
5 0.4515625 0.4765625 0.121875 0.18046875
5 0.64765625 0.378125 0.1125 0.17265625
5 0.70234375 0.41875 0.11015625 0.20390625
5 0.21796875 0.76640625 0.12265625 0.18984375
5 0.5171875 0.8015625 0.115625 0.18515625