3 0.12734375 0.71640625 0.16484375 0.21875
3 0.378125 0.61484375 0.1578125 0.21328125
3 0.55625 0.6734375 0.16640625 0.25078125
3 0.51171875 0.896875 0.15703125 0.1984375
5 0.18515625 0.46171875 0.11328125 0.15546875
5 0.1546875 0.6984375 0.12578125 0.18359375
5 0.2984375 0.4625 0.1 0.15234375
5 0.4328125 0.4578125 0.09140625 0.153125
5 0.5015625 0.33515625 0.09921875 0.1375
5 0.4703125 0.175 0.10546875 0.134375
5 0.6578125 0.4359375 0.07265625 0.12734375
5 0.56796875 0.5078125 0.0890625 0.13203125