3 0.07265625 0.29453125 0.07109375 0.09765625
3 0.12890625 0.396875 0.06328125 0.09609375
3 0.2078125 0.26875 0.06328125 0.07265625
3 0.253125 0.3015625 0.05546875 0.07265625
3 0.31171875 0.278125 0.06640625 0.10859375
3 0.43984375 0.321875 0.0625 0.075
3 0.4109375 0.49765625 0.06015625 0.09609375
3 0.475 0.4703125 0.0578125 0.10078125
3 0.6875 0.54375 0.0625 0.09140625
3 0.9 0.51171875 0.07421875 0.109375
3 0.96171875 0.4125 0.07578125 0.12578125
3 0.7109375 0.65625 0.05 0.07890625
5 0.0453125 0.52265625 0.04921875 0.06640625
5 0.03671875 0.61875 0.0484375 0.0671875
5 0.18125 0.3484375 0.0484375 0.07578125
5 0.29375 0.26171875 0.0421875 0.053125
5 0.0921875 0.2 0.0546875 0.08671875
5 0.215625 0.1953125 0.0609375 0.07109375
5 0.76796875 0.0734375 0.06015625 0.08984375
5 0.84921875 0.103125 0.05859375 0.084375
5 0.76171875 0.61875 0.04765625 0.07578125
5 0.74453125 0.7203125 0.053125 0.07734375
5 0.69609375 0.753125 0.046875 0.0734375
5 0.73671875 0.78359375 0.03359375 0.053125
5 0.7109375 0.9546875 0.0640625 0.08515625
5 0.71171875 0.4453125 0.04765625 0.06875
5 0.6671875 0.4015625 0.04140625 0.0625
5 0.4953125 0.8390625 0.04765625 0.07109375