3 0.05703125 0.28515625 0.11328125 0.1765625
3 0.128125 0.1796875 0.12734375 0.15546875
3 0.13203125 0.3203125 0.14140625 0.20703125
3 0.05390625 0.44296875 0.1078125 0.1734375
3 0.2171875 0.39609375 0.1140625 0.18046875
3 0.41796875 0.37890625 0.15078125 0.2140625
3 0.240625 0.65859375 0.1296875 0.19140625
3 0.35390625 0.77109375 0.11171875 0.1484375
3 0.32421875 0.8203125 0.13359375 0.15703125
3 0.46640625 0.83671875 0.1203125 0.1609375
3 0.3953125 0.93359375 0.1359375 0.1328125
3 0.48671875 0.95234375 0.0890625 0.0953125
3 0.615625 0.94140625 0.0765625 0.0859375
4 0.29375 0.290625 0.11015625 0.13984375
4 0.5296875 0.3421875 0.10234375 0.16171875
4 0.16796875 0.5734375 0.103125 0.146875
4 0.5609375 0.9609375 0.09375 0.07734375
5 0.1796875 0.09375 0.075 0.128125
5 0.39140625 0.2609375 0.1015625 0.09609375
5 0.48046875 0.2546875 0.07265625 0.11484375
5 0.6078125 0.8390625 0.090625 0.1375
5 0.3890625 0.54375 0.07734375 0.1453125
5 0.34609375 0.62421875 0.10390625 0.14453125