3 0.50703125 0.13125 0.078125 0.11328125
3 0.5875 0.16015625 0.07109375 0.09765625
3 0.434375 0.31796875 0.0796875 0.096875
3 0.4515625 0.21328125 0.05078125 0.06484375
3 0.46953125 0.41953125 0.103125 0.1125
3 0.49609375 0.75546875 0.08359375 0.11953125
3 0.475 0.8375 0.07734375 0.084375
3 0.7453125 0.909375 0.0828125 0.1109375
3 0.82890625 0.91953125 0.0703125 0.11875
4 0.4359375 0.73203125 0.06015625 0.1
5 0.546875 0.7234375 0.07578125 0.10234375
5 0.5234375 0.884375 0.065625 0.0859375
5 0.70546875 0.778125 0.053125 0.08984375
5 0.8484375 0.896875 0.04609375 0.0890625
5 0.8953125 0.92734375 0.06875 0.121875