3 0.15078125 0.56953125 0.1703125 0.2484375
3 0.303125 0.65859375 0.190625 0.26640625
3 0.3875 0.58125 0.175 0.24296875
3 0.41015625 0.37890625 0.134375 0.20703125
3 0.68046875 0.20390625 0.146875 0.2109375
3 0.47578125 0.20234375 0.17265625 0.25
3 0.55859375 0.31328125 0.18359375 0.246875
3 0.64453125 0.6265625 0.16953125 0.2375
3 0.55546875 0.77890625 0.15703125 0.23203125
3 0.71875 0.825 0.19609375 0.2625
3 0.771875 0.71015625 0.159375 0.2234375
3 0.903125 0.68046875 0.15234375 0.2234375
3 0.60625 0.940625 0.16640625 0.11875
4 0.59921875 0.10859375 0.1171875 0.178125