3 0.52734375 0.134375 0.15078125 0.21015625
3 0.81875 0.22890625 0.1609375 0.23203125
3 0.3671875 0.24375 0.13359375 0.1890625
3 0.5375 0.36796875 0.13828125 0.2265625
3 0.4359375 0.4515625 0.12578125 0.1984375
3 0.3109375 0.52109375 0.14296875 0.2125
3 0.3015625 0.68203125 0.14296875 0.1984375
3 0.4921875 0.6171875 0.1546875 0.2375
3 0.5796875 0.56953125 0.13203125 0.2125
3 0.55078125 0.66640625 0.10703125 0.17890625
3 0.36796875 0.84375 0.134375 0.2140625
4 0.30625 0.121875 0.1109375 0.1734375
4 0.65 0.371875 0.10859375 0.18515625