3 0.3265625 0.29375 0.10546875 0.159375
3 0.4453125 0.171875 0.11796875 0.17265625
3 0.5 0.640625 0.13203125 0.17421875
3 0.21875 0.76015625 0.0890625 0.140625
3 0.290625 0.73515625 0.07421875 0.12734375
3 0.68671875 0.39296875 0.13125 0.15546875
3 0.7453125 0.59375 0.1 0.16015625
3 0.83046875 0.6125 0.07890625 0.14375
3 0.85546875 0.44140625 0.09921875 0.13828125
3 0.94453125 0.10625 0.09609375 0.13125
3 0.95625 0.28828125 0.0859375 0.15078125
3 0.87109375 0.95390625 0.10625 0.08984375
5 0.28984375 0.10390625 0.08515625 0.125
5 0.57421875 0.22265625 0.078125 0.12109375
5 0.503125 0.28828125 0.0875 0.1484375
5 0.78984375 0.109375 0.07109375 0.10078125
5 0.7359375 0.05 0.06875 0.09921875
5 0.86875 0.0546875 0.0765625 0.109375
5 0.7921875 0.203125 0.0734375 0.11640625
5 0.7890625 0.38125 0.0890625 0.12734375
5 0.97578125 0.50078125 0.046875 0.153125
4 0.51640625 0.45703125 0.0828125 0.1078125