3 0.23671875 0.503125 0.02578125 0.034375
3 0.2234375 0.4359375 0.021875 0.03515625
3 0.2453125 0.43125 0.021875 0.03359375
3 0.26484375 0.45234375 0.02421875 0.034375
3 0.240625 0.3515625 0.02265625 0.03515625
3 0.3234375 0.39921875 0.025 0.03984375
3 0.440625 0.62265625 0.015625 0.02265625
3 0.54140625 0.58828125 0.0203125 0.028125
3 0.56171875 0.5875 0.01796875 0.0296875
3 0.525 0.540625 0.021875 0.028125
3 0.51796875 0.6625 0.01953125 0.0265625
3 0.60859375 0.59765625 0.01796875 0.02578125
3 0.596875 0.6140625 0.0171875 0.025
3 0.48515625 0.734375 0.01953125 0.0296875
3 0.0234375 0.68515625 0.025 0.0296875
3 0.04296875 0.66953125 0.02421875 0.02265625
3 0.05390625 0.70078125 0.0265625 0.03125
5 0.47421875 0.503125 0.0125 0.01875
5 0.48125 0.5203125 0.01328125 0.01875
5 0.5015625 0.49140625 0.0125 0.01796875
5 0.53671875 0.553125 0.0140625 0.021875
5 0.5484375 0.55546875 0.0109375 0.01640625
5 0.58046875 0.55546875 0.015625 0.02109375
5 0.58515625 0.5890625 0.0125 0.01875
5 0.60078125 0.56875 0.01328125 0.01796875
5 0.59921875 0.403125 0.01640625 0.02421875
5 0.62265625 0.39375 0.015625 0.01875
5 0.6125 0.41171875 0.0125 0.02109375
5 0.60625 0.43046875 0.01171875 0.02109375
5 0.6171875 0.44453125 0.01484375 0.01796875
5 0.60703125 0.46171875 0.01796875 0.02265625
5 0.02578125 0.6296875 0.0140625 0.01875
5 0.0453125 0.64609375 0.0140625 0.01796875
5 0.071875 0.62421875 0.015625 0.01875
5 0.1 0.5671875 0.0125 0.01640625