3 0.25234375 0.634375 0.06328125 0.1
3 0.3 0.6265625 0.06875 0.09609375
3 0.40859375 0.490625 0.05546875 0.10234375
3 0.60859375 0.67421875 0.06640625 0.08828125
4 0.04296875 0.30703125 0.053125 0.08125
4 0.096875 0.384375 0.046875 0.0625
4 0.32265625 0.6875 0.06484375 0.08359375
5 0.128125 0.2625 0.05546875 0.07734375
5 0.1796875 0.3125 0.04765625 0.06328125
5 0.31328125 0.42109375 0.04296875 0.0625
5 0.2671875 0.453125 0.03671875 0.053125
5 0.2421875 0.4875 0.03671875 0.0546875
5 0.26484375 0.56015625 0.03828125 0.05703125
5 0.3421875 0.5703125 0.03984375 0.071875
5 0.3578125 0.49140625 0.03671875 0.05
5 0.48671875 0.41171875 0.05 0.07421875
5 0.5859375 0.58828125 0.04765625 0.07578125
5 0.64140625 0.57734375 0.05078125 0.0765625
5 0.63515625 0.2390625 0.0625 0.08984375