3 0.390625 0.034375 0.0625 0.06875
3 0.33046875 0.1015625 0.05859375 0.05703125
3 0.37578125 0.21953125 0.05234375 0.075
3 0.4453125 0.2453125 0.07734375 0.10078125
3 0.478125 0.1953125 0.06171875 0.0875
3 0.4484375 0.35859375 0.0546875 0.078125
3 0.4796875 0.378125 0.05859375 0.0890625
3 0.4890625 0.47109375 0.059375 0.06171875
3 0.4984375 0.575 0.053125 0.06328125
3 0.2390625 0.50234375 0.06171875 0.08671875
3 0.17890625 0.5609375 0.0421875 0.065625
3 0.26171875 0.73515625 0.06328125 0.08125
3 0.359375 0.61953125 0.06953125 0.09765625
3 0.5671875 0.6546875 0.06640625 0.09609375
3 0.57734375 0.71875 0.05703125 0.0703125
3 0.61328125 0.83828125 0.06640625 0.10625
3 0.6625 0.6359375 0.05546875 0.08828125
3 0.92421875 0.4375 0.0703125 0.10390625
4 0.275 0.646875 0.040625 0.05703125
5 0.4078125 0.9171875 0.03671875 0.05703125
5 0.37734375 0.928125 0.0375 0.05703125
5 0.4125 0.61171875 0.0421875 0.071875
5 0.5140625 0.66328125 0.046875 0.06953125
5 0.30546875 0.53359375 0.04453125 0.06953125
5 0.26484375 0.5640625 0.059375 0.0703125
5 0.1625 0.46875 0.046875 0.07109375
5 0.475 0.6109375 0.04140625 0.0625
5 0.48125 0.5171875 0.03984375 0.04296875
5 0.41171875 0.51953125 0.0359375 0.053125
5 0.4109375 0.4703125 0.03671875 0.04921875
5 0.45234375 0.440625 0.04375 0.059375
5 0.42265625 0.41796875 0.0359375 0.0515625
5 0.38671875 0.4375 0.034375 0.05546875
5 0.40546875 0.3796875 0.0453125 0.06328125
5 0.3421875 0.3375 0.03828125 0.059375
5 0.28828125 0.2875 0.04609375 0.06484375
5 0.29296875 0.24609375 0.03984375 0.04765625
5 0.28046875 0.1703125 0.0375 0.06171875
5 0.24140625 0.30859375 0.0375 0.06171875
5 0.2140625 0.33515625 0.03125 0.06484375
5 0.203125 0.39375 0.04296875 0.06796875
5 0.2328125 0.43125 0.0359375 0.05234375
5 0.24921875 0.36875 0.04296875 0.0640625
5 0.28125 0.384375 0.04296875 0.065625
5 0.27421875 0.421875 0.03671875 0.053125
5 0.20390625 0.46875 0.03046875 0.04921875
5 0.534375 0.275 0.03828125 0.0625
5 0.56015625 0.3625 0.040625 0.071875
5 0.5640625 0.43125 0.0328125 0.0625
5 0.5375 0.46484375 0.03125 0.06484375
5 0.596875 0.18828125 0.0328125 0.05703125
5 0.578125 0.09296875 0.04609375 0.07265625
5 0.51796875 0.05859375 0.0375 0.0453125
5 0.284375 0.096875 0.0375 0.065625
5 0.659375 0.71953125 0.053125 0.08359375
5 0.6953125 0.6859375 0.03671875 0.06484375
5 0.765625 0.61875 0.03046875 0.053125
5 0.7578125 0.49609375 0.03671875 0.05546875
5 0.65078125 0.396875 0.03515625 0.06796875
5 0.87265625 0.6625 0.03828125 0.06171875
5 0.053125 0.15859375 0.0421875 0.059375
5 0.0328125 0.1140625 0.03046875 0.04453125
5 0.1140625 0.165625 0.034375 0.04375
5 0.11640625 0.20234375 0.03828125 0.053125
5 0.6890625 0.5796875 0.028125 0.053125
5 0.94921875 0.19609375 0.03828125 0.06328125
5 0.7921875 0.16640625 0.0390625 0.07578125
5 0.7609375 0.128125 0.04140625 0.0484375
5 0.76015625 0.1875 0.0390625 0.0546875
5 0.80859375 0.078125 0.03671875 0.0625