3 0.44140625 0.6640625 0.1703125 0.2375
3 0.52890625 0.78125 0.18828125 0.2609375
3 0.40078125 0.8421875 0.18203125 0.259375
3 0.32734375 0.16953125 0.17265625 0.2375
3 0.31796875 0.38203125 0.18359375 0.259375
3 0.50234375 0.1484375 0.1390625 0.175
3 0.63515625 0.48515625 0.17734375 0.2265625
5 0.2765625 0.5171875 0.121875 0.18125
5 0.5296875 0.2671875 0.12578125 0.19453125
5 0.5671875 0.41875 0.1125 0.16171875
5 0.4578125 0.3546875 0.09296875 0.15859375
4 0.54140625 0.5859375 0.11953125 0.17265625
5 0.41953125 0.9109375 0.1296875 0.175