3 0.31328125 0.54375 0.07890625 0.08515625
3 0.34921875 0.7234375 0.06640625 0.0875
3 0.44296875 0.603125 0.07109375 0.0890625
3 0.52265625 0.43203125 0.059375 0.08515625
3 0.6234375 0.49296875 0.06796875 0.10703125
3 0.68203125 0.4953125 0.059375 0.08515625
4 0.4109375 0.69765625 0.0546875 0.08359375
4 0.45625 0.5359375 0.05078125 0.05546875
4 0.34140625 0.48125 0.053125 0.06171875
5 0.3046875 0.59296875 0.05078125 0.07109375
5 0.35 0.61171875 0.05 0.07421875
5 0.390625 0.56796875 0.03828125 0.053125
5 0.375 0.671875 0.04765625 0.0625
5 0.49609375 0.59375 0.0453125 0.078125
5 0.5515625 0.490625 0.0359375 0.05625
5 0.6546875 0.3734375 0.04609375 0.06875