3 0.47421875 0.37890625 0.06171875 0.08515625
3 0.5390625 0.3515625 0.05078125 0.065625
3 0.50078125 0.421875 0.05546875 0.07734375
3 0.54453125 0.47890625 0.05390625 0.07890625
3 0.44921875 0.43359375 0.0484375 0.071875
3 0.4125 0.67890625 0.05625 0.07265625
3 0.45 0.8515625 0.04609375 0.06796875
3 0.765625 0.5453125 0.05546875 0.084375
3 0.7609375 0.39375 0.05078125 0.071875
4 0.42265625 0.37578125 0.04375 0.05625
5 0.5015625 0.4828125 0.04921875 0.06796875
5 0.55078125 0.41015625 0.04140625 0.05859375