3 0.28359375 0.13515625 0.084375 0.12890625
3 0.34609375 0.1828125 0.08359375 0.10390625
3 0.4125 0.41796875 0.08515625 0.11953125
3 0.24140625 0.546875 0.075 0.10859375
3 0.64921875 0.4578125 0.08671875 0.115625
3 0.6359375 0.790625 0.08046875 0.1125
3 0.66796875 0.88203125 0.084375 0.09609375
3 0.725 0.7640625 0.06171875 0.09765625
3 0.84140625 0.75625 0.065625 0.1
3 0.8640625 0.85546875 0.0640625 0.115625
4 0.25078125 0.4640625 0.059375 0.06171875
4 0.01484375 0.49296875 0.0296875 0.1015625
5 0.209375 0.10390625 0.05859375 0.07890625
5 0.30390625 0.37890625 0.0640625 0.10625
5 0.35078125 0.46875 0.05859375 0.0953125
5 0.5796875 0.50703125 0.06328125 0.10390625
5 0.78125 0.82890625 0.05859375 0.08515625
5 0.79296875 0.69609375 0.0515625 0.090625
5 0.7953125 0.9171875 0.06484375 0.10234375