3 0.14296875 0.1203125 0.1703125 0.228125
3 0.2765625 0.21640625 0.15625 0.21953125
3 0.3203125 0.109375 0.14921875 0.16171875
3 0.365625 0.33359375 0.15703125 0.19609375
3 0.45703125 0.471875 0.13046875 0.1984375
3 0.384375 0.56171875 0.1390625 0.17734375
3 0.3625 0.65703125 0.1640625 0.159375
3 0.41171875 0.76953125 0.14375 0.19140625
3 0.5390625 0.71171875 0.12109375 0.2
3 0.6703125 0.78046875 0.13515625 0.1890625
3 0.640625 0.89921875 0.1796875 0.2
3 0.509375 0.88515625 0.10859375 0.14921875
3 0.7390625 0.771875 0.08359375 0.19375
3 0.95703125 0.8125 0.084375 0.215625
4 0.265625 0.48671875 0.1453125 0.20625
5 0.34140625 0.05078125 0.10859375 0.1015625
5 0.4796875 0.16484375 0.11953125 0.18515625
5 0.74375 0.209375 0.13671875 0.20859375