3 0.03984375 0.5734375 0.04765625 0.07578125
3 0.13125 0.5671875 0.04765625 0.07578125
3 0.20703125 0.34609375 0.05703125 0.096875
3 0.2359375 0.2828125 0.059375 0.084375
3 0.1765625 0.228125 0.06328125 0.0859375
3 0.115625 0.67265625 0.071875 0.07734375
3 0.41328125 0.6015625 0.04296875 0.07734375
3 0.46640625 0.6734375 0.05390625 0.07578125
3 0.334375 0.1375 0.0578125 0.0828125
3 0.3 0.0453125 0.05078125 0.08359375
3 0.41796875 0.03125 0.0703125 0.0625
3 0.52421875 0.56640625 0.05078125 0.06484375
5 0.03046875 0.40078125 0.04921875 0.06484375
5 0.0296875 0.5046875 0.05078125 0.09296875
5 0.13203125 0.459375 0.053125 0.06640625
5 0.15546875 0.521875 0.0359375 0.04296875
5 0.18515625 0.596875 0.04609375 0.07109375
5 0.15078125 0.6265625 0.0421875 0.05234375
5 0.1390625 0.74609375 0.05078125 0.06328125
5 0.34296875 0.74453125 0.0484375 0.075
5 0.37734375 0.7765625 0.06015625 0.07109375
5 0.3046875 0.8625 0.04453125 0.06875
5 0.20703125 0.09296875 0.05546875 0.084375
5 0.20078125 0.0375 0.046875 0.06328125
5 0.1703125 0.1671875 0.04375 0.06171875
5 0.21171875 0.16015625 0.0484375 0.08359375
5 0.284375 0.3046875 0.04921875 0.08359375
5 0.96796875 0.1515625 0.046875 0.06328125
5 0.9828125 0.19765625 0.034375 0.07109375
4 0.84453125 0.25625 0.046875 0.07734375