3 0.14453125 0.334375 0.09296875 0.1234375
3 0.3609375 0.53828125 0.078125 0.11875
3 0.40390625 0.5578125 0.03828125 0.09296875
3 0.321875 0.66328125 0.0890625 0.12109375
3 0.44296875 0.509375 0.0765625 0.13046875
3 0.49765625 0.5234375 0.078125 0.13515625
3 0.59453125 0.590625 0.08984375 0.13046875
3 0.5265625 0.75234375 0.07890625 0.08828125
3 0.409375 0.94609375 0.0734375 0.096875
3 0.43828125 0.3625 0.08984375 0.12421875
3 0.5015625 0.30859375 0.0671875 0.10078125
3 0.59453125 0.353125 0.078125 0.1015625
3 0.571875 0.45703125 0.08359375 0.10625
3 0.39453125 0.08046875 0.10703125 0.13046875
3 0.45234375 0.1890625 0.0953125 0.134375
3 0.49375 0.13125 0.090625 0.13671875
3 0.8015625 0.2484375 0.08125 0.1125
3 0.88515625 0.2515625 0.07109375 0.090625
3 0.91171875 0.35703125 0.06640625 0.0875
5 0.30546875 0.3828125 0.046875 0.06953125
5 0.2875 0.52109375 0.071875 0.103125
5 0.73515625 0.27421875 0.05859375 0.10078125
5 0.78828125 0.29140625 0.046875 0.07734375