3 0.290625 0.70078125 0.06328125 0.08359375
3 0.31796875 0.81171875 0.0578125 0.078125
3 0.3453125 0.74921875 0.05234375 0.07578125
3 0.34765625 0.67421875 0.04375 0.06171875
3 0.4390625 0.61328125 0.05625 0.07890625
3 0.390625 0.50546875 0.04921875 0.071875
3 0.4046875 0.53203125 0.046875 0.06484375
3 0.46796875 0.4515625 0.05625 0.08671875
3 0.50859375 0.48828125 0.06015625 0.08984375
3 0.96640625 0.390625 0.05 0.084375
4 0.21328125 0.40078125 0.05703125 0.07734375
4 0.37421875 0.56328125 0.04296875 0.0625
5 0.3140625 0.52265625 0.04375 0.05859375
5 0.31796875 0.584375 0.0453125 0.0625
5 0.32578125 0.65 0.04296875 0.07109375
5 0.3921875 0.76875 0.05 0.0671875
5 0.3046875 0.96640625 0.040625 0.06484375
5 0.21796875 0.92109375 0.03359375 0.06171875
5 0.1890625 0.9703125 0.05078125 0.059375
5 0.06328125 0.915625 0.0515625 0.071875
5 0.10234375 0.97265625 0.046875 0.05390625
5 0.28671875 0.65390625 0.0296875 0.04765625