3 0.38359375 0.259375 0.06875 0.09765625
3 0.34765625 0.6140625 0.0609375 0.09296875
3 0.409375 0.6921875 0.0765625 0.11015625
3 0.4953125 0.72109375 0.08671875 0.11796875
3 0.46171875 0.465625 0.07734375 0.09140625
3 0.6484375 0.196875 0.071875 0.1125
3 0.77109375 0.1515625 0.0734375 0.1125
3 0.81640625 0.45546875 0.05546875 0.07421875
3 0.97421875 0.4859375 0.0515625 0.134375
3 0.73671875 0.50625 0.05 0.084375
3 0.8046875 0.51875 0.0609375 0.0796875
5 0.42890625 0.80078125 0.0671875 0.0890625
5 0.478125 0.7703125 0.053125 0.075
5 0.4875 0.82578125 0.05 0.06484375
5 0.471875 0.6703125 0.04296875 0.053125
5 0.509375 0.659375 0.0453125 0.05625
5 0.3875 0.61015625 0.04453125 0.065625
5 0.39453125 0.5140625 0.04140625 0.06015625
5 0.3765625 0.415625 0.03828125 0.0640625
5 0.46796875 0.403125 0.053125 0.071875
5 0.53515625 0.34375 0.04765625 0.06953125
5 0.328125 0.29453125 0.04375 0.059375
5 0.609375 0.14375 0.04609375 0.065625
5 0.59765625 0.03125 0.0578125 0.0625
5 0.85390625 0.10859375 0.0578125 0.0671875
5 0.6984375 0.42578125 0.04765625 0.06875
5 0.75546875 0.35703125 0.04765625 0.05625