3 0.4765625 0.45078125 0.04140625 0.06015625
3 0.5140625 0.47109375 0.03203125 0.06796875
3 0.546875 0.4625 0.0390625 0.05859375
3 0.57734375 0.42265625 0.0421875 0.06953125
3 0.625 0.4078125 0.0390625 0.059375
3 0.70078125 0.42265625 0.0265625 0.0453125
3 0.6453125 0.50625 0.03359375 0.053125
3 0.44921875 0.7125 0.028125 0.04765625
3 0.484375 0.71171875 0.0375 0.04140625
3 0.65 0.74921875 0.0390625 0.0546875
3 0.6890625 0.97421875 0.04296875 0.05078125
3 0.7421875 0.975 0.0421875 0.05
5 0.4546875 0.63671875 0.028125 0.04296875
5 0.48359375 0.35546875 0.03359375 0.04296875
5 0.45625 0.41484375 0.034375 0.04921875
5 0.7546875 0.93515625 0.03203125 0.03984375
5 0.7453125 0.8109375 0.0359375 0.05703125