3 0.1359375 0.73125 0.084375 0.1546875
3 0.215625 0.72421875 0.103125 0.15078125
3 0.309375 0.1953125 0.08515625 0.10625
3 0.375 0.23125 0.08671875 0.13828125
3 0.28984375 0.5359375 0.08671875 0.121875
3 0.63046875 0.609375 0.0703125 0.103125
3 0.7078125 0.62421875 0.075 0.11796875
3 0.7265625 0.52265625 0.071875 0.09375
5 0.13125 0.53515625 0.07109375 0.10625
5 0.25390625 0.4265625 0.06796875 0.09140625
5 0.25703125 0.29140625 0.0609375 0.08515625
5 0.2984375 0.34140625 0.04921875 0.0625
5 0.7765625 0.43984375 0.05546875 0.08671875
5 0.90546875 0.746875 0.0640625 0.08515625
5 0.88984375 0.83515625 0.06484375 0.06640625