3 0.02578125 0.11484375 0.0515625 0.084375
3 0.028125 0.2 0.05546875 0.09140625
3 0.0796875 0.21875 0.0765625 0.103125
3 0.18359375 0.22265625 0.05546875 0.08359375
3 0.5296875 0.79296875 0.06875 0.09296875
3 0.584375 0.74375 0.0515625 0.08125
3 0.63515625 0.73125 0.0515625 0.07890625
3 0.58515625 0.8234375 0.059375 0.09453125
3 0.74765625 0.81640625 0.06015625 0.08984375
3 0.76328125 0.7375 0.04765625 0.06640625
3 0.7203125 0.4890625 0.06015625 0.09140625
3 0.7921875 0.44453125 0.06328125 0.0875
3 0.80078125 0.490625 0.08984375 0.09375
3 0.89140625 0.43125 0.0640625 0.08359375
3 0.684375 0.21484375 0.0609375 0.078125
5 0.71171875 0.33984375 0.040625 0.071875
5 0.7703125 0.28203125 0.046875 0.06484375
5 0.9109375 0.3 0.053125 0.0671875
5 0.7828125 0.3328125 0.04921875 0.06796875
5 0.77890625 0.40859375 0.04765625 0.05703125
5 0.74375 0.41875 0.03515625 0.05859375