3 0.36328125 0.3703125 0.084375 0.115625
3 0.44453125 0.38828125 0.0796875 0.12265625
3 0.328125 0.45859375 0.078125 0.103125
3 0.28828125 0.55390625 0.08828125 0.11484375
3 0.3328125 0.665625 0.10859375 0.1375
3 0.41640625 0.61875 0.084375 0.11328125
3 0.3421875 0.97578125 0.06875 0.04765625
5 0.16875 0.3 0.059375 0.08515625
5 0.1640625 0.4578125 0.05234375 0.07578125
5 0.12578125 0.49921875 0.065625 0.07578125
5 0.16015625 0.5921875 0.0453125 0.08125
5 0.1171875 0.60859375 0.04453125 0.06328125
5 0.15703125 0.66015625 0.0578125 0.07265625
5 0.21171875 0.50859375 0.04921875 0.07421875
5 0.36796875 0.1703125 0.0421875 0.06484375
5 0.39296875 0.2296875 0.05234375 0.06953125
5 0.3984375 0.9640625 0.0546875 0.07109375
5 0.42734375 0.95078125 0.04765625 0.09765625
5 0.6625 0.93984375 0.040625 0.065625
5 0.70625 0.9 0.03515625 0.07421875
4 0.2953125 0.9734375 0.05625 0.053125