3 0.15 0.04375 0.06328125 0.084375
3 0.21171875 0.05234375 0.07578125 0.09296875
3 0.22109375 0.33046875 0.059375 0.09453125
3 0.31171875 0.32265625 0.075 0.10546875
3 0.24453125 0.67890625 0.059375 0.08359375
3 0.40625 0.70234375 0.06015625 0.08828125
3 0.4828125 0.72109375 0.05703125 0.084375
3 0.69296875 0.65625 0.06953125 0.10390625
3 0.60859375 0.55 0.06171875 0.096875
3 0.83828125 0.578125 0.06640625 0.08671875
3 0.753125 0.5359375 0.0546875 0.06484375
3 0.39140625 0.95 0.07265625 0.096875
3 0.56484375 0.953125 0.059375 0.090625
5 0.6546875 0.59453125 0.05390625 0.0859375
5 0.27265625 0.3390625 0.0453125 0.06015625