3 0.31875 0.28828125 0.23984375 0.15625
3 0.4375 0.41484375 0.24921875 0.13515625
3 0.65 0.2078125 0.2 0.1328125
3 0.590625 0.3 0.21015625 0.11015625
3 0.73046875 0.35234375 0.2140625 0.153125
3 0.73828125 0.56875 0.21015625 0.1453125
3 0.546875 0.54375 0.19765625 0.1390625
5 0.4109375 0.23671875 0.17421875 0.13125
5 0.34140625 0.115625 0.17890625 0.09765625
5 0.5828125 0.115625 0.12578125 0.0890625
4 0.5875 0.61796875 0.13203125 0.09609375
4 0.8296875 0.5125 0.10859375 0.08515625
4 0.878125 0.425 0.11640625 0.078125