3 0.4265625 0.2578125 0.08984375 0.128125
3 0.51953125 0.25625 0.078125 0.12109375
3 0.50703125 0.3734375 0.0953125 0.12578125
3 0.53984375 0.4578125 0.071875 0.103125
3 0.62109375 0.5203125 0.1015625 0.13046875
3 0.31796875 0.56875 0.08515625 0.12890625
3 0.4453125 0.6390625 0.09375 0.11875
3 0.37109375 0.7140625 0.0890625 0.128125
3 0.29921875 0.80078125 0.09765625 0.14375
3 0.9296875 0.89375 0.0640625 0.08671875
3 0.91953125 0.96484375 0.0734375 0.06953125
4 0.2703125 0.6765625 0.084375 0.11875
4 0.42265625 0.38125 0.07890625 0.11875
5 0.4734375 0.4921875 0.078125 0.10234375
5 0.19375 0.6515625 0.078125 0.11640625
5 0.33125 0.825 0.071875 0.109375
5 0.44375 0.7984375 0.07890625 0.12734375
5 0.66171875 0.62734375 0.06796875 0.096875
5 0.60390625 0.34375 0.06875 0.10625
5 0.52109375 0.1453125 0.071875 0.10546875
5 0.4421875 0.1484375 0.075 0.09140625
5 0.2125 0.04453125 0.059375 0.08359375