3 0.28671875 0.4125 0.065625 0.0828125
3 0.31484375 0.440625 0.071875 0.09453125
3 0.3203125 0.2203125 0.059375 0.0875
3 0.33046875 0.2625 0.04140625 0.059375
3 0.3484375 0.6328125 0.0671875 0.09609375
3 0.3671875 0.56953125 0.05703125 0.075
3 0.37421875 0.70625 0.0859375 0.10625
5 0.27109375 0.33671875 0.04296875 0.0609375
4 0.32578125 0.54296875 0.04921875 0.0828125
4 0.3390625 0.31640625 0.05234375 0.08671875
4 0.36484375 0.24921875 0.04453125 0.075
4 0.4140625 0.21171875 0.0546875 0.071875
4 0.38984375 0.28359375 0.05390625 0.08203125