3 0.1171875 0.54375 0.12109375 0.153125
3 0.26171875 0.17734375 0.08515625 0.1203125
3 0.5328125 0.57578125 0.11171875 0.14921875
3 0.53984375 0.7015625 0.1203125 0.13125
3 0.70703125 0.571875 0.115625 0.16796875
5 0.1625 0.2 0.065625 0.109375
5 0.08359375 0.03828125 0.0828125 0.0765625
5 0.21640625 0.3484375 0.06328125 0.10390625
5 0.68203125 0.10703125 0.075 0.11171875
5 0.21953125 0.51328125 0.08125 0.125
5 0.43203125 0.6140625 0.090625 0.13203125
5 0.71796875 0.7046875 0.10625 0.1296875
5 0.77578125 0.63203125 0.07578125 0.1125