3 0.434375 0.12109375 0.11484375 0.165625
3 0.58125 0.15625 0.14375 0.20234375
3 0.6109375 0.43515625 0.0890625 0.20859375
3 0.425 0.4578125 0.12890625 0.09296875
3 0.2859375 0.62890625 0.08671875 0.14140625
3 0.2265625 0.66875 0.08203125 0.11328125
3 0.41953125 0.6703125 0.0796875 0.13359375
3 0.53828125 0.91328125 0.1140625 0.17265625
3 0.63671875 0.86875 0.125 0.203125
3 0.75390625 0.80703125 0.10703125 0.19375
5 0.2671875 0.3265625 0.115625 0.17578125
5 0.365625 0.26328125 0.09609375 0.15625
5 0.453125 0.296875 0.084375 0.146875
5 0.54296875 0.2859375 0.09609375 0.13828125
5 0.54375 0.44765625 0.08984375 0.14375
5 0.5484375 0.628125 0.084375 0.1390625
5 0.69453125 0.6578125 0.09375 0.12890625
5 0.33046875 0.51171875 0.11015625 0.15546875
5 0.35703125 0.596875 0.1109375 0.1265625
5 0.43671875 0.50625 0.103125 0.1203125
5 0.45546875 0.57890625 0.0765625 0.10390625
4 0.69140625 0.55234375 0.10390625 0.13671875