3 0.040625 0.396875 0.08125 0.11015625
3 0.1859375 0.31484375 0.08828125 0.125
3 0.3453125 0.4546875 0.08984375 0.12265625
3 0.434375 0.49296875 0.09765625 0.1484375
3 0.5015625 0.453125 0.0703125 0.1140625
3 0.59375 0.3015625 0.0859375 0.13984375
3 0.63828125 0.36328125 0.0953125 0.1265625
3 0.5734375 0.45625 0.0828125 0.11875
3 0.51796875 0.56640625 0.1109375 0.1375
3 0.4046875 0.64453125 0.115625 0.14921875
3 0.32265625 0.715625 0.1125 0.1640625
3 0.6421875 0.96171875 0.084375 0.075
3 0.74296875 0.8875 0.09609375 0.1546875
3 0.93984375 0.82734375 0.11875 0.16875
3 0.878125 0.8921875 0.11875 0.16171875
3 0.72890625 0.33984375 0.06796875 0.10625
3 0.7890625 0.35390625 0.0765625 0.12109375
5 0.30234375 0.41953125 0.0515625 0.08203125
5 0.3 0.51875 0.0546875 0.06875
5 0.33828125 0.57265625 0.0734375 0.08828125
5 0.33046875 0.83203125 0.06484375 0.0953125
5 0.390625 0.83359375 0.059375 0.0796875
5 0.434375 0.796875 0.0640625 0.08984375
5 0.48203125 0.9234375 0.0640625 0.09453125
5 0.6375 0.89609375 0.04296875 0.075
5 0.703125 0.825 0.05859375 0.0953125
5 0.65625 0.25703125 0.06484375 0.1015625
5 0.58828125 0.14296875 0.04921875 0.0796875
5 0.634375 0.14140625 0.059375 0.08671875