3 0.26015625 0.5546875 0.05234375 0.08125
3 0.334375 0.6796875 0.059375 0.07109375
3 0.29453125 0.7515625 0.06015625 0.07578125
3 0.1171875 0.225 0.05 0.053125
3 0.365625 0.11875 0.053125 0.065625
3 0.44609375 0.315625 0.06015625 0.08125
3 0.490625 0.26796875 0.05546875 0.07578125
3 0.51640625 0.209375 0.04453125 0.059375
3 0.4734375 0.403125 0.05390625 0.071875
3 0.509375 0.7140625 0.05859375 0.08203125
3 0.52578125 0.775 0.06015625 0.05625
3 0.60078125 0.7078125 0.05 0.06875
3 0.871875 0.48984375 0.0640625 0.08203125
4 0.3890625 0.0640625 0.05234375 0.06640625
5 0.27265625 0.259375 0.03515625 0.05703125
5 0.03359375 0.15859375 0.04765625 0.06796875
5 0.23046875 0.39609375 0.0328125 0.05390625
5 0.271875 0.37421875 0.03984375 0.05703125
5 0.28203125 0.33515625 0.0296875 0.04296875
5 0.31171875 0.4203125 0.0375 0.05859375
5 0.2390625 0.4515625 0.0390625 0.0546875
5 0.2140625 0.465625 0.034375 0.053125
5 0.2734375 0.4890625 0.03046875 0.04453125
5 0.3578125 0.5140625 0.03359375 0.05
5 0.33359375 0.56875 0.034375 0.0484375
5 0.30078125 0.59609375 0.03515625 0.046875
5 0.38203125 0.590625 0.03671875 0.0546875
5 0.38203125 0.67109375 0.03984375 0.05859375
5 0.46484375 0.7296875 0.03828125 0.0640625
5 0.5875 0.7828125 0.04765625 0.065625
5 0.621875 0.75 0.03515625 0.06171875
5 0.58203125 0.48203125 0.0421875 0.06328125
5 0.5453125 0.4859375 0.03203125 0.04921875
5 0.51953125 0.4359375 0.0359375 0.05546875
5 0.54921875 0.42578125 0.03125 0.05703125
5 0.51875 0.35390625 0.03515625 0.06171875
5 0.5578125 0.2734375 0.0296875 0.053125
5 0.5390625 0.1890625 0.0421875 0.06015625
5 0.7234375 0.21796875 0.040625 0.0578125
5 0.74375 0.2453125 0.040625 0.0671875
5 0.7171875 0.26328125 0.0328125 0.0515625