3 0.346875 0.4703125 0.1328125 0.17890625
3 0.3078125 0.5828125 0.12734375 0.16875
3 0.4265625 0.525 0.10390625 0.184375
3 0.06640625 0.54140625 0.1328125 0.1625
3 0.8296875 0.25546875 0.1453125 0.20546875
5 0.0765625 0.196875 0.10234375 0.134375
5 0.05390625 0.4609375 0.1078125 0.153125
5 0.2078125 0.346875 0.09609375 0.14375
5 0.2890625 0.265625 0.0984375 0.146875
5 0.38671875 0.32734375 0.09375 0.11328125
5 0.4109375 0.39609375 0.08828125 0.11328125
5 0.7390625 0.16015625 0.096875 0.14140625
5 0.80625 0.403125 0.1015625 0.14765625
5 0.9078125 0.35625 0.08125 0.13125
5 0.92421875 0.22890625 0.08125 0.13515625
5 0.8921875 0.13984375 0.08359375 0.07578125