3 0.23984375 0.5984375 0.1140625 0.1828125
3 0.43984375 0.5953125 0.13203125 0.21953125
3 0.54921875 0.6203125 0.12109375 0.1765625
3 0.68828125 0.44765625 0.121875 0.18984375
3 0.828125 0.5265625 0.1375 0.20703125
4 0.321875 0.48359375 0.1109375 0.17265625
4 0.75 0.15 0.12734375 0.1703125
4 0.58125 0.47734375 0.09765625 0.1578125
5 0.0796875 0.48671875 0.09765625 0.15234375
5 0.1140625 0.6265625 0.09140625 0.15703125
5 0.16015625 0.9203125 0.10546875 0.15703125
5 0.24296875 0.81953125 0.09453125 0.15078125
5 0.44296875 0.74453125 0.0953125 0.14609375
5 0.5046875 0.87578125 0.10390625 0.140625
5 0.58203125 0.75625 0.090625 0.1296875
5 0.4140625 0.38515625 0.0796875 0.11171875
5 0.49453125 0.36328125 0.096875 0.140625
5 0.6296875 0.3453125 0.09453125 0.109375
5 0.7125 0.31171875 0.11015625 0.14609375
5 0.65625 0.41328125 0.06796875 0.12109375
5 0.87421875 0.27109375 0.10390625 0.1265625