3 0.11640625 0.28828125 0.05859375 0.08984375
3 0.17265625 0.371875 0.06875 0.0734375
3 0.1671875 0.4375 0.06484375 0.06640625
3 0.04453125 0.571875 0.05078125 0.06953125
3 0.0640625 0.65078125 0.0609375 0.07734375
3 0.15078125 0.69296875 0.053125 0.06171875
3 0.1046875 0.76015625 0.05234375 0.06875
3 0.23359375 0.26015625 0.06484375 0.1
3 0.2765625 0.2859375 0.0484375 0.08203125
3 0.3265625 0.2703125 0.06484375 0.10625
3 0.44140625 0.30859375 0.065625 0.09453125
3 0.42109375 0.4625 0.0578125 0.10078125
3 0.475 0.440625 0.0546875 0.1
3 0.55625 0.4875 0.05 0.07265625
3 0.57734375 0.540625 0.06484375 0.08515625
3 0.67109375 0.51328125 0.06953125 0.09765625
3 0.621875 0.4171875 0.0609375 0.09140625
3 0.684375 0.409375 0.05625 0.08359375
3 0.478125 0.053125 0.05390625 0.06484375
3 0.8515625 0.4703125 0.06796875 0.09375
3 0.91171875 0.3890625 0.065625 0.09921875
3 0.6421875 0.759375 0.0546875 0.0734375
3 0.73359375 0.5359375 0.05234375 0.06171875
5 0.01796875 0.73125 0.03515625 0.090625
5 0.053125 0.7421875 0.03828125 0.06171875
5 0.08359375 0.56953125 0.046875 0.06015625
5 0.11953125 0.603125 0.03515625 0.05078125
5 0.1828125 0.5390625 0.04375 0.07109375
5 0.09609375 0.4875 0.03984375 0.0546875
5 0.21328125 0.33125 0.04296875 0.059375
5 0.13359375 0.20546875 0.046875 0.07265625
5 0.1875 0.23671875 0.03515625 0.053125
5 0.24375 0.2 0.04375 0.071875
5 0.24140625 0.1484375 0.03671875 0.04296875
5 0.27421875 0.20234375 0.028125 0.06328125
5 0.290625 0.22578125 0.034375 0.06171875
5 0.31484375 0.2546875 0.03359375 0.059375
5 0.20546875 0.28203125 0.03359375 0.0515625
5 0.40078125 0.3484375 0.03203125 0.05
5 0.4625 0.37734375 0.0390625 0.05390625
5 0.3625 0.4203125 0.040625 0.05703125
4 0.38046875 0.4875 0.0484375 0.075
5 0.58046875 0.434375 0.040625 0.06015625
5 0.62109375 0.49140625 0.04140625 0.06640625
5 0.646875 0.37890625 0.04140625 0.05546875
5 0.68828125 0.4234375 0.04453125 0.065625
5 0.71484375 0.45859375 0.03203125 0.04765625
5 0.60546875 0.328125 0.04140625 0.04921875
5 0.6234375 0.19921875 0.0421875 0.07109375
5 0.65703125 0.23359375 0.03984375 0.06171875
5 0.7 0.30859375 0.04140625 0.06328125
5 0.7546875 0.278125 0.03046875 0.06796875
5 0.80546875 0.4859375 0.04140625 0.071875
5 0.49296875 0.76328125 0.04453125 0.0640625
5 0.584375 0.64375 0.03984375 0.053125
5 0.60078125 0.70234375 0.04296875 0.06171875
5 0.6765625 0.69296875 0.04609375 0.06796875
5 0.715625 0.66484375 0.04765625 0.0734375
5 0.73046875 0.57265625 0.0421875 0.059375
5 0.734375 0.0859375 0.05234375 0.084375
5 0.80546875 0.11015625 0.053125 0.06484375