3 0.03515625 0.7328125 0.0359375 0.0484375
3 0.08046875 0.7171875 0.01171875 0.0140625
3 0.0921875 0.7265625 0.01484375 0.0171875
3 0.10625 0.8171875 0.02265625 0.028125
3 0.190625 0.84140625 0.01640625 0.0234375
3 0.22734375 0.82578125 0.015625 0.021875
3 0.2484375 0.88125 0.021875 0.028125
3 0.315625 0.82578125 0.0125 0.01875
3 0.3265625 0.73984375 0.0203125 0.0203125
3 0.0140625 0.6234375 0.01953125 0.02578125
3 0.03046875 0.56640625 0.01484375 0.01875
3 0.04296875 0.54140625 0.01796875 0.01875
3 0.0578125 0.54375 0.0140625 0.01953125
3 0.08125 0.5578125 0.01484375 0.0171875
3 0.08828125 0.5296875 0.01328125 0.01640625
3 0.10234375 0.49921875 0.01484375 0.01796875
3 0.01796875 0.3859375 0.0125 0.01328125
3 0.028125 0.3875 0.01015625 0.01328125
3 0.01953125 0.40078125 0.0109375 0.0140625
3 0.034375 0.3453125 0.0125 0.01796875
3 0.15390625 0.4453125 0.01953125 0.02890625
3 0.1703125 0.43046875 0.0171875 0.02578125
3 0.17734375 0.4578125 0.01953125 0.03046875
3 0.20078125 0.39921875 0.0203125 0.03046875
3 0.20625 0.49140625 0.0125 0.01796875
3 0.2328125 0.49140625 0.01015625 0.02265625
3 0.21484375 0.475 0.00859375 0.01640625
3 0.346875 0.20859375 0.0203125 0.03359375
3 0.36953125 0.20625 0.0203125 0.0328125
3 0.3578125 0.26875 0.025 0.03125
3 0.38046875 0.21953125 0.01796875 0.02890625
3 0.4359375 0.17734375 0.021875 0.03203125
3 0.4953125 0.21796875 0.0109375 0.015625
3 0.51015625 0.21953125 0.01015625 0.0125
3 0.5015625 0.2296875 0.01015625 0.01328125
3 0.4890625 0.259375 0.0125 0.01875
3 0.5125 0.24921875 0.01015625 0.0140625
3 0.51484375 0.26953125 0.009375 0.0125
3 0.66875 0.221875 0.021875 0.02421875
3 0.78515625 0.053125 0.01875 0.025
3 0.796875 0.08046875 0.01953125 0.02578125
3 0.78359375 0.075 0.01640625 0.02421875
3 0.7171875 0.29765625 0.01484375 0.02265625
3 0.71015625 0.2828125 0.01484375 0.01953125
3 0.7421875 0.29609375 0.01484375 0.0203125
3 0.70703125 0.36015625 0.0171875 0.02265625
3 0.67265625 0.37734375 0.015625 0.0203125
3 0.66015625 0.38984375 0.015625 0.021875
3 0.8 0.42421875 0.0171875 0.02109375
3 0.9171875 0.38359375 0.0140625 0.0234375
3 0.85546875 0.4234375 0.009375 0.01640625
3 0.8046875 0.47265625 0.01640625 0.0234375
3 0.82109375 0.47265625 0.01328125 0.01953125
3 0.80625 0.49140625 0.01484375 0.01953125
3 0.83359375 0.4984375 0.015625 0.021875
3 0.846875 0.49453125 0.0140625 0.0171875
3 0.84375 0.47109375 0.0140625 0.0171875
3 0.73046875 0.54375 0.015625 0.02109375
3 0.74140625 0.5515625 0.01171875 0.0140625
3 0.74453125 0.55859375 0.01171875 0.0140625
3 0.7578125 0.553125 0.0125 0.01640625
3 0.753125 0.571875 0.0125 0.015625
3 0.80859375 0.60546875 0.00859375 0.01328125
3 0.815625 0.5921875 0.009375 0.0125
3 0.8078125 0.58125 0.0109375 0.01328125
3 0.79921875 0.65 0.01015625 0.015625
3 0.81015625 0.63984375 0.009375 0.015625
3 0.8890625 0.53046875 0.0125 0.0171875
3 0.88515625 0.54375 0.01328125 0.015625
3 0.90390625 0.61875 0.009375 0.01484375
3 0.9296875 0.60078125 0.01171875 0.01875
3 0.91484375 0.46875 0.01015625 0.0171875
3 0.903125 0.5046875 0.0109375 0.015625
3 0.6953125 0.6546875 0.01171875 0.0171875
3 0.7078125 0.67734375 0.01328125 0.01796875
3 0.703125 0.6328125 0.0109375 0.015625
3 0.734375 0.7 0.01171875 0.015625
3 0.7453125 0.6875 0.0125 0.01640625
3 0.71015625 0.70703125 0.0109375 0.01328125
3 0.7015625 0.71328125 0.0125 0.01171875
3 0.86953125 0.7515625 0.01015625 0.01796875
3 0.8515625 0.728125 0.009375 0.01484375
3 0.92734375 0.7015625 0.01015625 0.015625
3 0.67109375 0.81640625 0.01484375 0.0203125
3 0.68515625 0.803125 0.0109375 0.0140625
3 0.6015625 0.3265625 0.01796875 0.02421875
3 0.6140625 0.36796875 0.01875 0.028125
3 0.6390625 0.365625 0.0203125 0.02890625
3 0.59296875 0.43359375 0.01796875 0.025
3 0.62578125 0.46640625 0.01484375 0.01875
3 0.6234375 0.4875 0.01484375 0.02421875
3 0.634375 0.45859375 0.01328125 0.01796875
3 0.63125 0.42578125 0.01640625 0.0203125
3 0.61640625 0.41640625 0.01640625 0.01953125
3 0.63984375 0.49296875 0.01640625 0.02265625
3 0.64609375 0.47890625 0.0140625 0.01875
3 0.5453125 0.5 0.01640625 0.0234375
3 0.55625 0.50546875 0.01640625 0.02265625
3 0.56015625 0.47265625 0.0125 0.01953125
3 0.56796875 0.42578125 0.01484375 0.0171875
3 0.56640625 0.44765625 0.01640625 0.01875
3 0.51640625 0.43828125 0.01171875 0.01328125
3 0.52890625 0.3953125 0.01640625 0.02578125
3 0.51640625 0.315625 0.0125 0.01640625
3 0.46171875 0.303125 0.01328125 0.01328125
3 0.44921875 0.29453125 0.01171875 0.01640625
3 0.459375 0.34609375 0.0125 0.01953125
3 0.4015625 0.371875 0.01328125 0.01953125
3 0.403125 0.3875 0.01484375 0.01953125
3 0.3890625 0.37734375 0.01328125 0.01640625
3 0.371875 0.378125 0.0125 0.01640625
3 0.35546875 0.4171875 0.0125 0.01953125
3 0.3828125 0.4484375 0.01640625 0.02265625
3 0.30546875 0.403125 0.01328125 0.01875
3 0.42421875 0.52421875 0.01328125 0.02109375
3 0.4359375 0.52265625 0.01328125 0.01875
3 0.44453125 0.5140625 0.015625 0.02265625
3 0.48515625 0.56796875 0.015625 0.0171875
3 0.4765625 0.69453125 0.01328125 0.01796875
3 0.4828125 0.6796875 0.01328125 0.01640625
3 0.5375 0.65546875 0.0171875 0.02265625
3 0.44765625 0.6671875 0.01484375 0.01953125
3 0.4171875 0.6765625 0.01796875 0.01875
3 0.378125 0.66484375 0.01328125 0.01484375
3 0.39296875 0.521875 0.01953125 0.0203125
3 0.28125 0.60546875 0.0125 0.01640625
3 0.3171875 0.57421875 0.01171875 0.01796875
3 0.28046875 0.62265625 0.01328125 0.015625
3 0.2828125 0.64921875 0.01171875 0.0140625
3 0.28984375 0.68125 0.01640625 0.02578125
3 0.27578125 0.7234375 0.0125 0.015625
3 0.29375 0.7375 0.01328125 0.01484375
3 0.56796875 0.68203125 0.0109375 0.01640625
3 0.57109375 0.7 0.01328125 0.01796875
3 0.58046875 0.68671875 0.0109375 0.01484375
3 0.5625 0.690625 0.0109375 0.0125
3 0.54453125 0.76640625 0.015625 0.021875
3 0.50703125 0.825 0.009375 0.0140625
3 0.43046875 0.79140625 0.01015625 0.01328125
5 0.2296875 0.6609375 0.0125 0.01953125
5 0.2359375 0.671875 0.0125 0.01953125
5 0.25859375 0.7125 0.0125 0.01640625
5 0.26171875 0.72890625 0.0109375 0.01328125
5 0.31015625 0.66328125 0.0078125 0.0140625
5 0.3171875 0.65859375 0.009375 0.01171875
5 0.32109375 0.66953125 0.0078125 0.0109375
5 0.328125 0.6765625 0.0078125 0.01328125
5 0.321875 0.6890625 0.0078125 0.0125
5 0.33046875 0.7109375 0.009375 0.01484375
5 0.32578125 0.65546875 0.00625 0.0125
5 0.33359375 0.65234375 0.00859375 0.01171875
5 0.33203125 0.665625 0.00703125 0.009375
5 0.32109375 0.78046875 0.01171875 0.0171875
5 0.33984375 0.821875 0.009375 0.0140625
5 0.27734375 0.82890625 0.009375 0.0109375
5 0.23046875 0.81171875 0.009375 0.0140625
5 0.2109375 0.790625 0.009375 0.01328125
5 0.065625 0.525 0.0109375 0.0125
5 0.06796875 0.540625 0.01171875 0.01328125
5 0.075 0.49453125 0.01171875 0.01484375
5 0.15390625 0.39375 0.0125 0.0171875