3 0.35859375 0.6796875 0.071875 0.08359375
3 0.353125 0.74921875 0.0390625 0.06953125
3 0.4609375 0.7984375 0.04140625 0.06171875
3 0.40546875 0.61796875 0.06796875 0.096875
3 0.4953125 0.575 0.05078125 0.075
3 0.525 0.6265625 0.0453125 0.08125
3 0.5578125 0.48515625 0.0640625 0.09140625
3 0.61953125 0.5890625 0.0546875 0.08515625
3 0.65390625 0.55078125 0.05859375 0.10234375
3 0.6953125 0.578125 0.04375 0.09609375
3 0.6625 0.4765625 0.04765625 0.065625
3 0.828125 0.39140625 0.04765625 0.07109375
3 0.8125 0.3453125 0.05234375 0.05625
3 0.8640625 0.4734375 0.05390625 0.09296875
3 0.771875 0.4265625 0.053125 0.07265625
4 0.9375 0.4109375 0.046875 0.06953125
5 0.8375 0.4609375 0.04609375 0.06953125
5 0.78984375 0.4796875 0.04453125 0.06171875
5 0.671875 0.521875 0.03671875 0.053125
5 0.5453125 0.59765625 0.04921875 0.0703125
5 0.55390625 0.675 0.04765625 0.078125
5 0.59296875 0.68671875 0.04609375 0.08046875
5 0.6265625 0.646875 0.05 0.0609375
5 0.5234375 0.70078125 0.04140625 0.06953125
5 0.4734375 0.5234375 0.0390625 0.05546875
4 0.42890625 0.5625 0.05390625 0.0703125
5 0.31484375 0.53125 0.04296875 0.06171875
5 0.3046875 0.59375 0.0453125 0.059375
5 0.14609375 0.63125 0.06015625 0.071875
5 0.09375 0.73125 0.059375 0.0796875