3 0.15390625 0.25625 0.10703125 0.16640625
3 0.3046875 0.51171875 0.1203125 0.14375
3 0.2265625 0.6609375 0.10703125 0.15078125
3 0.653125 0.57265625 0.11171875 0.15703125
3 0.68671875 0.68828125 0.115625 0.14375
3 0.83515625 0.56640625 0.11328125 0.14609375
3 0.65 0.1625 0.0890625 0.1140625
5 0.11171875 0.0546875 0.0765625 0.09453125
5 0.0578125 0.07890625 0.06875 0.109375
5 0.3484375 0.17109375 0.07734375 0.0921875
5 0.303125 0.28828125 0.07578125 0.10546875
5 0.23515625 0.34453125 0.08359375 0.1078125
5 0.4 0.321875 0.07109375 0.09921875
5 0.39453125 0.4875 0.07578125 0.1125
5 0.56171875 0.60390625 0.08203125 0.13515625
5 0.74453125 0.5328125 0.06875 0.125
5 0.8078125 0.71015625 0.096875 0.13828125
5 0.88203125 0.6453125 0.0734375 0.1234375
5 0.796875 0.10625 0.06484375 0.11484375