3 0.37109375 0.259375 0.05234375 0.07890625
3 0.575 0.05859375 0.046875 0.07421875
3 0.6171875 0.17109375 0.04921875 0.06796875
3 0.671875 0.16484375 0.04765625 0.06953125
3 0.703125 0.20859375 0.05703125 0.04921875
3 0.75390625 0.23203125 0.040625 0.059375
3 0.78671875 0.18671875 0.0375 0.0546875
3 0.56015625 0.36328125 0.0484375 0.0640625
3 0.4859375 0.415625 0.0375 0.04921875
3 0.6453125 0.31796875 0.03046875 0.0546875
3 0.68828125 0.33671875 0.0359375 0.046875
3 0.6984375 0.43125 0.03046875 0.04765625
3 0.44609375 0.57265625 0.03984375 0.06328125
3 0.4890625 0.5 0.03828125 0.05234375
3 0.3890625 0.95078125 0.04296875 0.0578125
3 0.33203125 0.84921875 0.0390625 0.0484375
3 0.478125 0.9765625 0.03984375 0.04609375
4 0.31796875 0.22109375 0.0421875 0.05390625
4 0.40703125 0.259375 0.046875 0.07109375
4 0.4 0.403125 0.03125 0.046875
4 0.41796875 0.44453125 0.03984375 0.0484375
4 0.70625 0.13203125 0.0359375 0.05625
3 0.89765625 0.13828125 0.04609375 0.0625
5 0.875 0.1015625 0.03046875 0.05
5 0.946875 0.12265625 0.03515625 0.05703125
5 0.8796875 0.18671875 0.0359375 0.04765625
5 0.83046875 0.3328125 0.0359375 0.05
5 0.7296875 0.171875 0.03359375 0.05
5 0.7203125 0.08203125 0.034375 0.05234375
5 0.76640625 0.11328125 0.03359375 0.04375
5 0.63984375 0.08671875 0.0328125 0.0484375
5 0.60234375 0.078125 0.0375 0.0546875
5 0.57734375 0.26953125 0.0359375 0.04921875
5 0.32578125 0.25546875 0.03828125 0.05390625
5 0.29921875 0.14453125 0.02890625 0.0484375
5 0.32890625 0.17421875 0.03125 0.03671875
5 0.375 0.1078125 0.03203125 0.0484375