3 0.0421875 0.45 0.08359375 0.28046875
3 0.05859375 0.7953125 0.1171875 0.221875
3 0.16640625 0.35703125 0.15859375 0.209375
3 0.1625 0.52265625 0.1203125 0.21953125
3 0.1875 0.6578125 0.16171875 0.228125
3 0.2828125 0.4609375 0.15234375 0.225
3 0.41484375 0.5953125 0.13828125 0.2
3 0.38515625 0.50859375 0.1453125 0.19140625
3 0.37578125 0.25703125 0.159375 0.21953125
3 0.4578125 0.43984375 0.14765625 0.22109375
3 0.56328125 0.46953125 0.11640625 0.2015625
3 0.63828125 0.48515625 0.13828125 0.19140625
3 0.63671875 0.70859375 0.13671875 0.20546875
3 0.76484375 0.71875 0.15 0.2140625
3 0.76484375 0.1625 0.14296875 0.19453125
3 0.628125 0.246875 0.15390625 0.19296875
3 0.75 0.3484375 0.1546875 0.203125
3 0.9296875 0.56484375 0.11796875 0.20390625
3 0.8453125 0.61875 0.1453125 0.178125
4 0.5328125 0.721875 0.11171875 0.17890625
4 0.5671875 0.81484375 0.13046875 0.165625
4 0.3078125 0.87265625 0.1359375 0.16875