3 0.22578125 0.1765625 0.15703125 0.21953125
3 0.62265625 0.16640625 0.14765625 0.22109375
3 0.490625 0.23359375 0.1296875 0.19453125
3 0.5953125 0.32890625 0.140625 0.19296875
3 0.61484375 0.45859375 0.12421875 0.19140625
3 0.54375 0.453125 0.11328125 0.184375
3 0.47109375 0.46328125 0.1296875 0.203125
3 0.3984375 0.42734375 0.1203125 0.19296875
3 0.31484375 0.3953125 0.15859375 0.24296875
3 0.24765625 0.5171875 0.15703125 0.209375
3 0.215625 0.4203125 0.14296875 0.14296875
3 0.4640625 0.671875 0.134375 0.21796875
3 0.59375 0.7109375 0.1609375 0.221875
3 0.66953125 0.628125 0.15 0.2125
3 0.7546875 0.58203125 0.13671875 0.21953125
4 0.36328125 0.6671875 0.1109375 0.171875
4 0.39296875 0.7734375 0.11953125 0.17421875
4 0.2609375 0.6328125 0.11328125 0.09609375
4 0.1484375 0.75 0.115625 0.1546875