3 0.08984375 0.14609375 0.071875 0.11015625
3 0.10546875 0.353125 0.06796875 0.09296875
3 0.1046875 0.49765625 0.0796875 0.11484375
3 0.171875 0.67578125 0.08515625 0.12109375
3 0.15546875 0.7796875 0.0828125 0.08671875
3 0.121875 0.8109375 0.07734375 0.08828125
3 0.4234375 0.55234375 0.07421875 0.0953125
3 0.78203125 0.3625 0.0640625 0.1140625
3 0.74609375 0.30703125 0.0578125 0.05546875
3 0.796875 0.56796875 0.06640625 0.1015625
3 0.89921875 0.5171875 0.06875 0.10078125
5 0.13203125 0.090625 0.04609375 0.06640625
5 0.13828125 0.16328125 0.03828125 0.075
5 0.2515625 0.29921875 0.04296875 0.078125
5 0.22109375 0.259375 0.040625 0.0625
5 0.21640625 0.5140625 0.0515625 0.0796875
5 0.2640625 0.47734375 0.0453125 0.08671875
5 0.159375 0.58359375 0.04140625 0.0609375
5 0.18515625 0.57734375 0.0328125 0.078125
5 0.2265625 0.6546875 0.04140625 0.05859375
5 0.21796875 0.70859375 0.040625 0.05390625
5 0.27265625 0.80546875 0.04609375 0.07578125
5 0.6203125 0.34375 0.04921875 0.07265625
5 0.65390625 0.30234375 0.04765625 0.0796875
5 0.6359375 0.43359375 0.04140625 0.06484375
5 0.67890625 0.41328125 0.0375 0.05859375
5 0.73359375 0.38515625 0.04296875 0.08359375
5 0.88046875 0.4296875 0.0375 0.06015625
5 0.96953125 0.4328125 0.04375 0.06875
4 0.69375 0.34765625 0.0609375 0.0859375
4 0.31640625 0.790625 0.02421875 0.07578125
4 0.34375 0.86328125 0.06328125 0.08203125