3 0.50390625 0.3421875 0.07890625 0.1015625
3 0.46640625 0.43515625 0.0578125 0.09296875
3 0.6734375 0.15078125 0.065625 0.08828125
3 0.72890625 0.11796875 0.05703125 0.08203125
3 0.66796875 0.55078125 0.06328125 0.09453125
3 0.80859375 0.7203125 0.0875 0.1140625
3 0.6140625 0.86484375 0.08359375 0.11640625
3 0.7359375 0.8703125 0.07421875 0.090625
3 0.18828125 0.37421875 0.053125 0.08203125
3 0.234375 0.4453125 0.05703125 0.096875
5 0.48046875 0.73984375 0.059375 0.08984375
5 0.60546875 0.68515625 0.053125 0.08125
5 0.665625 0.68671875 0.0484375 0.07265625
5 0.6421875 0.7484375 0.065625 0.0859375
5 0.83828125 0.55 0.04609375 0.07578125