3 0.21484375 0.4546875 0.06171875 0.07421875
3 0.23828125 0.515625 0.0578125 0.0890625
3 0.27265625 0.60859375 0.06953125 0.09453125
3 0.29609375 0.684375 0.065625 0.06484375
3 0.04453125 0.95 0.07734375 0.09921875
3 0.24375 0.84375 0.0875 0.1375
3 0.3671875 0.778125 0.084375 0.115625
3 0.36484375 0.56875 0.0609375 0.1
3 0.3 0.50078125 0.0625 0.08515625
3 0.32578125 0.3890625 0.06015625 0.08203125
3 0.41640625 0.359375 0.07734375 0.10390625
3 0.425 0.2796875 0.0515625 0.084375
3 0.41171875 0.475 0.059375 0.090625
3 0.503125 0.475 0.0671875 0.109375
3 0.54609375 0.43828125 0.05390625 0.09140625
3 0.56875 0.52265625 0.05078125 0.07890625
3 0.63515625 0.41328125 0.06484375 0.09765625
3 0.6609375 0.50859375 0.06328125 0.09921875
3 0.65703125 0.596875 0.0703125 0.09453125
5 0.0203125 0.38671875 0.040625 0.0921875
5 0.0234375 0.28125 0.046875 0.0875
5 0.07890625 0.303125 0.046875 0.06875
4 0.35703125 0.2765625 0.065625 0.08828125
4 0.246875 0.38125 0.046875 0.071875
4 0.284375 0.36953125 0.03828125 0.07109375
5 0.31015625 0.30234375 0.03359375 0.05703125
5 0.3578125 0.6484375 0.0515625 0.07265625
5 0.41015625 0.7171875 0.06484375 0.08203125
5 0.4625 0.51640625 0.04921875 0.08125
5 0.4875 0.5578125 0.053125 0.0875
5 0.5265625 0.5484375 0.04375 0.059375
5 0.56171875 0.57421875 0.046875 0.06328125
5 0.60546875 0.56640625 0.03671875 0.0625
5 0.5828125 0.459375 0.0453125 0.0734375
5 0.50859375 0.3640625 0.04140625 0.05859375
5 0.38046875 0.509375 0.0578125 0.08125