3 0.27734375 0.43984375 0.06640625 0.08671875
3 0.38515625 0.490625 0.0703125 0.090625
3 0.32265625 0.6046875 0.06328125 0.09296875
3 0.490625 0.3203125 0.053125 0.08046875
3 0.56015625 0.365625 0.06875 0.10546875
3 0.62265625 0.375 0.05625 0.08984375
4 0.415625 0.43125 0.05390625 0.0625
4 0.3765625 0.58125 0.04921875 0.07890625
5 0.2546875 0.4875 0.0484375 0.0703125
5 0.29296875 0.496875 0.04609375 0.059375
5 0.33671875 0.4609375 0.0375 0.059375
5 0.3140625 0.38125 0.046875 0.05859375
5 0.33125 0.553125 0.040625 0.0640625
5 0.44375 0.475 0.0453125 0.07421875
5 0.61875 0.253125 0.0453125 0.06796875
5 0.61484375 0.3109375 0.0359375 0.05546875