3 0.1375 0.65546875 0.04921875 0.078125
3 0.13828125 0.7453125 0.053125 0.0671875
3 0.38359375 0.53828125 0.03359375 0.03203125
3 0.33203125 0.5140625 0.03125 0.0296875
3 0.42265625 0.5703125 0.0484375 0.02578125
3 0.415625 0.3546875 0.02734375 0.0734375
5 0.63828125 0.26484375 0.040625 0.06171875
5 0.58515625 0.6515625 0.03828125 0.06171875
5 0.1921875 0.55625 0.03125 0.03984375
5 0.1984375 0.3640625 0.0375 0.04140625
4 0.071875 0.45859375 0.046875 0.06171875
4 0.071875 0.5796875 0.03828125 0.04921875
4 0.171875 0.70234375 0.04453125 0.05703125
5 0.03828125 0.5828125 0.03671875 0.05234375