3 0.26171875 0.33984375 0.14609375 0.2046875
3 0.50546875 0.3484375 0.1265625 0.165625
3 0.6265625 0.265625 0.10703125 0.16171875
3 0.53125 0.7875 0.10703125 0.165625
5 0.0421875 0.09921875 0.07890625 0.125
5 0.328125 0.04140625 0.1 0.0828125
5 0.63828125 0.040625 0.0796875 0.08125
5 0.753125 0.35546875 0.08359375 0.159375
5 0.81953125 0.26640625 0.090625 0.1578125
5 0.92890625 0.24609375 0.08828125 0.1421875
5 0.61015625 0.38515625 0.09140625 0.11640625
5 0.8890625 0.42734375 0.084375 0.1359375
5 0.91015625 0.58203125 0.096875 0.14921875