3 0.11953125 0.33125 0.09765625 0.12109375
3 0.10859375 0.71484375 0.0765625 0.109375
3 0.38671875 0.3890625 0.0984375 0.12734375
3 0.5046875 0.209375 0.0828125 0.11953125
3 0.68046875 0.4921875 0.08515625 0.12421875
5 0.40390625 0.30078125 0.059375 0.09765625
5 0.1515625 0.1828125 0.059375 0.08515625
5 0.10546875 0.2296875 0.07109375 0.09375
5 0.05625 0.275 0.0828125 0.1
5 0.7390625 0.41328125 0.06015625 0.09609375
5 0.84453125 0.59375 0.07734375 0.115625
5 0.5921875 0.0546875 0.07265625 0.09453125
4 0.66875 0.0421875 0.08203125 0.084375