3 0.346875 0.5140625 0.10078125 0.14296875
3 0.45703125 0.52109375 0.090625 0.15078125
3 0.18984375 0.73984375 0.10546875 0.153125
4 0.45234375 0.4125 0.08359375 0.1125
5 0.546875 0.2125 0.08359375 0.096875
5 0.63671875 0.08125 0.06875 0.0921875
5 0.44296875 0.13046875 0.046875 0.10078125
5 0.53125 0.478125 0.0625 0.09296875
5 0.51015625 0.5734375 0.06484375 0.08515625
5 0.4015625 0.625 0.06171875 0.09375
5 0.44921875 0.63203125 0.05703125 0.09765625
5 0.4140625 0.68828125 0.053125 0.06640625
5 0.35078125 0.6796875 0.059375 0.08359375
5 0.346875 0.7421875 0.07421875 0.08125
5 0.26953125 0.71640625 0.06640625 0.12109375