3 0.3359375 0.41484375 0.0984375 0.14453125
3 0.340625 0.565625 0.084375 0.13125
3 0.30625 0.66875 0.08984375 0.1375
3 0.43046875 0.67265625 0.11640625 0.15
3 0.3640625 0.7359375 0.10703125 0.153125
3 0.5234375 0.403125 0.10625 0.1609375
3 0.47109375 0.55625 0.09765625 0.14765625
3 0.6640625 0.45625 0.10625 0.15078125
3 0.659375 0.171875 0.10703125 0.19296875
3 0.77734375 0.2125 0.10859375 0.15390625
3 0.9671875 0.07265625 0.065625 0.13984375
5 0.4375 0.21015625 0.09921875 0.1125
5 0.471875 0.309375 0.084375 0.1359375
5 0.56640625 0.52109375 0.0921875 0.15078125
4 0.63203125 0.321875 0.11640625 0.18125
4 0.73359375 0.134375 0.1109375 0.16484375