3 0.09375 0.66875 0.1125 0.13828125
3 0.36328125 0.4 0.06875 0.090625
3 0.396875 0.5046875 0.0953125 0.10703125
3 0.365625 0.31953125 0.0703125 0.07109375
3 0.43046875 0.2265625 0.06875 0.1
3 0.5 0.2625 0.0625 0.09140625
3 0.4734375 0.8109375 0.07890625 0.10546875
3 0.440625 0.89921875 0.078125 0.103125
3 0.67109375 0.95234375 0.071875 0.09453125
3 0.7453125 0.9609375 0.06640625 0.07734375
5 0.5265625 0.7640625 0.06484375 0.09609375
5 0.85625 0.90390625 0.05625 0.08125
5 0.9125 0.92109375 0.06484375 0.10703125
5 0.98125 0.95234375 0.03671875 0.0875
4 0.40859375 0.7921875 0.05234375 0.08359375