3 0.478125 0.7203125 0.1625 0.23359375
3 0.6953125 0.25625 0.15625 0.22421875
3 0.8328125 0.1625 0.159375 0.2203125
3 0.8390625 0.3234375 0.1421875 0.146875
5 0.3640625 0.3953125 0.08671875 0.14921875
5 0.42734375 0.2828125 0.07265625 0.12734375
5 0.596875 0.0953125 0.07421875 0.12890625
5 0.67890625 0.0453125 0.1265625 0.08984375
5 0.71328125 0.3796875 0.121875 0.121875
5 0.41171875 0.4859375 0.08359375 0.121875
5 0.3390625 0.51484375 0.08671875 0.121875
5 0.328125 0.6140625 0.09609375 0.14765625
5 0.4 0.6796875 0.09609375 0.14453125
5 0.4546875 0.39375 0.0625 0.103125