3 0.2515625 0.76015625 0.0375 0.0578125
3 0.28125 0.73828125 0.0421875 0.05546875
3 0.32265625 0.7859375 0.03671875 0.05546875
3 0.50546875 0.6609375 0.03828125 0.0578125
3 0.53515625 0.6859375 0.0296875 0.04921875
3 0.5640625 0.6125 0.0359375 0.05390625
3 0.60078125 0.621875 0.03828125 0.05
3 0.61015625 0.578125 0.02421875 0.03671875
3 0.63671875 0.6203125 0.0359375 0.046875
3 0.5765625 0.703125 0.0359375 0.04921875
3 0.58046875 0.7515625 0.0234375 0.04296875
3 0.6125 0.7078125 0.03125 0.05234375
3 0.6921875 0.11796875 0.03046875 0.03671875
3 0.71640625 0.146875 0.03203125 0.04921875
3 0.81328125 0.18515625 0.0390625 0.0515625
3 0.8640625 0.8078125 0.02421875 0.04140625
3 0.90234375 0.80546875 0.0234375 0.04375
3 0.87734375 0.928125 0.028125 0.0625
3 0.8421875 0.90546875 0.034375 0.0515625
3 0.81796875 0.9609375 0.04609375 0.0609375
5 0.4859375 0.4875 0.0328125 0.046875
5 0.42890625 0.36171875 0.02421875 0.034375
5 0.59453125 0.49375 0.0296875 0.03671875
5 0.621875 0.52578125 0.028125 0.04140625
5 0.63515625 0.49375 0.028125 0.04921875
5 0.48671875 0.55859375 0.02265625 0.03515625
5 0.50625 0.57890625 0.03515625 0.04765625
5 0.52890625 0.621875 0.03203125 0.05234375
5 0.478125 0.621875 0.025 0.03046875
5 0.4734375 0.65234375 0.02734375 0.0390625
5 0.60390625 0.66484375 0.03359375 0.04296875
4 0.9015625 0.70546875 0.03828125 0.05546875
4 0.9375 0.703125 0.03515625 0.046875
4 0.8125 0.796875 0.03046875 0.05
4 0.771875 0.878125 0.034375 0.05
4 0.8640625 0.86171875 0.03046875 0.0390625
4 0.89140625 0.8453125 0.0390625 0.0515625