3 0.33046875 0.2078125 0.15078125 0.203125
3 0.33046875 0.371875 0.15625 0.19296875
3 0.49609375 0.57578125 0.14609375 0.19296875
3 0.55078125 0.6625 0.153125 0.215625
3 0.421875 0.734375 0.14296875 0.21015625
3 0.575 0.39375 0.13359375 0.20703125
3 0.409375 0.51328125 0.115625 0.2
4 0.53515625 0.5015625 0.08515625 0.11328125
5 0.48359375 0.79453125 0.1140625 0.15390625
5 0.3390625 0.48671875 0.10234375 0.14453125
5 0.51171875 0.23828125 0.11171875 0.16484375
5 0.36640625 0.08359375 0.09453125 0.128125