3 0.203125 0.12109375 0.13828125 0.1921875
3 0.3359375 0.090625 0.15234375 0.17421875
3 0.4421875 0.221875 0.13125 0.16875
3 0.325 0.22109375 0.10625 0.1484375
3 0.51328125 0.5296875 0.14921875 0.20078125
3 0.6453125 0.62109375 0.1359375 0.19140625
3 0.73125 0.48828125 0.12109375 0.1875
3 0.73671875 0.2625 0.15078125 0.1890625
4 0.07578125 0.17578125 0.140625 0.1921875
4 0.0234375 0.06875 0.046875 0.1296875
5 0.1359375 0.1 0.090625 0.15546875
5 0.196875 0.265625 0.09921875 0.1375
5 0.25625 0.2421875 0.11328125 0.09921875
5 0.74140625 0.68671875 0.11484375 0.15078125