3 0.15859375 0.79921875 0.03828125 0.05859375
3 0.1640625 0.84375 0.03828125 0.04921875
3 0.19453125 0.82890625 0.04140625 0.06640625
3 0.2328125 0.81953125 0.034375 0.046875
3 0.2515625 0.8640625 0.034375 0.05703125
3 0.2828125 0.878125 0.0390625 0.0515625
3 0.2875 0.815625 0.03515625 0.04375
3 0.2796875 0.61484375 0.03984375 0.05703125
3 0.30234375 0.57421875 0.0359375 0.053125
3 0.265625 0.540625 0.0390625 0.053125
3 0.30390625 0.5296875 0.03203125 0.04609375
3 0.33984375 0.41328125 0.03671875 0.05
3 0.346875 0.43046875 0.03046875 0.04296875
3 0.3671875 0.4875 0.03671875 0.0515625
3 0.39453125 0.38125 0.03671875 0.05546875
3 0.4203125 0.409375 0.03984375 0.06171875
3 0.75234375 0.35390625 0.0359375 0.0515625
3 0.83515625 0.25625 0.03671875 0.0515625
3 0.8640625 0.24140625 0.03046875 0.0515625
3 0.903125 0.54296875 0.0453125 0.06328125
3 0.81015625 0.615625 0.040625 0.053125
3 0.8671875 0.6171875 0.03515625 0.05234375
3 0.51875 0.39453125 0.03671875 0.04609375
3 0.5328125 0.54375 0.03203125 0.046875
5 0.1265625 0.70703125 0.03671875 0.05390625
5 0.15859375 0.71015625 0.034375 0.0484375
5 0.19921875 0.709375 0.0296875 0.0421875
5 0.22890625 0.7140625 0.0328125 0.0484375
5 0.21171875 0.74609375 0.025 0.03828125
5 0.22890625 0.778125 0.03515625 0.04609375
4 0.1953125 0.77734375 0.03203125 0.03515625
4 0.15625 0.7515625 0.0328125 0.0421875
5 0.28984375 0.74375 0.0265625 0.04140625
5 0.3046875 0.790625 0.02421875 0.03671875
5 0.32109375 0.83203125 0.02734375 0.04140625
5 0.3 0.85078125 0.02421875 0.034375
5 0.2953125 0.92734375 0.02890625 0.03828125
5 0.23125 0.88203125 0.025 0.0359375
5 0.33359375 0.58984375 0.034375 0.05
5 0.28359375 0.46171875 0.03046875 0.04453125
5 0.2890625 0.41875 0.0234375 0.04296875
5 0.26484375 0.5046875 0.02421875 0.03515625
5 0.28828125 0.5 0.0265625 0.0453125
4 0.328125 0.45078125 0.0328125 0.04609375
5 0.81953125 0.55625 0.03046875 0.04609375
5 0.80390625 0.525 0.02578125 0.03671875
5 0.83203125 0.52734375 0.02109375 0.034375
5 0.91796875 0.45546875 0.025 0.0359375
5 0.73671875 0.5515625 0.03046875 0.046875
5 0.75859375 0.57578125 0.02578125 0.0375