3 0.13671875 0.46953125 0.08203125 0.11796875
3 0.05234375 0.7328125 0.08203125 0.11015625
3 0.34296875 0.48125 0.0671875 0.09765625
3 0.325 0.54609375 0.059375 0.084375
3 0.42421875 0.64609375 0.05546875 0.08984375
3 0.4640625 0.5046875 0.0640625 0.06875
3 0.3140625 0.10546875 0.071875 0.08359375
3 0.2890625 0.0328125 0.07578125 0.06484375
3 0.40625 0.265625 0.06640625 0.096875
3 0.42734375 0.35390625 0.0484375 0.08828125
3 0.51171875 0.38515625 0.0578125 0.09453125
3 0.578125 0.390625 0.05234375 0.08359375
3 0.6171875 0.4515625 0.065625 0.084375
3 0.63515625 0.3375 0.04765625 0.07734375
3 0.68984375 0.39921875 0.06328125 0.07734375
3 0.696875 0.28671875 0.053125 0.07578125
3 0.746875 0.66171875 0.0515625 0.09765625
3 0.79453125 0.67890625 0.07421875 0.0953125
5 0.8125 0.3875 0.04140625 0.0734375
5 0.79921875 0.4625 0.046875 0.0796875
5 0.2734375 0.52109375 0.0453125 0.07265625
5 0.24375 0.49140625 0.05078125 0.0609375
5 0.284375 0.3953125 0.0421875 0.05546875
5 0.32109375 0.35390625 0.034375 0.05390625
5 0.3609375 0.3828125 0.0484375 0.0671875
5 0.31875 0.2234375 0.06328125 0.06953125
5 0.35234375 0.28671875 0.04921875 0.0734375
5 0.46640625 0.33984375 0.06171875 0.0921875
5 0.3734375 0.12734375 0.03984375 0.05390625
5 0.4359375 0.15234375 0.0484375 0.06015625
5 0.471875 0.1265625 0.0328125 0.05625
5 0.55234375 0.3015625 0.05546875 0.08828125
5 0.73359375 0.17109375 0.0578125 0.084375
5 0.79375 0.103125 0.0546875 0.07578125