3 0.4203125 0.56796875 0.05078125 0.078125
3 0.4484375 0.5375 0.05078125 0.08125
3 0.496875 0.546875 0.053125 0.08515625
3 0.525 0.47578125 0.0453125 0.06484375
3 0.3203125 0.81484375 0.040625 0.065625
3 0.12578125 0.7484375 0.046875 0.05078125
3 0.54375 0.7015625 0.03984375 0.06171875
5 0.38359375 0.50625 0.0328125 0.04921875
5 0.37734375 0.56328125 0.03671875 0.04609375
5 0.36328125 0.64453125 0.0328125 0.0484375
5 0.390625 0.63828125 0.0328125 0.04921875
5 0.51953125 0.48203125 0.0265625 0.04140625
5 0.5140625 0.8234375 0.03203125 0.05
5 0.48828125 0.909375 0.0375 0.0546875
4 0.084375 0.71484375 0.0359375 0.04921875